1.000000000 0.000000000 0.000000000 0.000000000 -0.000000000 0.000000000 1.000000000 0.000000000 -0.000000000 -1.000000000 0.000000000 -0.000000000
0.999950000 -0.009999833 0.000000000 0.000000000 -0.000000000 0.000000000 1.000000000 0.000000000 -0.009999833 -0.999950000 0.000000000 -0.000000000
0.999950000 -0.009999833 0.000000000 0.000000000 -0.000000000 0.000000000 1.000000000 0.000000000 -0.009999833 -0.999950000 0.000000000 -0.000000000
0.999950000 -0.009999833 0.000000000 0.000000000 -0.000000000 0.000000000 1.000000000 0.000000000 -0.009999833 -0.999950000 0.000000000 -0.000000000
1.000000000 0.000000000 0.000000000 -0.001085100 -0.000000000 0.000000000 1.000000000 -0.000964446 -0.000000000 -1.000000000 0.000000000 -0.000246746
1.000000000 0.000000000 0.000000000 -0.000156143 -0.000000000 0.000000000 1.000000000 -0.000964446 -0.000000000 -1.000000000 0.000000000 -0.000523712
1.000000000 0.000000000 0.000000000 -0.001085100 -0.000000000 0.000000000 1.000000000 -0.000964446 -0.000000000 -1.000000000 0.000000000 -0.000246746
1.000000000 0.000000000 0.000000000 -0.001085100 -0.000000000 0.000000000 1.000000000 -0.000964446 -0.000000000 -1.000000000 0.000000000 -0.000246746
1.000000000 0.000000000 0.000000000 -0.001241242 -0.000000000 0.000000000 1.000000000 -0.001928890 -0.000000000 -1.000000000 0.000000000 -0.000770456
1.000000000 0.000000000 0.000000000 -0.001241242 -0.000000000 0.000000000 1.000000000 -0.001928890 -0.000000000 -1.000000000 0.000000000 -0.000770456
0.999950000 -0.009999833 0.000000000 -0.001241242 -0.000000000 0.000000000 1.000000000 -0.001928890 -0.009999833 -0.999950000 0.000000000 -0.000770456
0.999950000 -0.009999833 0.000000000 -0.001241242 -0.000000000 0.000000000 1.000000000 -0.001928890 -0.009999833 -0.999950000 0.000000000 -0.000770456
1.000000000 0.000000000 0.000000000 -0.001241242 -0.000000000 0.000000000 1.000000000 -0.001928890 -0.000000000 -1.000000000 0.000000000 -0.000770456
0.999950000 -0.009999833 0.000000000 0.001244599 -0.000000000 0.000000000 1.000000000 -0.006858837 -0.009999833 -0.999950000 0.000000000 0.007567181
0.999950000 -0.009999333 0.000099997 0.000315644 -0.000000000 0.009999833 0.999950000 -0.006858837 -0.009999833 -0.999900003 0.009999333 0.007844146
0.999950000 -0.009999333 0.000099997 0.000315644 -0.000000000 0.009999833 0.999950000 -0.006858837 -0.009999833 -0.999900003 0.009999333 0.007844146
0.999950000 -0.009999333 0.000099997 0.001244599 -0.000000000 0.009999833 0.999950000 -0.006858837 -0.009999833 -0.999900003 0.009999333 0.007567181
0.999950000 -0.009999333 0.000099997 0.000159501 -0.000000000 0.009999833 0.999950000 -0.007823281 -0.009999833 -0.999900003 0.009999333 0.007320436
0.999950000 -0.009999333 0.000099997 0.000159501 -0.000000000 0.009999833 0.999950000 -0.007823281 -0.009999833 -0.999900003 0.009999333 0.007320436
0.999950000 -0.009999333 0.000099997 0.000159501 -0.000000000 0.009999833 0.999950000 -0.007823281 -0.009999833 -0.999900003 0.009999333 0.007320436
0.999950000 -0.009997833 0.000199983 0.000159501 -0.000000000 0.019998667 0.999800007 -0.007823281 -0.009999833 -0.999750017 0.019997667 0.007320436
0.999950000 -0.009999333 0.000099997 0.000159501 -0.000000000 0.009999833 0.999950000 -0.007823281 -0.009999833 -0.999900003 0.009999333 0.007320436
0.999950000 -0.009999333 0.000099997 0.000159501 -0.000000000 0.009999833 0.999950000 -0.007823281 -0.009999833 -0.999900003 0.009999333 0.007320436
0.999950000 -0.009997833 0.000199983 0.000159501 -0.000000000 0.019998667 0.999800007 -0.007823281 -0.009999833 -0.999750017 0.019997667 0.007320436
0.999950000 -0.009997833 0.000199983 0.000315644 -0.000000000 0.019998667 0.999800007 -0.006858837 -0.009999833 -0.999750017 0.019997667 0.007844146
0.999950000 -0.009999333 0.000099997 0.000315644 -0.000000000 0.009999833 0.999950000 -0.006858837 -0.009999833 -0.999900003 0.009999333 0.007844146
0.999950000 -0.009999333 0.000099997 -0.000613311 -0.000000000 0.009999833 0.999950000 -0.006858837 -0.009999833 -0.999900003 0.009999333 0.008121111
0.999950000 -0.009999333 0.000099997 -0.000613311 -0.000000000 0.009999833 0.999950000 -0.006858837 -0.009999833 -0.999900003 0.009999333 0.008121111
0.999950000 -0.009999833 0.000000000 -0.000457168 -0.000000000 0.000000000 1.000000000 -0.005894392 -0.009999833 -0.999950000 0.000000000 0.008644823
0.999950000 -0.009999333 0.000099997 -0.000613311 -0.000000000 0.009999833 0.999950000 -0.006858837 -0.009999833 -0.999900003 0.009999333 0.008121111
0.999950000 -0.009999333 0.000099997 -0.000613311 -0.000000000 0.009999833 0.999950000 -0.006858837 -0.009999833 -0.999900003 0.009999333 0.008121111
0.999950000 -0.009999333 0.000099997 -0.001386124 -0.000000000 0.009999833 0.999950000 -0.005894392 -0.009999833 -0.999900003 0.009999333 0.008921788
0.999950000 -0.009997833 -0.000199983 -0.001386124 -0.000000000 -0.019998667 0.999800007 -0.005894392 -0.009999833 -0.999750017 -0.019997667 0.008921788
0.999950000 -0.009999333 -0.000099997 -0.001386124 -0.000000000 -0.009999833 0.999950000 -0.005894392 -0.009999833 -0.999900003 -0.009999333 0.008921788
0.999950000 -0.009999333 -0.000099997 -0.001386124 -0.000000000 -0.009999833 0.999950000 -0.005894392 -0.009999833 -0.999900003 -0.009999333 0.008921788
0.999950000 -0.009999333 -0.000099997 -0.001386124 -0.000000000 -0.009999833 0.999950000 -0.005894392 -0.009999833 -0.999900003 -0.009999333 0.008921788
0.999950000 -0.009999333 -0.000099997 -0.001386124 -0.000000000 -0.009999833 0.999950000 -0.005894392 -0.009999833 -0.999900003 -0.009999333 0.008921788
0.999950000 -0.009999333 -0.000099997 -0.002158936 -0.000000000 -0.009999833 0.999950000 -0.004929947 -0.009999833 -0.999900003 -0.009999333 0.009722465
0.999950000 -0.009999333 -0.000099997 -0.002158936 -0.000000000 -0.009999833 0.999950000 -0.004929947 -0.009999833 -0.999900003 -0.009999333 0.009722465
0.999950000 -0.009999333 -0.000099997 -0.003087892 -0.000000000 -0.009999833 0.999950000 -0.004929947 -0.009999833 -0.999900003 -0.009999333 0.009999431
0.999950000 -0.009999833 0.000000000 -0.002158936 -0.000000000 0.000000000 1.000000000 -0.004929947 -0.009999833 -0.999950000 0.000000000 0.009722465
0.999950000 -0.009999333 -0.000099997 -0.003087892 -0.000000000 -0.009999833 0.999950000 -0.004929947 -0.009999833 -0.999900003 -0.009999333 0.009999431
0.999900003 -0.009899342 -0.010098830 -0.003087892 0.009999833 -0.009999333 0.999900003 -0.004929947 -0.009999333 -0.999901003 -0.010000333 0.009999431
0.999950000 -0.009999333 -0.000099997 -0.003087892 -0.000000000 -0.009999833 0.999950000 -0.004929947 -0.009999833 -0.999900003 -0.009999333 0.009999431
0.999950000 -0.009999333 -0.000099997 -0.002931750 -0.000000000 -0.009999833 0.999950000 -0.003965502 -0.009999833 -0.999900003 -0.009999333 0.010523141
0.999950000 -0.009999333 -0.000099997 -0.003860705 -0.000000000 -0.009999833 0.999950000 -0.003965502 -0.009999833 -0.999900003 -0.009999333 0.010800106
0.999750017 -0.009999833 -0.019997667 -0.004016847 0.019998667 0.000000000 0.999800007 -0.004929947 -0.009997833 -0.999950000 0.000000000 0.010276396
0.999600053 -0.020197610 -0.019793684 -0.001374864 0.019998667 0.009997833 0.999750017 -0.008895449 -0.019994667 -0.999746018 0.010001833 0.019137745
0.999150147 -0.010797527 -0.039779354 -0.003244036 0.039989334 0.019982670 0.999000273 -0.005894392 -0.009991835 -0.999742020 0.020005664 0.009475718
0.998150630 -0.012389635 -0.059513159 -0.003244036 0.059964006 0.039917375 0.997402086 -0.005894392 -0.009981839 -0.999126168 0.040011314 0.009475718
0.995902936 -0.016261391 -0.088954537 -0.003244036 0.089878549 0.069659770 0.993513645 -0.005894392 -0.009959361 -0.997438261 0.070002213 0.009475718
0.995504588 -0.037078951 -0.087153697 -0.002315079 0.089878549 0.079591258 0.992767384 -0.005894392 -0.029874100 -0.996137733 0.080094181 0.009198753
0.994805171 -0.022983622 -0.099168668 -0.002315079 0.099833417 0.029845648 0.994556447 -0.005894392 -0.019898757 -0.999290243 0.030049388 0.009198753
0.997102136 -0.033452126 -0.068324854 -0.003244036 0.069942847 0.049856770 0.996304321 -0.005894392 -0.029922041 -0.998196002 0.050061535 0.009475718
0.995504588 -0.036205574 -0.087520123 -0.002315079 0.089878549 0.069659770 0.993513645 -0.005894392 -0.029874100 -0.996913573 0.070099938 0.009198753
0.993757313 -0.024371753 -0.108868819 -0.001386124 0.109778301 0.039747643 0.993161039 -0.005894392 -0.019877797 -0.998912480 0.040069130 0.008921788
0.991115724 -0.035153157 -0.128272665 -0.001386124 0.129634143 0.039651900 0.990768750 -0.005894392 -0.029742395 -0.998595004 0.040126837 0.008921788
0.993508851 -0.035442173 -0.108092622 -0.001386124 0.109778301 0.049677100 0.992713912 -0.005894392 -0.029814210 -0.998136282 0.050121254 0.008921788
0.997501123 -0.014175683 -0.069213867 -0.002315079 0.069942847 0.059817155 0.995755947 -0.005894392 -0.009975344 -0.998108690 0.060002948 0.009198753
0.998000906 -0.022970025 -0.058877573 -0.001386124 0.059964006 0.049889234 0.996953049 -0.005894392 -0.019962680 -0.998490582 0.050029109 0.008921788
0.996751867 -0.014773605 -0.079167272 -0.001386124 0.079914694 0.059772224 0.995008001 -0.005894392 -0.009967851 -0.998102711 0.060008928 0.008921788
0.997501123 -0.014175683 -0.069213867 -0.001386124 0.069942847 0.059817155 0.995755947 -0.005894392 -0.009975344 -0.998108690 0.060002948 0.008921788
0.999600053 -0.020972990 -0.018970162 -0.001386124 0.019998667 0.049969174 0.998550517 -0.005894392 -0.019994667 -0.998530528 0.049989163 0.008921788
0.999600053 -0.020972990 -0.018970162 -0.001229981 0.019998667 0.049969174 0.998550517 -0.004929947 -0.019994667 -0.998530528 0.049989163 0.009445500
0.997501123 -0.014867101 -0.069068652 -0.001386124 0.069942847 0.069771557 0.995107998 -0.005894392 -0.009975344 -0.997452204 0.069988269 0.008921788
0.997351497 -0.024840713 -0.068358840 0.002184816 0.069942847 0.069771557 0.995107998 -0.009859893 -0.019949690 -0.997253663 0.070026693 0.017506174
0.998550517 -0.022959032 -0.048680056 0.001412003 0.049979169 0.059889067 0.996953049 -0.008895449 -0.019973674 -0.997940971 0.060011949 0.018306850
0.998700323 -0.013470854 -0.049154861 0.001255860 0.049979169 0.069855437 0.996304321 -0.009859893 -0.009987336 -0.997466167 0.069974306 0.017783139
0.997351497 -0.024155894 -0.068603825 0.002184816 0.069942847 0.059817155 0.995755947 -0.009859893 -0.019949690 -0.997917031 0.060035890 0.017506174
0.997351497 -0.024155894 -0.068603825 0.002184816 0.069942847 0.059817155 0.995755947 -0.009859893 -0.019949690 -0.997917031 0.060035890 0.017506174
0.998000906 -0.024142905 -0.058406428 0.002184816 0.059964006 0.069816988 0.995755947 -0.009859893 -0.019962680 -0.997267621 0.070012735 0.017506174
0.998000906 -0.024142905 -0.058406428 0.002184816 0.059964006 0.069816988 0.995755947 -0.009859893 -0.019962680 -0.997267621 0.070012735 0.017506174
0.997351497 -0.024155894 -0.068603825 0.003113771 0.069942847 0.059817155 0.995755947 -0.009859893 -0.019949690 -0.997917031 0.060035890 0.017229209
0.997351497 -0.024155894 -0.068603825 0.003113771 0.069942847 0.059817155 0.995755947 -0.009859893 -0.019949690 -0.997917031 0.060035890 0.017229209
0.998000906 -0.024142905 -0.058406428 0.003113771 0.059964006 0.069816988 0.995755947 -0.009859893 -0.019962680 -0.997267621 0.070012735 0.017229209
0.998000906 -0.023557643 -0.058644933 0.003113771 0.059964006 0.059856104 0.996404318 -0.009859893 -0.019962680 -0.997928998 0.060023923 0.017229209
0.998000906 -0.024142905 -0.058406428 0.004042726 0.059964006 0.069816988 0.995755947 -0.009859893 -0.019962680 -0.997267621 0.070012735 0.016952244
0.997351497 -0.024840713 -0.068358840 0.003886583 0.069942847 0.069771557 0.995107998 -0.010824339 -0.019949690 -0.997253663 0.070026693 0.016428532
0.998000906 -0.023557643 -0.058644933 0.003113771 0.059964006 0.059856104 0.996404318 -0.009859893 -0.019962680 -0.997928998 0.060023923 0.017229209
0.998550517 -0.023444676 -0.048448036 0.004042726 0.049979169 0.069855437 0.996304321 -0.009859893 -0.019973674 -0.997281588 0.069998768 0.016952244
0.998000906 -0.024142905 -0.058406428 0.002957628 0.059964006 0.069816988 0.995755947 -0.010824339 -0.019962680 -0.997267621 0.070012735 0.016705497
0.997351497 -0.024155894 -0.068603825 0.003886583 0.069942847 0.059817155 0.995755947 -0.010824339 -0.019949690 -0.997917031 0.060035890 0.016428532
0.997351497 -0.024840713 -0.068358840 0.006372424 0.069942847 0.069771557 0.995107998 -0.015754285 -0.019949690 -0.997253663 0.070026693 0.024766171
0.997351497 -0.024840713 -0.068358840 0.005287326 0.069942847 0.069771557 0.995107998 -0.016718730 -0.019949690 -0.997253663 0.070026693 0.024519425
0.997351497 -0.024155894 -0.068603825 0.006216281 0.069942847 0.059817155 0.995755947 -0.016718730 -0.019949690 -0.997917031 0.060035890 0.024242460
0.997351497 -0.024155894 -0.068603825 0.006216281 0.069942847 0.059817155 0.995755947 -0.016718730 -0.019949690 -0.997917031 0.060035890 0.024242460
0.997751383 -0.034114207 -0.057692268 0.007145237 0.059964006 0.069816988 0.995755947 -0.016718730 -0.029941524 -0.996976333 0.070037178 0.023965494
0.997751383 -0.034114207 -0.057692268 0.006216281 0.059964006 0.069816988 0.995755947 -0.016718730 -0.029941524 -0.996976333 0.070037178 0.024242460
0.997102136 -0.034133691 -0.067986922 0.007145237 0.069942847 0.059817155 0.995755947 -0.016718730 -0.029922041 -0.997625581 0.060062827 0.023965494
0.997102136 -0.034811842 -0.067642192 0.006060138 0.069942847 0.069771557 0.995107998 -0.017683175 -0.029922041 -0.996955398 0.070058113 0.023718748
0.997102136 -0.034811842 -0.067642192 0.006060138 0.069942847 0.069771557 0.995107998 -0.017683175 -0.029922041 -0.996955398 0.070058113 0.023718748
0.997751383 -0.034114207 -0.057692268 0.005287326 0.059964006 0.069816988 0.995755947 -0.016718730 -0.029941524 -0.996976333 0.070037178 0.024519425
0.997751383 -0.034114207 -0.057692268 0.005287326 0.059964006 0.069816988 0.995755947 -0.016718730 -0.029941524 -0.996976333 0.070037178 0.024519425
0.997102136 -0.034811842 -0.067642192 0.002801485 0.069942847 0.069771557 0.995107998 -0.011788784 -0.029922041 -0.996955398 0.070058113 0.016181786
0.997102136 -0.034811842 -0.067642192 0.002801485 0.069942847 0.069771557 0.995107998 -0.011788784 -0.029922041 -0.996955398 0.070058113 0.016181786
0.998000906 -0.024142905 -0.058406428 0.001872530 0.059964006 0.069816988 0.995755947 -0.011788784 -0.019962680 -0.997267621 0.070012735 0.016458751
0.998000906 -0.024142905 -0.058406428 0.001872530 0.059964006 0.069816988 0.995755947 -0.011788784 -0.019962680 -0.997267621 0.070012735 0.016458751
0.998000906 -0.024142905 -0.058406428 0.001872530 0.059964006 0.069816988 0.995755947 -0.011788784 -0.019962680 -0.997267621 0.070012735 0.016458751
0.998000906 -0.024142905 -0.058406428 0.001872530 0.059964006 0.069816988 0.995755947 -0.011788784 -0.019962680 -0.997267621 0.070012735 0.016458751
0.998000906 -0.024142905 -0.058406428 0.001872530 0.059964006 0.069816988 0.995755947 -0.011788784 -0.019962680 -0.997267621 0.070012735 0.016458751
0.998000906 -0.024142905 -0.058406428 0.001872530 0.059964006 0.069816988 0.995755947 -0.011788784 -0.019962680 -0.997267621 0.070012735 0.016458751
0.998000906 -0.024142905 -0.058406428 0.001872530 0.059964006 0.069816988 0.995755947 -0.011788784 -0.019962680 -0.997267621 0.070012735 0.016458751
0.997751383 -0.034114207 -0.057692268 0.002645342 0.059964006 0.069816988 0.995755947 -0.012753228 -0.029941524 -0.996976333 0.070037178 0.015658075
0.998000906 -0.024142905 -0.058406428 0.003574297 0.059964006 0.069816988 0.995755947 -0.012753228 -0.019962680 -0.997267621 0.070012735 0.015381110
0.998000906 -0.024142905 -0.058406428 0.003574297 0.059964006 0.069816988 0.995755947 -0.012753228 -0.019962680 -0.997267621 0.070012735 0.015381110
0.998000906 -0.024142905 -0.058406428 0.002645342 0.059964006 0.069816988 0.995755947 -0.012753228 -0.019962680 -0.997267621 0.070012735 0.015658075
0.998550517 -0.023444676 -0.048448036 0.002645342 0.049979169 0.069855437 0.996304321 -0.012753228 -0.019973674 -0.997281588 0.069998768 0.015658075
0.998000906 -0.024142905 -0.058406428 0.003418154 0.059964006 0.069816988 0.995755947 -0.013717673 -0.019962680 -0.997267621 0.070012735 0.014857398
0.998000906 -0.024142905 -0.058406428 0.006832952 0.059964006 0.069816988 0.995755947 -0.018647620 -0.019962680 -0.997267621 0.070012735 0.022918071
0.998000906 -0.024142905 -0.058406428 0.003262011 0.059964006 0.069816988 0.995755947 -0.014682117 -0.019962680 -0.997267621 0.070012735 0.014333686
0.998550517 -0.023444676 -0.048448036 0.005747852 0.049979169 0.069855437 0.996304321 -0.019612064 -0.019973674 -0.997281588 0.069998768 0.022671324
0.998550517 -0.023444676 -0.048448036 0.003418154 0.049979169 0.069855437 0.996304321 -0.013717673 -0.019973674 -0.997281588 0.069998768 0.014857398
0.998000906 -0.024142905 -0.058406428 0.003262011 0.059964006 0.069816988 0.995755947 -0.014682117 -0.019962680 -0.997267621 0.070012735 0.014333686
0.998550517 -0.023444676 -0.048448036 0.003262011 0.049979169 0.069855437 0.996304321 -0.014682117 -0.019973674 -0.997281588 0.069998768 0.014333686
0.998550517 -0.023444676 -0.048448036 0.003262011 0.049979169 0.069855437 0.996304321 -0.014682117 -0.019973674 -0.997281588 0.069998768 0.014333686
0.998550517 -0.023444676 -0.048448036 0.003262011 0.049979169 0.069855437 0.996304321 -0.014682117 -0.019973674 -0.997281588 0.069998768 0.014333686
0.998550517 -0.023444676 -0.048448036 0.003105868 0.049979169 0.069855437 0.996304321 -0.015646563 -0.019973674 -0.997281588 0.069998768 0.013809974
0.998550517 -0.023444676 -0.048448036 0.002176913 0.049979169 0.069855437 0.996304321 -0.015646563 -0.019973674 -0.997281588 0.069998768 0.014086939
0.998550517 -0.023444676 -0.048448036 0.002020770 0.049979169 0.069855437 0.996304321 -0.016611008 -0.019973674 -0.997281588 0.069998768 0.013563229
0.998550517 -0.023444676 -0.048448036 0.002333056 0.049979169 0.069855437 0.996304321 -0.014682117 -0.019973674 -0.997281588 0.069998768 0.014610651
0.998550517 -0.023444676 -0.048448036 0.002176913 0.049979169 0.069855437 0.996304321 -0.015646563 -0.019973674 -0.997281588 0.069998768 0.014086939
0.998550517 -0.023444676 -0.048448036 0.001404101 0.049979169 0.069855437 0.996304321 -0.014682117 -0.019973674 -0.997281588 0.069998768 0.014887616
0.998550517 -0.023444676 -0.048448036 0.001247958 0.049979169 0.069855437 0.996304321 -0.015646563 -0.019973674 -0.997281588 0.069998768 0.014363904
0.998550517 -0.023444676 -0.048448036 0.000319002 0.049979169 0.069855437 0.996304321 -0.015646563 -0.019973674 -0.997281588 0.069998768 0.014640870
0.998550517 -0.023444676 -0.048448036 0.000162859 0.049979169 0.069855437 0.996304321 -0.016611008 -0.019973674 -0.997281588 0.069998768 0.014117159
0.998700323 -0.013470854 -0.049154861 0.000162859 0.049979169 0.069855437 0.996304321 -0.016611008 -0.009987336 -0.997466167 0.069974306 0.014117159
0.998700323 -0.013470854 -0.049154861 0.000162859 0.049979169 0.069855437 0.996304321 -0.016611008 -0.009987336 -0.997466167 0.069974306 0.014117159
0.998550517 -0.023444676 -0.048448036 0.000162859 0.049979169 0.069855437 0.996304321 -0.016611008 -0.019973674 -0.997281588 0.069998768 0.014117159
0.998550517 -0.023444676 -0.048448036 0.000006716 0.049979169 0.069855437 0.996304321 -0.017575452 -0.019973674 -0.997281588 0.069998768 0.013593448
0.998550517 -0.023444676 -0.048448036 0.000319002 0.049979169 0.069855437 0.996304321 -0.015646563 -0.019973674 -0.997281588 0.069998768 0.014640870
0.998550517 -0.023444676 -0.048448036 0.000319002 0.049979169 0.069855437 0.996304321 -0.015646563 -0.019973674 -0.997281588 0.069998768 0.014640870
0.998550517 -0.023444676 -0.048448036 -0.000609953 0.049979169 0.069855437 0.996304321 -0.015646563 -0.019973674 -0.997281588 0.069998768 0.014917835
0.998550517 -0.023444676 -0.048448036 -0.000609953 0.049979169 0.069855437 0.996304321 -0.015646563 -0.019973674 -0.997281588 0.069998768 0.014917835
0.998550517 -0.023444676 -0.048448036 -0.000609953 0.049979169 0.069855437 0.996304321 -0.015646563 -0.019973674 -0.997281588 0.069998768 0.014917835
0.999000273 -0.022746098 -0.038484659 -0.000766095 0.039989334 0.069886901 0.996753066 -0.016611008 -0.019982670 -0.997295561 0.069984795 0.014394124
0.998750500 -0.032338366 -0.038100763 -0.001695052 0.039989334 0.059916042 0.997402086 -0.016611008 -0.029971507 -0.997679457 0.060008952 0.014671090
0.998750500 -0.032338366 -0.038100763 0.000790789 0.039989334 0.059916042 0.997402086 -0.021540955 -0.029971507 -0.997679457 0.060008952 0.023008728
0.998300856 -0.032937127 -0.048068135 -0.000766095 0.049979169 0.059889067 0.996953049 -0.016611008 -0.029958014 -0.997661488 0.060026920 0.014394124
0.998550517 -0.022959032 -0.048680056 -0.000922238 0.049979169 0.059889067 0.996953049 -0.017575452 -0.019973674 -0.997940971 0.060011949 0.013870413
0.999000273 -0.022360121 -0.038710192 -0.001695052 0.039989334 0.059916042 0.997402086 -0.016611008 -0.019982670 -0.997952951 0.059999969 0.014671090
0.999000273 -0.022360121 -0.038710192 -0.001851195 0.039989334 0.059916042 0.997402086 -0.017575452 -0.019982670 -0.997952951 0.059999969 0.014147379
0.999150147 -0.012379640 -0.039315749 -0.000766095 0.039989334 0.059916042 0.997402086 -0.016611008 -0.009991835 -0.998126652 0.059984987 0.014394124
0.999150147 -0.012772172 -0.039189989 -0.000766095 0.039989334 0.069886901 0.996753066 -0.016611008 -0.009991835 -0.997473154 0.069967319 0.014394124
0.999150147 0.006365358 -0.040724266 -0.001070480 0.039989334 0.089806656 0.995156077 -0.012753228 0.009991835 -0.995938877 0.089838114 0.016765935
0.998750500 0.025426225 -0.043022613 -0.000289766 0.039989334 0.109690490 0.993161039 -0.007931004 0.029971507 -0.993640530 0.109597225 0.019384491
0.996753066 0.063691956 -0.049261145 0.000959377 0.039989334 0.139431495 0.989423929 -0.000215444 0.069886901 -0.988181255 0.138811076 0.023574182
0.993161039 0.102605795 -0.055706384 0.005318933 0.039989334 0.149318598 0.987980167 0.006427948 0.109690490 -0.983451070 0.147878915 0.038196356
0.981562366 0.182336407 -0.057347673 0.006736665 0.029995500 0.149370890 0.988326164 0.035469017 0.188773915 -0.971823941 0.145902324 0.042951500
0.963337232 0.259416255 -0.068444023 0.008774425 0.029995500 0.149370890 0.988326164 0.053793471 0.266611417 -0.954144404 0.142828507 0.053178980
0.904344556 0.417101100 -0.090485341 0.015020141 0.029995500 0.149370890 0.988326164 0.092371267 0.425747807 -0.896501539 0.133295137 0.074127431
0.239885201 -0.960949582 0.137952857 0.016901757 0.029995500 0.149370890 0.988326164 0.109731275 -0.970337756 -0.232946856 0.040215604 0.083831200
0.481277620 -0.869889427 0.108001102 0.023467663 0.029995500 0.139480325 0.989770432 0.156024630 -0.876054863 -0.473114811 0.070857734 0.109246308
0.590930916 -0.799344306 0.108854646 0.025973851 0.019998667 0.149408246 0.988573330 0.177242418 -0.806474244 -0.582001595 0.090735958 0.121044921
0.697687173 -0.710309203 0.093238646 0.029721281 0.019998667 0.149408246 0.988573330 0.200389096 -0.716123356 -0.687850284 0.106422532 0.133613993
0.896700240 -0.438918201 0.057266860 0.037380185 0.009999833 0.149430661 0.988721640 0.253433564 -0.442525348 -0.886014272 0.134669233 0.162695082
0.997459544 -0.070499153 -0.010214115 0.044575203 0.019998667 0.139515207 0.990017960 0.318159096 -0.068370404 -0.987707131 0.139407292 0.186827545
0.993336186 0.105626496 -0.046111437 0.048791062 0.029995500 0.149370890 0.988326164 0.344199107 0.111281136 -0.983123278 0.148010090 0.200967751
0.835229343 0.539416284 -0.106873840 0.059096495 0.029995500 0.149370890 0.988326164 0.407852469 0.549083068 -0.828684747 0.122408944 0.235532700
0.695271994 0.707258536 -0.127993038 0.063468496 0.029995500 0.149370890 0.988326164 0.434856926 0.718120550 -0.690994718 0.100726517 0.250196619
0.521798989 0.842394667 -0.134525239 0.069237883 0.029995500 0.139480325 0.989770432 0.464754717 0.852540958 -0.520496362 0.069276177 0.266154706
-0.000765225 0.988776510 -0.149400225 0.080784556 0.049979169 0.149251374 0.987535372 0.530336968 0.998749967 -0.006711213 -0.007583288 0.301490114
-0.247836132 0.960975229 -0.122897765 0.086710084 0.049979169 0.139368722 0.988978484 0.561199204 0.967511930 0.238962274 -0.041383213 0.317971913
-0.763446499 0.643860121 -0.050927275 0.098569045 0.059964006 0.149169225 0.986991824 0.628710343 0.643081457 0.750461649 -0.120066669 0.354354745
-0.988429943 0.146493042 0.039319675 0.111965728 0.059964006 0.139292012 0.988434142 0.688505924 0.139321808 0.979355668 -0.139345123 0.385716991
-0.964658733 -0.245505208 0.095711658 0.117739657 0.059964006 0.149169225 0.986991824 0.732978111 -0.256588867 0.957849537 -0.142113257 0.398297591
-0.851006166 -0.510414122 0.123555373 0.124750285 0.059964006 0.139292012 0.988434142 0.764804791 -0.521721021 0.848572424 -0.114592722 0.415026137
-0.276471099 -0.948720984 0.153271741 0.139708398 0.069942847 0.139201374 0.987790957 0.834244818 -0.958473646 0.283815913 -0.029296642 0.451625498
0.359690679 -0.927525053 0.101586862 0.156516520 0.079914694 0.139096815 0.987048995 0.897898178 -0.929643080 -0.346914040 0.060753623 0.484251697
0.641526972 -0.765062899 0.055874005 0.164299961 0.079914694 0.139096815 0.987048995 0.928760413 -0.762926461 -0.628753399 0.098343011 0.500179567
0.992620688 -0.101038838 -0.067047165 0.181896699 0.079914694 0.129219535 0.988390588 1.003022665 -0.091202033 -0.986454999 0.130038256 0.538843558
0.963713766 0.243340129 -0.109733126 0.190609095 0.079914694 0.129219535 0.988390588 1.033884899 0.254694756 -0.961294905 0.122684033 0.554494464
0.743235320 0.651347715 -0.152798605 0.203209261 0.089878549 0.129109479 0.987548778 1.077284915 0.662965388 -0.747714449 0.088984389 0.576399689
0.121375540 0.982403375 -0.141956283 0.220477907 0.109778301 0.128850647 0.985568991 1.138044938 0.986517462 -0.135207688 0.001705577 0.607177791
-0.659453126 0.751509638 -0.018837165 0.243492235 0.129634143 0.138365635 0.981860448 1.211342742 0.740484006 0.645049003 -0.106314258 0.643656282
-0.881398633 0.468624089 0.059396234 0.250647747 0.139543115 0.138177824 0.980527719 1.247134925 0.451291667 0.872524127 -0.133082872 0.650692587
-0.983508851 0.121432070 0.134032059 0.263860037 0.149438132 0.128178491 0.980427722 1.274031655 0.101875341 0.984288843 -0.130940202 0.674650912
-0.715301051 -0.666067614 0.211419817 0.284076239 0.179029573 0.117778100 0.976768515 1.350330519 -0.675494499 0.736533945 -0.072321501 0.701744345
0.044962050 -0.992906208 0.110071235 0.309565148 0.208459900 0.117082240 0.970997538 1.421699433 -0.976996870 -0.020712601 0.030432221 0.736344521
0.404142804 -0.914394154 0.023493105 0.319979312 0.208459900 0.117082240 0.970997538 1.451597220 -0.890625098 -0.387524297 0.072192554 0.750917788
0.691980240 -0.719263759 -0.061830352 0.330861906 0.208459900 0.117082240 0.970997538 1.484388343 -0.691164104 -0.684800258 0.102334819 0.767062189
0.975629495 0.068608440 -0.208422578 0.357279769 0.198669331 0.127050091 0.971796672 1.555757256 0.093153561 -0.989520670 0.126599344 0.801385401
0.541685937 0.809901835 -0.225023026 0.386796785 0.198669331 0.136761543 0.970477603 1.629055059 0.816766088 -0.570399244 0.054022236 0.835925142
0.200484903 0.963979437 -0.174784004 0.399225004 0.188858895 0.137031930 0.972396302 1.659917290 0.961321029 -0.227960292 0.002690083 0.850468191
-0.610707265 0.791606380 0.019899112 0.430599930 0.208459900 0.136477480 0.968461857 1.733215093 0.763924804 0.595594859 -0.109855334 0.884454004
-0.843781443 0.523838719 0.116729918 0.443957102 0.218229623 0.136179770 0.966349265 1.764077324 0.490314908 0.840861503 -0.135951966 0.898720088
-0.946429360 -0.167851320 0.275857575 0.471756546 0.257080552 0.125277136 0.958235477 1.826766232 -0.195399736 0.977819806 -0.120218119 0.927499006
-0.741091605 -0.607326028 0.286248717 0.489462014 0.266731437 0.124937614 0.955638495 1.867272911 -0.616147363 0.784567198 -0.077576464 0.946171311
-0.473799627 -0.840974439 0.261296586 0.503748143 0.285952225 0.133716335 0.948868414 1.898135143 -0.832913704 0.524291841 -0.034312768 0.960160431
0.283058934 -0.957804069 0.049889930 0.541009088 0.314566561 0.141851968 0.938576528 1.973361832 -0.906049402 -0.249978768 0.089431540 0.993531880
0.567096851 -0.820458458 -0.072450535 0.559479466 0.324043028 0.141374801 0.935419308 2.007117398 -0.757230003 -0.553950434 0.128339172 1.007984276
0.925666487 -0.204275304 -0.318454323 0.598754463 0.352274233 0.158337223 0.922405653 2.083308531 -0.138001522 -0.966023252 0.176121044 1.041325507
0.818512687 0.414276639 -0.398009858 0.633993452 0.370920469 0.147953184 0.916803065 2.151784105 0.438696919 -0.898044944 0.112505037 1.071307942
0.636377852 0.674725035 -0.373857401 0.652463830 0.380188415 0.147354853 0.913095459 2.185539670 0.671178068 -0.723209979 0.065663422 1.085760340
0.044531699 0.981047470 -0.188580989 0.700107329 0.407760453 0.154478532 0.899926550 2.267517469 0.912002380 -0.116971127 -0.060652691 1.120028125
-0.226972375 0.971109463 -0.073688211 0.720904046 0.407760453 0.163469923 0.898336795 2.304166368 0.884429168 0.173850498 -0.115212369 1.135497727
-0.717056857 0.661614636 0.219306948 0.775370420 0.434965534 0.178891223 0.882498110 2.393859725 0.544641578 0.728192285 -0.210475476 1.172293418
-0.838743275 0.430782585 0.333070687 0.800663672 0.443948107 0.186791014 0.876367044 2.435330847 0.315309049 0.882913066 -0.227692836 1.189273720
-0.820877217 -0.219330298 0.527309031 0.866761743 0.496880138 0.180905499 0.848753986 2.539490871 -0.281550568 0.958732194 -0.163579113 1.231155439
-0.692842982 -0.489953252 0.529069384 0.896863817 0.514135992 0.178797866 0.838865606 2.587713105 -0.505601408 0.853215761 -0.105212028 1.250693865
-0.242521963 -0.898903415 0.364905122 0.974434084 0.572867460 0.170863744 0.801641101 2.714163082 -0.782946978 0.403457843 0.052392417 1.290341181
-0.016347499 -0.977444915 0.210556875 1.010117792 0.597195441 0.159351827 0.786107245 2.768171983 -0.801929152 0.138594493 0.114570699 1.311637055
0.412487095 -0.888747638 -0.199955073 1.100408211 0.644217687 0.129397798 0.753816809 2.901265344 -0.644079162 -0.439754301 0.183023236 1.363413870
0.614522592 -0.641446733 -0.459247290 1.183407325 0.666869635 0.111357471 0.736806897 3.023749813 -0.421481760 -0.759042557 0.179603849 1.411091649
0.670879297 -0.499333108 -0.548258530 1.225754408 0.674287912 0.103048203 0.731243380 3.093297555 -0.308636973 -0.860260144 0.166096346 1.427595001
0.707178672 -0.304660794 -0.638028312 1.286411179 0.688921445 0.093963495 0.718719767 3.181062015 -0.159014365 -0.947814677 0.146068508 1.461404529
0.696706225 -0.072788890 -0.713654127 1.383828854 0.717356091 0.069554611 0.693226078 3.318013149 -0.000821222 -0.994919059 0.099917763 1.513337451
0.666308467 -0.008262256 -0.745630446 1.434243410 0.744643120 0.059990590 0.664761426 3.388417605 0.039238382 -0.998164748 0.085788619 1.539935891
0.609418261 0.071320567 -0.789634574 1.561435066 0.789503740 0.036802654 0.612641339 3.560088742 0.072754576 -0.996774268 0.053929217 1.603521362
0.556358842 -0.009335766 -0.830889693 1.689875863 0.830497370 0.038959743 0.555658399 3.739475430 0.027183752 -0.999197169 0.067024736 1.671296536
0.531602228 -0.090298368 -0.842167012 1.747882750 0.846831845 0.037199853 0.530558195 3.825418727 -0.016580050 -0.995219763 0.071755265 1.692825496
0.509696823 -0.208089332 -0.834810145 1.806673706 0.857298989 0.041141590 0.513172303 3.907396512 -0.072440265 -0.977244186 0.088759776 1.723769734
0.415606751 -0.546948726 -0.726717359 1.949228679 0.881957807 0.047054321 0.468973686 4.105107643 -0.222309368 -0.835842678 0.129560479 1.798171875
0.276052281 -0.851149382 -0.446474935 2.075499276 0.886626914 0.046171494 0.460174866 4.282565434 -0.371063138 -0.522889015 0.130607146 1.865453581
0.121847974 -0.980915295 -0.151519816 2.162370346 0.904412189 0.046837989 0.424081118 4.406014331 -0.408890772 -0.188709793 0.126501055 1.912547258
-0.000152705 -0.993917539 0.110126753 2.228921034 0.916803109 0.043838815 0.396925960 4.501494335 -0.399339500 0.101025162 0.100603102 1.949161688
-0.194307879 -0.742213111 0.641376758 2.362959263 0.942488802 0.040012336 0.331834102 4.698241008 -0.271954603 0.668968393 0.022208474 2.025532831
-0.265869914 -0.023667909 0.963718330 2.525546036 0.963558185 0.024042407 0.266416189 4.939352123 -0.029475622 0.999430734 -0.079788456 2.119624555
-0.256360755 0.367397072 0.894034985 2.593197623 0.963558185 0.024042407 0.266416189 5.047369901 0.076385775 0.929753383 -0.110866228 2.163324224
-0.182460124 0.714863853 0.675039239 2.664877316 0.971148378 0.023807879 0.237284666 5.157316566 0.153554978 0.698858252 -0.138811601 2.206963460
0.020623026 0.964241275 -0.264222356 2.831367660 0.991458348 0.014317693 0.129635441 5.422538778 0.128782897 -0.264638936 -0.090112824 2.314148017
0.049414083 0.111922813 -0.992487548 2.998330976 0.998710144 0.006078326 0.050409347 5.705228717 0.011674618 -0.993698313 0.089014735 2.419526252
0.048228892 -0.414911546 -0.908582623 3.068480850 0.998710144 0.005573937 0.050467609 5.828677595 -0.015875212 -0.909844679 0.138553678 2.471605337
0.004185437 -0.999987547 -0.002717950 3.213589416 0.999167945 0.004071707 0.040581256 6.082326459 -0.040569684 -0.002885539 0.109468809 2.578321646
-0.019294270 -0.705866225 0.708082342 3.306878146 0.999525831 0.003380234 0.030605359 6.256890882 -0.023996773 0.708337099 0.016724888 2.653726066
-0.000761602 0.413596483 0.910459977 3.449996366 0.999999683 0.000103231 0.000789607 6.526935288 0.000232591 0.910460289 -0.161844814 2.770730335
0.005674752 0.860573251 0.509295078 3.518928705 0.999957646 -0.001193093 -0.009125883 6.665815265 -0.007245854 0.509325295 -0.181985549 2.832296701
-0.020022951 0.617253821 -0.786509251 3.681485768 0.999573603 -0.004363522 -0.028871643 6.998548536 -0.021253083 -0.786751981 -0.006249220 2.980572663
-0.058045500 -0.004466623 -0.998303946 3.749809339 0.998247974 -0.011755084 -0.057989651 7.145144060 -0.011476129 -0.999920931 0.156431336 3.046882673
-0.017508494 -0.999836145 0.004597466 3.903097207 0.997606381 -0.017776721 -0.066824368 7.504025045 0.066895146 0.003416467 0.313201103 3.201389322
0.078316735 -0.206313531 0.975346716 4.033429423 0.996023990 -0.025474173 -0.085365555 7.821327182 0.042458220 0.978154279 -0.115642889 3.350148804
0.082286579 0.668037502 0.739563936 4.119966405 0.996023990 -0.029708837 -0.083985692 8.040256006 -0.034134008 0.743534318 -0.435306970 3.453798541
0.039832986 0.985435167 0.165320492 4.181506621 0.996865028 -0.027872250 -0.074048989 8.208069286 -0.068362623 0.167751810 -0.480770986 3.534676874
-0.110634714 0.463115322 -0.879365770 4.305219528 0.987353840 -0.049868866 -0.150484190 8.553340279 -0.113544508 -0.884893945 -0.002924565 3.701947643
-0.148269587 -0.369046432 -0.917507962 4.380160984 0.988889766 -0.045347180 -0.141565052 8.795523484 0.010637679 -0.928304026 0.325864458 3.810810859
-0.031666674 -0.990609657 0.133002738 4.494147531 0.985719179 -0.052972206 -0.159848822 9.161047783 0.165393235 0.126041469 0.363695933 3.992957143
0.076255046 -0.030683569 0.996616118 4.616753566 0.996865028 -0.018807243 -0.076853124 9.602763143 0.021101730 0.999352193 -0.165895671 4.217584635
0.055781344 0.555977431 0.829323543 4.665316682 0.998247974 -0.014638668 -0.057329670 9.802510790 -0.019733811 0.831068473 -0.315607242 4.309220781
0.005648417 0.920755676 0.390098809 4.713891056 0.999957646 -0.002366052 -0.008894212 9.999257360 -0.007266402 0.390132525 -0.360738194 4.411072882
-0.010830397 0.682803893 -0.730521421 4.819971581 0.999815615 -0.004190553 -0.018739664 10.470870446 -0.015856804 -0.730589682 -0.057090131 4.658305728
-0.019199229 -0.255526424 -0.966611419 4.906160644 0.999815615 -0.004564483 -0.018652111 10.888474652 0.000354026 -0.966791297 0.242043809 4.879534246
-0.031934396 -0.756673384 -0.653012698 4.957941484 0.999231634 -0.009316429 -0.038070263 11.176951110 0.022723008 -0.653726697 0.331381855 5.022675629
-0.026661761 0.188947655 -0.981625149 5.034091917 0.999573603 -0.006656835 -0.028430594 11.612879720 -0.011906410 -0.981964597 0.115243175 5.257732253
0.050650138 -0.285671430 -0.956988191 5.082027870 0.998710144 0.011080497 0.049550690 11.908963964 -0.003551312 -0.958263563 0.232939092 5.418512252
0.037404783 -0.564498356 -0.824586253 5.115778511 0.999167945 0.007702612 0.040051054 12.134643805 -0.016257286 -0.825398253 0.248424705 5.541892081
0.013137478 -0.932024936 -0.362155941 5.187719604 0.999525831 0.002153642 0.030716051 12.673875597 -0.027848171 -0.362387749 0.093068971 5.827292247
0.001277033 -0.978197018 0.207675139 5.248734039 0.999957646 -0.000643722 -0.009181004 13.136808564 0.009114516 0.207678068 0.059558456 6.082829215
0.009192743 -0.836905845 0.547269678 5.283364828 0.999815615 -0.001534561 -0.019141078 13.451324942 0.016859099 0.547344729 0.031892007 6.246481156
-0.017375925 -0.463209303 0.886078562 5.336651172 0.999783764 0.002076019 0.020690940 13.923902309 -0.011423752 0.886246485 -0.028587512 6.510024966
0.008866186 -0.151017596 0.988491313 5.370059897 0.999957646 -0.001101776 -0.009137357 14.239275357 0.002468998 0.988530461 -0.083210779 6.686541681
0.009057461 0.350775766 0.936415679 5.418397113 0.999957646 -0.001647706 -0.009054848 14.715710460 -0.001633283 0.936458033 -0.207957617 6.953842196
0.061700362 0.619312526 0.782716462 5.446856702 0.997606381 -0.013737676 -0.067770083 15.034941255 -0.031218156 0.785024376 -0.266748058 7.134115594
0.077110695 0.768962640 0.634626188 5.465444290 0.995083350 -0.019676416 -0.097066810 15.279053206 -0.062153581 0.638990842 -0.278741324 7.260921340
0.016423743 0.968260971 0.249401189 5.511113269 0.999231634 -0.007016819 -0.038560407 15.842288167 -0.035586534 0.249842864 -0.237448843 7.580341560
0.002239256 0.990533422 -0.137253508 5.551060308 0.997606381 -0.011698697 -0.068151658 16.410345311 -0.069112182 -0.136772366 -0.174167557 7.904319150
-0.011337451 0.953150221 -0.302284830 5.567184601 0.996023990 -0.015948924 -0.087646126 16.653385032 -0.088361042 -0.302076626 -0.154083615 8.043219223
-0.070955089 0.798319807 -0.598039180 5.600625645 0.988889766 -0.022214083 -0.146981513 17.230229878 -0.130623145 -0.601823911 -0.058525189 8.362338947
-0.071743343 0.720084173 -0.690167861 5.613346423 0.992903651 -0.014236364 -0.118066361 17.475198464 -0.094843199 -0.693740664 -0.022575917 8.503394337
-0.092212668 0.631802800 -0.769624613 5.622808564 0.991664810 -0.011580356 -0.128323026 17.726061461 -0.089987374 -0.775042655 0.002075530 8.636912793
-0.087238247 0.383564952 -0.919384259 5.649766139 0.995083350 -0.009887605 -0.098546244 18.305691820 -0.046889394 -0.923460970 0.040904048 8.971606568
-0.096584559 0.182354241 -0.978477569 5.677036027 0.995083350 -0.003960585 -0.098961814 18.887251032 -0.021921450 -0.983224921 0.030189890 9.307347829
-0.098290531 0.142598962 -0.984888068 5.684335909 0.995083350 0.001980689 -0.099021229 19.141971769 -0.012169568 -0.989778568 -0.017401888 9.443792094
-0.049170603 0.102905607 -0.993475056 5.693036529 0.998789743 0.003930510 -0.049026518 19.390798082 -0.001140240 -0.994683360 -0.078042777 9.588327246
-0.018995914 0.013155865 -0.999733004 5.716122218 0.999815615 0.003059307 -0.018957225 19.969463901 0.002809091 -0.999908778 -0.180906291 9.923605327
0.020307972 -0.026851361 -0.999433135 5.720939637 0.999783764 -0.003927288 0.020420609 20.220326841 -0.004473383 -0.999631723 -0.225055798 10.058508708
0.077635946 -0.017620634 -0.996826050 5.741534974 0.996737752 -0.020748572 0.077995836 20.789348184 -0.022057054 -0.999629436 -0.317322825 10.388826686
0.210669286 -0.042357316 -0.976639293 5.756849735 0.975723358 -0.052058465 0.212729512 21.357512817 -0.059852993 -0.997745345 -0.292038879 10.708218737
0.182930509 0.018177817 -0.982957779 5.763060007 0.981853530 -0.054228218 0.181722165 21.596694646 -0.050000736 -0.998363094 -0.349860062 10.847793794
0.212894255 0.095132308 -0.972432970 5.770043093 0.975723358 -0.073035903 0.206469576 21.834912027 -0.051380593 -0.992781749 -0.400518710 10.986568184
