1.000000000 0.000000000 0.000000000 0.000000000 0.000000000 1.000000000 0.000000000 0.000000000 0.000000000 0.000000000 1.000000000 0.000000000
1.000000000 -0.000064636 0.000013454 -0.000302542 0.000064636 1.000000000 -0.000005090 0.000084716 -0.000013454 0.000005091 1.000000000 -0.000652143
1.000000000 0.000053105 0.000016471 -0.000064253 -0.000053106 1.000000000 0.000008743 0.000056592 -0.000016471 -0.000008744 1.000000000 -0.000003099
1.000000000 0.000021910 0.000025963 -0.000212790 -0.000021910 1.000000000 0.000009389 0.000193396 -0.000025963 -0.000009390 1.000000000 -0.000047908
1.000000000 0.000082130 0.000029640 0.000059262 -0.000082131 1.000000000 0.000007314 0.000061134 -0.000029640 -0.000007316 1.000000000 -0.000319654
1.000000000 -0.000041464 0.000027836 -0.000191547 0.000041463 1.000000000 0.000019691 0.000157713 -0.000027837 -0.000019690 1.000000000 -0.000233405
1.000000000 -0.000008012 0.000011368 -0.000246577 0.000008012 1.000000000 0.000009948 0.000154638 -0.000011368 -0.000009948 1.000000000 -0.000498225
1.000000000 0.000183153 0.000057436 -0.000190549 -0.000183154 1.000000000 0.000015550 0.000318094 -0.000057433 -0.000015561 1.000000000 -0.000377283
1.000000000 0.000132386 0.000046704 -0.000223516 -0.000132386 1.000000000 0.000003300 0.000277870 -0.000046703 -0.000003306 1.000000000 -0.000420366
1.000000000 0.000067745 0.000028008 -0.000029747 -0.000067745 1.000000000 -0.000018010 0.000376164 -0.000028009 0.000018008 1.000000000 -0.000030579
1.000000000 -0.000013881 0.000021583 -0.000095009 0.000013881 1.000000000 0.000006764 0.000107202 -0.000021583 -0.000006764 1.000000000 -0.000164794
1.000000000 0.000015823 0.000025838 -0.000152328 -0.000015823 1.000000000 0.000010925 0.000247105 -0.000025838 -0.000010926 1.000000000 -0.000407216
1.000000000 0.000042607 0.000036299 0.000013071 -0.000042608 1.000000000 0.000025293 0.000141966 -0.000036298 -0.000025295 1.000000000 -0.000110314
1.000000000 0.000103966 0.000022111 0.000006756 -0.000103966 1.000000000 0.000004648 0.000223357 -0.000022111 -0.000004651 1.000000000 0.000167879
1.000000000 -0.000056664 0.000010799 -0.000191800 0.000056664 1.000000000 -0.000009373 0.000047046 -0.000010799 0.000009374 1.000000000 0.000016193
1.000000000 0.000060790 0.000052389 -0.000199053 -0.000060791 1.000000000 0.000015050 0.000034449 -0.000052388 -0.000015054 1.000000000 -0.000139730
1.000000000 -0.000017339 0.000034407 -0.000285598 0.000017340 1.000000000 -0.000024905 0.000208679 -0.000034407 0.000024905 1.000000000 -0.000254366
1.000000000 0.000015224 0.000027908 -0.000207082 -0.000015223 1.000000000 -0.000035423 0.000329584 -0.000027909 0.000035423 1.000000000 -0.000224654
1.000000000 0.000016077 0.000021542 -0.000141809 -0.000016078 1.000000000 0.000021070 -0.000229408 -0.000021541 -0.000021070 1.000000000 -0.000265866
1.000000000 -0.000061366 0.000027678 -0.000338729 0.000061367 1.000000000 -0.000018067 -0.000034106 -0.000027677 0.000018069 1.000000000 -0.000214589
1.000000000 -0.000063866 0.000025436 -0.000581485 0.000063866 1.000000000 -0.000035432 -0.000109727 -0.000025434 0.000035434 1.000000000 -0.001261012
1.000000000 0.000069076 -0.000015909 -0.000338763 -0.000069076 1.000000000 -0.000014982 0.000174348 0.000015908 0.000014983 1.000000000 -0.000353041
1.000000000 -0.000020752 -0.000035884 -0.000184084 0.000020749 1.000000000 -0.000079045 -0.000099753 0.000035886 0.000079045 1.000000000 -0.000567379
1.000000000 0.000045708 0.000010570 -0.000252311 -0.000045707 1.000000000 -0.000127000 0.000234270 -0.000010576 0.000126999 1.000000000 -0.000303268
1.000000000 0.000051856 0.000014038 -0.000138488 -0.000051854 1.000000000 -0.000142256 0.000196420 -0.000014045 0.000142255 1.000000000 -0.000274750
1.000000000 0.000024175 0.000020926 -0.000349664 -0.000024173 1.000000000 -0.000072988 0.000058838 -0.000020928 0.000072988 1.000000000 -0.000846989
1.000000000 0.000041172 0.000012994 -0.000099261 -0.000041171 1.000000000 -0.000083087 0.000119079 -0.000012997 0.000083086 1.000000000 -0.000793960
1.000000000 0.000012457 0.000037340 -0.000057242 -0.000012454 1.000000000 -0.000061043 0.000034219 -0.000037340 0.000061043 1.000000000 0.000330181
1.000000000 0.000063980 0.000066920 -0.000636430 -0.000063979 1.000000000 -0.000022557 0.000215336 -0.000066921 0.000022553 1.000000000 -0.000487636
1.000000000 0.000000720 0.000022153 0.000027822 -0.000000719 1.000000000 -0.000032566 -0.000193332 -0.000022153 0.000032565 1.000000000 0.000184372
1.000000000 -0.000009898 0.000011101 -0.000105725 0.000009898 1.000000000 -0.000037272 0.000057010 -0.000011101 0.000037272 1.000000000 -0.000021974
0.999999940 0.000027234 -0.000035366 0.000769104 -0.000027191 0.999999285 0.001218212 0.000246407 0.000035399 -0.001218211 0.999999225 0.003552558
0.999999940 -0.000153888 -0.000217183 0.000374587 0.000154150 0.999999285 0.001204925 0.000056288 0.000216997 -0.001204958 0.999999285 0.001555826
0.999999821 -0.000564840 -0.000074720 0.000499054 0.000564930 0.999999106 0.001212100 -0.001184182 0.000074036 -0.001212142 0.999999285 0.004616917
0.999999940 -0.000312690 -0.000070748 0.000022284 0.000312732 0.999999762 0.000599029 -0.000952964 0.000070560 -0.000599052 0.999999821 0.003305384
1.000000000 -0.000053217 0.000005445 0.000354065 0.000053216 0.999999940 0.000316073 -0.000831368 -0.000005462 -0.000316072 0.999999940 0.004511233
0.999999940 -0.000115311 0.000090568 0.000470575 0.000115287 0.999999940 0.000268783 -0.001169611 -0.000090599 -0.000268772 1.000000000 0.004401569
0.999999940 0.000200853 0.000030599 0.000441736 -0.000200846 1.000000000 -0.000249337 0.000580326 -0.000030650 0.000249331 0.999999940 0.002713577
1.000000000 -0.000073593 0.000086084 0.000676103 0.000073591 1.000000119 0.000025132 -0.001083076 -0.000086086 -0.000025126 1.000000119 0.005284966
1.000000000 -0.000283778 0.000095543 0.000378790 0.000283779 1.000000000 -0.000002822 -0.001103502 -0.000095542 0.000002849 1.000000000 0.004993073
1.000000000 -0.000274109 0.000079881 -0.000077265 0.000274111 1.000000000 -0.000026322 -0.000896869 -0.000079874 0.000026343 1.000000000 0.003998621
0.999999940 -0.000137301 0.000055087 0.000356934 0.000137294 0.999999940 0.000113914 -0.000803157 -0.000055102 -0.000113906 1.000000000 0.003938068
0.999999940 -0.000159141 -0.000081533 0.000560538 0.000159138 1.000000000 -0.000037912 0.000418391 0.000081539 0.000037899 1.000000000 0.002011862
1.000000000 -0.000266368 0.000061210 0.000095142 0.000266357 1.000000000 0.000174229 -0.000903661 -0.000061256 -0.000174213 1.000000000 0.004355828
1.000000000 -0.000279421 0.000005562 -0.000002245 0.000279420 1.000000000 0.000168299 -0.000786099 -0.000005609 -0.000168297 1.000000000 0.003884890
1.000000000 -0.000124928 -0.000079791 0.000292928 0.000124920 1.000000000 -0.000100049 0.000682772 0.000079804 0.000100039 1.000000000 0.001463644
0.999999940 0.000031434 -0.000152008 0.000416284 -0.000031453 1.000000000 -0.000123570 0.000207801 0.000152004 0.000123574 0.999999940 0.001455476
0.999999940 -0.000125147 0.000049234 -0.000003218 0.000125142 1.000000000 0.000087980 -0.001105918 -0.000049245 -0.000087974 1.000000119 0.003401470
1.000000000 0.000064020 0.000053568 0.000106262 -0.000064016 1.000000000 -0.000092617 -0.001272973 -0.000053574 0.000092614 1.000000000 0.003752013
1.000000000 0.000333866 -0.000055353 -0.000432354 -0.000333887 0.999999940 -0.000388470 -0.001264911 0.000055223 0.000388488 1.000000000 0.002519474
0.999999285 0.001172650 -0.000200449 -0.000532391 -0.001172904 0.999998510 -0.001271386 0.000691356 0.000198957 0.001271620 0.999999166 -0.000361673
0.999999285 0.001127038 0.000036355 -0.000384517 -0.001127002 0.999998868 -0.000975913 0.000376037 -0.000037455 0.000975872 0.999999523 0.000411704
0.999999404 0.001093168 -0.000321777 -0.000081032 -0.001093312 0.999999344 -0.000447505 0.000238178 0.000321287 0.000447857 0.999999881 0.000570307
0.999999821 0.000650455 0.000133969 -0.000502172 -0.000650382 0.999999702 -0.000546644 -0.000935947 -0.000134324 0.000546557 0.999999881 0.002238621
0.999999404 0.001084899 0.000044403 -0.000407789 -0.001084851 0.999998868 -0.001066873 0.000646754 -0.000045560 0.001066824 0.999999464 0.000679741
0.999999404 0.001093995 -0.000203913 -0.000304020 -0.001094141 0.999999225 -0.000714264 0.000569904 0.000203131 0.000714486 0.999999702 -0.000214951
0.999999046 0.001406410 0.000055588 -0.000853621 -0.001406383 0.999998927 -0.000496944 -0.000977067 -0.000056286 0.000496866 0.999999940 0.002521779
0.999999583 0.000917464 0.000031000 -0.000663427 -0.000917440 0.999999285 -0.000771119 -0.000983652 -0.000031708 0.000771090 0.999999702 0.002948360
0.999999940 0.000414900 -0.000015177 -0.000433084 -0.000414909 0.999999762 -0.000613971 -0.001044498 0.000014922 0.000613978 0.999999821 0.002408149
0.999999940 0.000305991 0.000111898 0.000129825 -0.000305931 0.999999762 -0.000531113 -0.001105176 -0.000112060 0.000531078 0.999999881 0.003333852
0.999999702 0.000742865 -0.000044477 -0.000735388 -0.000742900 0.999999404 -0.000789385 -0.000875568 0.000043890 0.000789418 0.999999702 0.001915566
0.999999642 0.000708862 -0.000526277 0.000354159 -0.000709422 0.999999285 -0.001065692 0.000798266 0.000525522 0.001066064 0.999999285 0.000408780
0.999999940 -0.000161160 0.000036330 0.000677232 0.000161212 0.999998987 -0.001442786 0.000386201 -0.000036097 0.001442792 0.999998927 0.002902767
0.999999940 -0.000032774 0.000245649 -0.000194260 0.000032919 0.999999821 -0.000590919 -0.000962032 -0.000245630 0.000590927 0.999999821 0.003276435
0.999999821 0.000510342 0.000086264 -0.001338869 -0.000510214 0.999998748 -0.001489529 -0.000573152 -0.000087024 0.001489485 0.999998927 0.002288467
0.999999702 0.000649666 0.000436552 -0.000851710 -0.000649310 0.999999523 -0.000814970 -0.000790948 -0.000437081 0.000814686 0.999999583 0.004294771
0.999999940 0.000210798 0.000171437 -0.000499517 -0.000210629 0.999999523 -0.000983206 -0.000891938 -0.000171644 0.000983170 0.999999523 0.003828641
1.000000000 0.000088190 0.000085463 0.000010162 -0.000088119 0.999999762 -0.000829573 -0.000996339 -0.000085536 0.000829565 0.999999702 0.003777972
0.999999762 0.000661150 -0.000019668 -0.000053672 -0.000661166 0.999999464 -0.000821392 0.000537617 0.000019125 0.000821405 0.999999642 0.001193057
0.999999762 0.000647296 -0.000119745 -0.000304850 -0.000647383 0.999999583 -0.000726659 0.000557998 0.000119275 0.000726736 0.999999762 0.000784964
0.999999940 0.000315251 0.000133277 -0.000565022 -0.000315186 0.999999821 -0.000487726 -0.000876456 -0.000133431 0.000487684 0.999999940 0.002913689
0.999999940 0.000383296 0.000092380 -0.000367169 -0.000383242 0.999999821 -0.000587932 -0.000807449 -0.000092606 0.000587897 0.999999821 0.003467988
0.999999821 0.000500147 0.000014405 -0.000939323 -0.000500139 0.999999702 -0.000567689 -0.000724549 -0.000014689 0.000567682 0.999999881 0.001933862
0.999999762 0.000636048 -0.000070698 -0.000193025 -0.000636105 0.999999523 -0.000807095 0.000607142 0.000070185 0.000807140 0.999999702 -0.000108377
0.999999940 0.000253204 0.000082282 -0.000688180 -0.000253153 0.999999821 -0.000613871 -0.000895224 -0.000082438 0.000613850 0.999999821 0.002022527
0.999999940 0.000264015 0.000017272 -0.000329439 -0.000264008 0.999999940 -0.000441410 -0.001053076 -0.000017388 0.000441406 0.999999940 0.002284874
0.999999940 0.000397443 0.000064896 -0.000541901 -0.000397405 0.999999821 -0.000585102 -0.000913356 -0.000065128 0.000585076 0.999999821 0.003018056
0.999999881 0.000425530 0.000041243 -0.000764427 -0.000425508 0.999999762 -0.000535889 -0.001079391 -0.000041471 0.000535871 0.999999881 0.002403497
0.999999940 0.000311101 0.000033954 0.000098370 -0.000311088 0.999999881 -0.000364308 -0.001212176 -0.000034068 0.000364298 0.999999940 0.003411734
0.999999940 0.000165915 0.000092330 -0.000543277 -0.000165870 0.999999881 -0.000490413 -0.000877469 -0.000092411 0.000490398 0.999999940 0.002904514
0.999999940 0.000395898 0.000067134 0.000037784 -0.000395868 0.999999881 -0.000449735 -0.001090889 -0.000067312 0.000449708 0.999999940 0.003404637
0.999999940 0.000386724 0.000046107 -0.000411455 -0.000386705 0.999999881 -0.000407368 -0.000864109 -0.000046265 0.000407350 0.999999940 0.001779305
0.999999821 0.000571517 0.000083324 -0.000255895 -0.000571477 0.999999762 -0.000488395 -0.000687594 -0.000083603 0.000488347 0.999999940 0.003456041
0.999999821 0.000497300 0.000050794 -0.000366262 -0.000497274 0.999999762 -0.000510140 -0.000847032 -0.000051048 0.000510114 0.999999881 0.002479580
0.999999940 0.000273647 -0.000000346 -0.000134531 -0.000273647 0.999999881 -0.000425262 -0.001066929 0.000000230 0.000425262 0.999999881 0.002442879
0.999999940 0.000342025 -0.000014382 -0.000123374 -0.000342030 0.999999940 -0.000387244 -0.001109445 0.000014249 0.000387249 1.000000000 0.002857433
0.999999940 0.000379223 0.000006555 -0.000190137 -0.000379219 0.999999821 -0.000477915 -0.001074012 -0.000006736 0.000477912 0.999999881 0.002591831
0.999999881 0.000524393 -0.000086382 -0.000287190 -0.000524457 0.999999642 -0.000746411 0.000463140 0.000085991 0.000746456 0.999999702 -0.000210761
0.999999940 0.000364974 -0.000009477 -0.000137811 -0.000364977 0.999999881 -0.000368785 -0.001095048 0.000009343 0.000368789 0.999999940 0.002452915
0.999999940 0.000460301 0.000011530 -0.000482208 -0.000460295 0.999999821 -0.000472302 -0.000904026 -0.000011747 0.000472297 0.999999881 0.002390814
0.999999940 0.000383146 0.000031270 -0.000264523 -0.000383131 0.999999881 -0.000458950 -0.001190408 -0.000031446 0.000458939 0.999999940 0.002191382
0.999999881 0.000426338 0.000029875 -0.000176934 -0.000426327 0.999999821 -0.000379746 -0.001135945 -0.000030037 0.000379733 1.000000000 0.003151580
0.999999940 0.000262441 0.000024993 0.000038625 -0.000262431 0.999999940 -0.000435634 -0.001348165 -0.000025107 0.000435627 0.999999940 0.003659070
0.999999940 0.000369386 0.000056190 -0.000512973 -0.000369360 0.999999881 -0.000456677 -0.000966980 -0.000056359 0.000456656 0.999999940 0.002438320
0.999999821 0.000540419 0.000056292 -0.000388327 -0.000540394 0.999999762 -0.000452061 -0.000838301 -0.000056536 0.000452031 0.999999940 0.003343055
0.999999940 0.000454897 0.000053132 -0.000387926 -0.000454873 0.999999881 -0.000451569 -0.000938559 -0.000053337 0.000451545 0.999999940 0.002638761
0.999999940 0.000255471 0.000037693 -0.000326309 -0.000255453 0.999999881 -0.000485279 -0.001102092 -0.000037817 0.000485270 0.999999940 0.002448370
1.000000000 0.000247675 0.000027342 -0.000282138 -0.000247662 0.999999940 -0.000465818 -0.001081628 -0.000027457 0.000465811 0.999999881 0.002588092
0.999999940 0.000372664 0.000021494 -0.000101888 -0.000372654 0.999999881 -0.000449657 -0.001082683 -0.000021662 0.000449648 0.999999940 0.003001108
0.999999881 0.000423113 -0.000002667 -0.000267290 -0.000423114 0.999999762 -0.000472015 -0.001040719 0.000002468 0.000472016 0.999999881 0.002696596
0.999999940 0.000291248 0.000042352 -0.000436260 -0.000291228 0.999999881 -0.000490301 -0.000906984 -0.000042495 0.000490288 0.999999940 0.003052380
0.999999940 0.000261822 0.000037483 -0.000438563 -0.000261805 0.999999821 -0.000473302 -0.001098334 -0.000037607 0.000473293 0.999999881 0.002690548
0.999999940 0.000401339 0.000010845 -0.000000535 -0.000401334 0.999999881 -0.000463131 -0.001096345 -0.000011030 0.000463126 0.999999940 0.003493036
0.999999821 0.000577164 0.000023711 -0.000280321 -0.000577153 0.999999762 -0.000487570 -0.000854766 -0.000023992 0.000487557 0.999999940 0.002750624
0.999999940 0.000354631 0.000009579 -0.000482038 -0.000354627 0.999999881 -0.000459420 -0.000930713 -0.000009742 0.000459417 0.999999940 0.001599682
0.999999821 0.000528168 0.000092069 -0.000612995 -0.000528124 0.999999702 -0.000483814 -0.000730978 -0.000092324 0.000483765 0.999999940 0.002971822
0.999999940 0.000382732 0.000021727 -0.000161482 -0.000382722 0.999999881 -0.000465450 -0.001044884 -0.000021905 0.000465442 0.999999940 0.002825030
0.999999940 0.000391404 0.000022029 -0.000464957 -0.000391394 0.999999881 -0.000455936 -0.001069207 -0.000022207 0.000455927 0.999999940 0.002476088
0.999999940 0.000390586 0.000029222 -0.000369962 -0.000390572 0.999999881 -0.000466620 -0.001054858 -0.000029404 0.000466609 0.999999881 0.002747376
0.999999940 0.000371586 0.000042850 -0.000308424 -0.000371567 0.999999821 -0.000433896 -0.001006384 -0.000043011 0.000433880 0.999999940 0.002793671
0.999999940 0.000350425 -0.000015019 0.000074862 -0.000350431 0.999999881 -0.000429152 -0.001090044 0.000014868 0.000429157 0.999999881 0.003886726
0.999999881 0.000422740 0.000012310 0.000254867 -0.000422735 0.999999881 -0.000449789 -0.001222207 -0.000012501 0.000449783 0.999999940 0.003480186
0.999999940 0.000362811 0.000043804 -0.000371476 -0.000362790 0.999999821 -0.000476719 -0.001038753 -0.000043977 0.000476703 0.999999881 0.002803603
0.999999940 0.000350334 0.000027523 -0.000309743 -0.000350322 0.999999940 -0.000437520 -0.001003003 -0.000027676 0.000437510 0.999999940 0.002569218
0.999999940 0.000215011 0.000023790 -0.000184073 -0.000215001 0.999999821 -0.000430107 -0.001271287 -0.000023883 0.000430102 0.999999940 0.002732557
0.999999940 0.000308564 0.000014541 0.000140912 -0.000308557 0.999999881 -0.000460322 -0.001188766 -0.000014683 0.000460318 0.999999940 0.003718878
0.999999940 0.000365001 0.000035472 -0.000271404 -0.000364984 0.999999821 -0.000474981 -0.001173404 -0.000035646 0.000474968 0.999999881 0.002965547
0.999999940 0.000352059 0.000070710 -0.000834959 -0.000352029 0.999999881 -0.000422514 -0.001013956 -0.000070859 0.000422489 0.999999881 0.002591268
0.999999940 0.000299643 0.000041585 -0.000494947 -0.000299625 0.999999881 -0.000440547 -0.001138667 -0.000041717 0.000440535 0.999999940 0.001904368
0.999999940 0.000361983 0.000037639 -0.000462495 -0.000361964 0.999999881 -0.000503596 -0.001052370 -0.000037821 0.000503582 0.999999881 0.002350486
0.999999940 0.000367953 0.000007541 -0.000512724 -0.000367949 0.999999881 -0.000492408 -0.001019822 -0.000007723 0.000492405 0.999999940 0.002080603
0.999999940 0.000267713 0.000032372 -0.000420309 -0.000267700 0.999999881 -0.000427517 -0.001212234 -0.000032486 0.000427508 0.999999881 0.002122438
0.999999881 0.000407944 -0.000114294 -0.000186390 -0.000408025 0.999999702 -0.000715994 0.000419250 0.000114002 0.000716041 0.999999702 -0.000144433
0.999999940 0.000261993 0.000014258 0.000001840 -0.000261986 0.999999881 -0.000453877 -0.001239154 -0.000014377 0.000453874 0.999999940 0.002921830
0.999999940 0.000342859 0.000055145 -0.000522520 -0.000342832 0.999999881 -0.000488887 -0.001058373 -0.000055313 0.000488868 0.999999940 0.001999907
0.999999940 0.000416842 -0.000004403 -0.000215302 -0.000416844 0.999999762 -0.000581757 -0.000873550 0.000004161 0.000581759 0.999999881 0.002648144
0.999999821 0.000602911 -0.000123031 -0.000139435 -0.000603011 0.999999464 -0.000812004 0.000514668 0.000122541 0.000812078 0.999999583 0.000169361
0.999999821 0.000620940 -0.000057336 -0.000113997 -0.000620980 0.999999642 -0.000693152 0.000366575 0.000056906 0.000693188 0.999999762 0.000449296
0.999999940 0.000395895 0.000108564 -0.000535719 -0.000395843 0.999999881 -0.000484643 -0.000974344 -0.000108756 0.000484599 0.999999940 0.002308788
0.999999940 0.000205722 0.000059977 -0.000267255 -0.000205687 0.999999762 -0.000580974 -0.001048154 -0.000060096 0.000580962 0.999999881 0.002603803
0.999999940 0.000205550 0.000089098 0.000074684 -0.000205506 0.999999881 -0.000498490 -0.001254300 -0.000089200 0.000498471 0.999999881 0.004029118
0.999999940 0.000329342 0.000127095 -0.000209259 -0.000329274 0.999999821 -0.000537352 -0.001040485 -0.000127271 0.000537310 0.999999881 0.003170191
0.999999940 0.000218156 0.000131177 -0.000179566 -0.000218083 0.999999821 -0.000555566 -0.001133171 -0.000131299 0.000555538 0.999999881 0.003309868
0.999999940 0.000302148 0.000163637 -0.000446633 -0.000302054 0.999999762 -0.000578929 -0.001039739 -0.000163812 0.000578879 0.999999821 0.002972254
0.999999940 0.000303035 0.000171567 -0.000542000 -0.000302951 0.999999881 -0.000488130 -0.001063342 -0.000171715 0.000488078 0.999999881 0.002257237
0.999999940 0.000330519 0.000012109 -0.000387535 -0.000330510 0.999999762 -0.000736985 0.000574500 -0.000012353 0.000736980 0.999999702 -0.000408938
0.999999881 0.000444009 0.000018285 -0.000120965 -0.000443995 0.999999642 -0.000733817 0.000545485 -0.000018611 0.000733809 0.999999702 0.001565114
0.999999940 0.000356143 0.000115691 -0.000619142 -0.000356086 0.999999881 -0.000492279 -0.001023863 -0.000115867 0.000492238 0.999999881 0.002479642
0.999999940 0.000317034 0.000077204 -0.000375596 -0.000317000 0.999999881 -0.000445179 -0.000924559 -0.000077345 0.000445154 0.999999940 0.003857036
0.999999940 0.000279367 -0.000024417 -0.000186862 -0.000279376 0.999999940 -0.000388436 -0.001188590 0.000024309 0.000388443 1.000000000 0.002563902
0.999999940 0.000352965 0.000021602 -0.000193484 -0.000352956 0.999999881 -0.000425382 -0.000799245 -0.000021752 0.000425374 0.999999881 0.003749612
0.999999881 0.000401547 -0.000262682 0.000269178 -0.000401726 0.999999762 -0.000682274 0.000216192 0.000262408 0.000682379 0.999999762 0.001112828
0.999999821 0.000470340 -0.000353954 -0.000364011 -0.000470674 0.999999464 -0.000944588 0.000750553 0.000353510 0.000944754 0.999999464 0.001224678
0.999999762 0.000317898 -0.000654933 0.000202811 -0.000318697 0.999999285 -0.001220637 0.000522214 0.000654545 0.001220845 0.999998987 0.001846568
0.999999523 0.000050202 -0.001019255 0.001018445 -0.000051521 0.999999225 -0.001293903 -0.001539150 0.001019189 0.001293955 0.999998689 0.007489038
0.999998450 0.000398138 -0.001796807 0.001237288 -0.000401283 0.999998391 -0.001749839 -0.000622882 0.001796107 0.001750557 0.999996781 0.015583859
0.999995649 -0.000263487 -0.002928473 0.002920750 0.000257255 0.999997675 -0.002128240 -0.001333026 0.002929027 0.002127477 0.999993443 0.022534048
0.999993205 0.000282166 -0.003678071 -0.002256955 -0.000290316 0.999997497 -0.002215565 0.002014522 0.003677437 0.002216618 0.999990761 0.060173862
0.999986589 0.000300619 -0.005187628 -0.005213518 -0.000311507 0.999997795 -0.002098075 0.003083214 0.005186985 0.002099663 0.999984324 0.090054028
0.999973536 0.000253917 -0.007286238 -0.008471549 -0.000268525 0.999997914 -0.002003892 0.002646998 0.007285715 0.002005795 0.999971390 0.118508942
0.999951839 0.000237608 -0.009810018 -0.012018680 -0.000258437 0.999997735 -0.002122037 0.004486027 0.009809490 0.002124470 0.999949634 0.154500619
0.999917567 0.000059770 -0.012842997 -0.016303575 -0.000085752 0.999997914 -0.002022515 0.004436203 0.012842851 0.002023449 0.999915421 0.190781996
0.999861658 -0.000342665 -0.016630687 -0.018478714 0.000308942 0.999997914 -0.002030309 0.005281691 0.016631348 0.002024890 0.999859691 0.228696451
0.999788105 -0.000434711 -0.020582210 -0.024583027 0.000392914 0.999997854 -0.002034749 0.005797765 0.020583047 0.002026231 0.999786079 0.271991193
0.999691308 -0.000427557 -0.024839845 -0.030574469 0.000374286 0.999997616 -0.002149194 0.007922677 0.024840707 0.002139234 0.999689162 0.317284584
0.999559283 -0.000825215 -0.029673573 -0.036829192 0.000768047 0.999997795 -0.001937909 0.005834622 0.029675109 0.001914264 0.999557793 0.358659893
0.999385357 -0.000726545 -0.035046455 -0.042570498 0.000649031 0.999997318 -0.002223074 0.009575034 0.035047978 0.002198961 0.999383211 0.412266791
0.999175727 -0.000911192 -0.040584814 -0.052689195 0.000821003 0.999997139 -0.002238857 0.009438515 0.040586740 0.002203691 0.999173582 0.457689494
0.998912036 -0.001014055 -0.046623085 -0.062126711 0.000916430 0.999997377 -0.002115245 0.007984834 0.046625104 0.002070217 0.998910308 0.507693350
0.998583913 -0.001086962 -0.053189125 -0.072772570 0.000976969 0.999997258 -0.002093929 0.010877554 0.053191260 0.002038999 0.998582244 0.560384512
0.998189628 -0.000843100 -0.060139328 -0.081705704 0.000717659 0.999997556 -0.002107415 0.012457707 0.060140960 0.002060441 0.998187780 0.614191055
0.997724414 -0.001301568 -0.067411512 -0.094002619 0.001164968 0.999997079 -0.002065628 0.011377861 0.067414008 0.001982395 0.997723103 0.663259864
0.997155190 -0.000807848 -0.075371914 -0.103973910 0.000659149 0.999997795 -0.001997725 0.013117773 0.075373366 0.001942361 0.997153461 0.704532027
0.996501803 -0.001292757 -0.083560683 -0.116113141 0.001129425 0.999997437 -0.002001893 0.014805378 0.083563060 0.001900515 0.996500671 0.758927166
0.995768964 -0.001256865 -0.091884024 -0.132012725 0.001081597 0.999997556 -0.001957259 0.014978760 0.091886252 0.001849596 0.995767832 0.811524570
0.994913936 -0.001531956 -0.100717045 -0.146310687 0.001333280 0.999997079 -0.002039902 0.017608397 0.100719869 0.001895243 0.994912982 0.866197944
0.993952513 -0.001555013 -0.109800518 -0.161661893 0.001341393 0.999997079 -0.002019367 0.017158281 0.109803334 0.001859869 0.993951678 0.915610075
0.992872119 -0.001492912 -0.119175397 -0.177225947 0.001246394 0.999996901 -0.002143034 0.018650131 0.119178243 0.001979219 0.992870927 0.971655488
0.991701663 -0.001399180 -0.128552377 -0.195939139 0.001142552 0.999997199 -0.002070016 0.020537786 0.128554910 0.001905961 0.991700649 1.027532101
0.990410447 -0.001727491 -0.138145551 -0.214775771 0.001466855 0.999997020 -0.001988462 0.020711049 0.138148576 0.001766753 0.990409970 1.079032660
0.988971531 -0.001701238 -0.148095965 -0.232962072 0.001419794 0.999996901 -0.002006116 0.022446197 0.148098931 0.001773726 0.988970935 1.133615255
0.987396240 -0.001904789 -0.158256426 -0.252492011 0.001600703 0.999996603 -0.002048919 0.023188975 0.158259809 0.001769773 0.987395942 1.191288829
0.985751331 -0.001731665 -0.168200016 -0.275742233 0.001392210 0.999996722 -0.002136064 0.024964839 0.168203175 0.001871458 0.985750556 1.240168571
0.983926356 -0.001744588 -0.178566039 -0.297827035 0.001341032 0.999996305 -0.002380657 0.027750298 0.178569540 0.002102929 0.983924985 1.295958042
0.981934249 -0.001778408 -0.189213619 -0.318223923 0.001410197 0.999996841 -0.002080616 0.026306871 0.189216703 0.001776200 0.981933773 1.348193169
0.979858935 -0.001868765 -0.199681535 -0.340466619 0.001464924 0.999996543 -0.002170153 0.028730305 0.199684903 0.001833926 0.979858458 1.402657390
0.977748930 -0.001459908 -0.209773347 -0.367065609 0.001064453 0.999997377 -0.001998044 0.028635528 0.209775716 0.001730292 0.977747917 1.451187611
0.975455284 -0.001363927 -0.220193222 -0.390993059 0.000977196 0.999997795 -0.001865240 0.028990379 0.220195249 0.001604286 0.975454450 1.503567934
0.973020077 -0.001736767 -0.230713740 -0.415172338 0.001332938 0.999997318 -0.001906202 0.030559272 0.230716407 0.001547245 0.973019779 1.556843877
0.970503569 -0.002085943 -0.241077870 -0.440297097 0.001641851 0.999996603 -0.002042965 0.031964257 0.241081297 0.001586891 0.970503569 1.607676506
0.967851341 -0.002175830 -0.251513451 -0.466940820 0.001706458 0.999996364 -0.002084282 0.033383861 0.251517057 0.001588078 0.967851520 1.661537766
0.965019584 -0.002720163 -0.262163758 -0.491963565 0.002181069 0.999994874 -0.002347294 0.034593046 0.262168735 0.001693388 0.965020537 1.713065505
0.962114751 -0.002891407 -0.272629648 -0.520982623 0.002306189 0.999994278 -0.002466982 0.035423167 0.272635251 0.001744784 0.962115884 1.765215993
0.959108233 -0.002925887 -0.283024192 -0.550316572 0.002317693 0.999994278 -0.002483714 0.036457643 0.283029765 0.001726188 0.959109545 1.816889286
0.955995083 -0.002896511 -0.293368280 -0.576510429 0.002191590 0.999993801 -0.002731529 0.039905652 0.293374449 0.001968385 0.955995619 1.869328737
0.952885211 -0.002721532 -0.303318858 -0.606915355 0.001985710 0.999994338 -0.002734291 0.041299455 0.303324580 0.002003162 0.952885270 1.921399951
0.949626386 -0.002430022 -0.313375026 -0.637720823 0.001624608 0.999994695 -0.002831234 0.042761300 0.313380212 0.002179503 0.949625313 1.972795010
0.946303785 -0.002365350 -0.323269904 -0.668344498 0.001454782 0.999994278 -0.003058346 0.044614591 0.323275298 0.002423838 0.946301877 2.025802851
0.943012357 -0.002207560 -0.332750171 -0.699167371 0.001251025 0.999994457 -0.003088851 0.044564255 0.332755119 0.002496546 0.943009973 2.080750227
0.939785421 -0.002244105 -0.341757596 -0.732322216 0.001152313 0.999993622 -0.003397624 0.046310250 0.341762990 0.002799226 0.939782083 2.135195255
0.936529279 -0.002025791 -0.350583464 -0.766804278 0.000826066 0.999993265 -0.003571594 0.048632305 0.350588292 0.003055297 0.936524689 2.194391727
0.933167815 -0.001880269 -0.359436035 -0.797044575 0.000640163 0.999993443 -0.003569139 0.049291503 0.359440386 0.003100508 0.933162928 2.248872280
0.929921508 -0.001863816 -0.367753446 -0.831911027 0.000553030 0.999993145 -0.003669656 0.050572276 0.367757767 0.003209113 0.929916143 2.306008577
0.926624000 -0.001886303 -0.375984550 -0.867437243 0.000458998 0.999992430 -0.003885718 0.053393170 0.375989020 0.003428024 0.926617801 2.369852304
0.923421144 -0.001720990 -0.383784324 -0.905890048 0.000180390 0.999991834 -0.004050191 0.055309679 0.383788198 0.003670801 0.923413932 2.433657646
0.920229316 -0.001644652 -0.391375989 -0.945530772 -0.000115088 0.999989927 -0.004472791 0.059479494 0.391379446 0.004161037 0.920219958 2.499409914
0.916955769 -0.001512026 -0.398985952 -0.986742139 -0.000424115 0.999988556 -0.004764338 0.059294827 0.398988575 0.004537903 0.916944623 2.568308830
0.913353741 -0.001690204 -0.407163411 -1.024821758 -0.000336779 0.999987841 -0.004906584 0.062409945 0.407166749 0.004618572 0.913342118 2.643896580
0.909949303 -0.001102613 -0.414717734 -1.074775934 -0.000931225 0.999988437 -0.004701914 0.064518742 0.414718151 0.004664700 0.909938037 2.726298809
0.906598687 -0.000421417 -0.421993494 -1.126903534 -0.001758520 0.999986947 -0.004776574 0.065473735 0.421989977 0.005072520 0.906586289 2.815965891
0.903289318 0.000066168 -0.429032058 -1.186305523 -0.002306632 0.999986291 -0.004702188 0.067778580 0.429025888 0.005237055 0.903277040 2.915667772
0.900178969 0.001067070 -0.435518742 -1.247786045 -0.003312879 0.999984801 -0.004397356 0.071580879 0.435507506 0.005401229 0.900168955 3.018102884
0.897484660 0.001650411 -0.441042483 -1.309207082 -0.003765086 0.999985158 -0.003919622 0.073365614 0.441029519 0.005178365 0.897477627 3.129862070
0.895338953 0.002157277 -0.445380151 -1.375794291 -0.004238975 0.999984264 -0.003677929 0.075264744 0.445365220 0.005180947 0.895334065 3.243551254
0.893391252 0.002340438 -0.449273407 -1.441092968 -0.004395242 0.999984086 -0.003530747 0.081429891 0.449258029 0.005129004 0.893387377 3.367511511
0.892143250 0.003310503 -0.451740503 -1.513212919 -0.005304841 0.999980986 -0.003148352 0.084423706 0.451721489 0.005205193 0.892143905 3.496049404
0.891101122 0.003499639 -0.453791320 -1.565637350 -0.005340695 0.999981821 -0.002775554 0.087807216 0.453773379 0.004896859 0.891103685 3.619011402
0.890916109 0.004151408 -0.454149038 -1.638178110 -0.006063611 0.999977827 -0.002754279 0.091194250 0.454127520 0.005207614 0.890921533 3.756741047
0.891121209 0.004832370 -0.453739583 -1.710036635 -0.006870211 0.999972284 -0.002842940 0.095686741 0.453713298 0.005650691 0.891129851 3.902229071
0.892184019 0.005867537 -0.451634049 -1.789076328 -0.008026123 0.999963701 -0.002863944 0.099455804 0.451600820 0.006180035 0.892198622 4.049514294
0.893689692 0.006139137 -0.448643744 -1.865692973 -0.008489918 0.999958694 -0.003228548 0.103610270 0.448605388 0.006694268 0.893704891 4.206618786
0.895898044 0.006903127 -0.444206119 -1.944009304 -0.009295906 0.999951601 -0.003208845 0.107524008 0.444162488 0.007004095 0.895918787 4.368342400
0.898703754 0.007513656 -0.438491851 -2.020459175 -0.009891671 0.999946177 -0.003139012 0.109590016 0.438444585 0.007158459 0.898729682 4.537216663
0.902116656 0.008496152 -0.431408614 -2.102805138 -0.010975656 0.999934375 -0.003258458 0.114799529 0.431352645 0.007674501 0.902150810 4.716026306
0.905640483 0.009178270 -0.423946947 -2.178685904 -0.011780667 0.999924421 -0.003518066 0.121740356 0.423882604 0.008180481 0.905680180 4.899423599
0.909135878 0.010160184 -0.416375697 -2.239838600 -0.012691654 0.999913990 -0.003312228 0.122993648 0.416306138 0.008295761 0.909186661 5.081021309
0.913427234 0.011463786 -0.406840533 -2.317561388 -0.013784403 0.999901175 -0.002773563 0.126055777 0.406768501 0.008141503 0.913495123 5.278556824
0.918055177 0.011869863 -0.396274686 -2.399355888 -0.014097134 0.999897003 -0.002708503 0.134354278 0.396201640 0.008072892 0.918128133 5.488620758
0.922849059 0.013664506 -0.384919316 -2.485226870 -0.016043667 0.999866843 -0.002969960 0.139954343 0.384827465 0.008916341 0.922945499 5.710489273
0.927806377 0.015219419 -0.372751474 -2.556486607 -0.017456068 0.999844313 -0.002625880 0.141893208 0.372653425 0.008943083 0.927927494 5.926692009
0.933163822 0.016624765 -0.359066576 -2.634373426 -0.018955585 0.999816000 -0.002971493 0.148294076 0.358951032 0.009579207 0.933307230 6.160070896
0.938742280 0.017470798 -0.344176799 -2.710567713 -0.019535966 0.999805987 -0.002533079 0.152404889 0.344065726 0.009101734 0.938901365 6.401058674
0.944360852 0.018744223 -0.328376710 -2.783753395 -0.020649748 0.999784112 -0.002316357 0.156987458 0.328262389 0.008968375 0.944543958 6.650541306
0.949658990 0.019002074 -0.312708586 -2.843288422 -0.020822577 0.999780118 -0.002482997 0.162290528 0.312592626 0.008869401 0.949845970 6.901916027
0.954920411 0.019964216 -0.296190023 -2.910396814 -0.021723505 0.999760509 -0.002649585 0.166018158 0.296066135 0.008964427 0.955125391 7.161932468
0.959932268 0.020892695 -0.279452294 -2.974399567 -0.022461109 0.999744833 -0.002411067 0.171993449 0.279330611 0.008591269 0.960156560 7.431269646
0.964744747 0.022127358 -0.262255490 -3.037127733 -0.023709901 0.999714732 -0.002871078 0.177659497 0.262117147 0.008987911 0.964994192 7.708859921
0.969241619 0.022808149 -0.245051920 -3.085338116 -0.024609504 0.999687850 -0.004291019 0.182321504 0.244877547 0.010189638 0.969500482 7.989663601
0.973689258 0.023350002 -0.226680115 -3.137914658 -0.025059719 0.999674976 -0.004667228 0.188008010 0.226497486 0.010224969 0.973958015 8.275906563
0.977859735 0.024366878 -0.207837790 -3.185743570 -0.025925037 0.999652505 -0.004776030 0.193202615 0.207649201 0.010058489 0.978151619 8.580811501
0.981680691 0.025073245 -0.188876629 -3.230600834 -0.026699154 0.999625087 -0.006068508 0.199047148 0.188653663 0.011000182 0.981982172 8.894083023
0.985067010 0.026273537 -0.170154274 -3.274648428 -0.027760416 0.999594331 -0.006364775 0.206850067 0.169918031 0.010993283 0.985396922 9.224746704
0.987982512 0.027510881 -0.152097717 -3.301326990 -0.028659230 0.999574840 -0.005362567 0.212337255 0.151885480 0.009657124 0.988351047 9.541028976
0.990674973 0.028153194 -0.133306444 -3.330990553 -0.029141754 0.999560237 -0.005470003 0.219119444 0.133093834 0.009303776 0.991059840 9.876552582
0.992983162 0.029220639 -0.114588648 -3.353700161 -0.030047502 0.999533474 -0.005494959 0.222801074 0.114374600 0.008899504 0.993397892 10.220549583
0.994949639 0.028838551 -0.096143425 -3.369276047 -0.029409934 0.999557197 -0.004531025 0.229793862 0.095970169 0.007335712 0.995357215 10.568513870
0.996478319 0.028244920 -0.078950122 -3.378473043 -0.028675975 0.999579370 -0.004331235 0.236554027 0.078794576 0.006579956 0.996869266 10.943264008
0.997644663 0.027436893 -0.062867753 -3.384048223 -0.027807033 0.999600828 -0.005020120 0.243578196 0.062704913 0.006756462 0.998009264 11.316244125
0.998453021 0.028762313 -0.047584716 -3.388995886 -0.028978178 0.999572575 -0.003852725 0.249205083 0.047453556 0.005225684 0.998859823 11.698181152
0.999023795 0.029122345 -0.033219352 -3.389151812 -0.029285526 0.999561250 -0.004436197 0.260566860 0.033075590 0.005404712 0.999438226 12.073134422
0.999337792 0.030147796 -0.020378049 -3.383370638 -0.030248962 0.999531448 -0.004674600 0.270998538 0.020227570 0.005287919 0.999781430 12.453820229
0.999501586 0.030387120 -0.008548532 -3.377004147 -0.030425007 0.999527633 -0.004337169 0.277383476 0.008412698 0.004595097 0.999954045 12.878766060
0.999577343 0.028989501 0.002123683 -3.363568306 -0.028980130 0.999570608 -0.004318663 0.285864830 -0.002247968 0.004255293 0.999988377 13.288473129
0.999491215 0.029824592 0.011304187 -3.346324205 -0.029793583 0.999551773 -0.002901714 0.291390955 -0.011385664 0.002563445 0.999931931 13.711784363
0.999346852 0.030166408 0.019896228 -3.330186605 -0.030135024 0.999544024 -0.001875258 0.303581178 -0.019943725 0.001274460 0.999800265 14.128271103
0.999111176 0.031232743 0.028307801 -3.311113119 -0.031185521 0.999511480 -0.002108279 0.313316077 -0.028359819 0.001223612 0.999596953 14.548454285
0.998850703 0.031434879 0.036182221 -3.293337822 -0.031378366 0.999505281 -0.002129014 0.322109818 -0.036231253 0.000991228 0.999342918 14.981073380
0.998574078 0.031156205 0.043347325 -3.265221357 -0.031074148 0.999513805 -0.002565662 0.331035703 -0.043406181 0.001215023 0.999056697 15.412299156
0.998248696 0.031883128 0.049829774 -3.232004642 -0.031767767 0.999490499 -0.003105645 0.339816362 -0.049903397 0.001517226 0.998752832 15.852815628
0.997913361 0.031646721 0.056278251 -3.200736523 -0.031467579 0.999496460 -0.004066710 0.348598093 -0.056378618 0.002287284 0.998406827 16.288454056
0.997469962 0.033614770 0.062639579 -3.169462204 -0.033389114 0.999431551 -0.004646065 0.360292941 -0.062760137 0.002542831 0.998025358 16.727569580
0.997068107 0.033526082 0.068782926 -3.139706135 -0.033300076 0.999435604 -0.004430234 0.371431470 -0.068892628 0.002126769 0.997621834 17.159715652
0.996657848 0.033575419 0.074470334 -3.099038363 -0.033341609 0.999434471 -0.004381099 0.381418645 -0.074575320 0.001883496 0.997213662 17.607904434
0.996271968 0.033547718 0.079477400 -3.057477951 -0.033324048 0.999435961 -0.004139438 0.387416303 -0.079571448 0.001475497 0.996828079 18.058750153
0.995868146 0.034471963 0.084014155 -3.013754845 -0.034207799 0.999404311 -0.004582176 0.397197485 -0.084122062 0.001689303 0.996454060 18.505636215
0.995438516 0.035702489 0.088473007 -2.968703032 -0.035431851 0.999361336 -0.004628145 0.409456283 -0.088581756 0.001472271 0.996067822 18.959398270
0.995035291 0.035582967 0.092944615 -2.923801899 -0.035361882 0.999366522 -0.004025041 0.421245813 -0.093028948 0.000718361 0.995663166 19.403999329
0.994631886 0.035940662 0.097034730 -2.880797863 -0.035821348 0.999353766 -0.002971946 0.426463455 -0.097078823 -0.000519923 0.995276690 19.841707230
0.994343281 0.034854464 0.100333117 -2.826702118 -0.034709867 0.999392331 -0.003187009 0.435059637 -0.100383222 -0.000313569 0.994948804 20.305175781
0.994038284 0.034213241 0.103524797 -2.770722866 -0.034135245 0.999413967 -0.002525520 0.440412432 -0.103550531 -0.001023382 0.994623721 20.775917053
0.993722141 0.034160875 0.106533803 -2.714670181 -0.034224212 0.999413311 -0.001234248 0.451848835 -0.106513470 -0.002419536 0.994308352 21.244632721
0.993446052 0.033874303 0.109167546 -2.659891844 -0.034118410 0.999417663 0.000368498 0.464985222 -0.109091491 -0.004090707 0.994023323 21.697992325
0.993252158 0.033130996 0.111142278 -2.605642796 -0.033455893 0.999439538 0.001059077 0.476358503 -0.111044906 -0.004770296 0.993803978 22.155481339
0.993026555 0.032589857 0.113296561 -2.557406664 -0.033013459 0.999453187 0.001864248 0.489506721 -0.113173865 -0.005591559 0.993559480 22.601818085
0.992966831 0.032210942 0.113925643 -2.500139713 -0.032728653 0.999460757 0.002676393 0.499806046 -0.113777980 -0.006386204 0.993485689 23.063076019
0.993051529 0.029491447 0.113924369 -2.441605091 -0.029958874 0.999548316 0.002392704 0.507714033 -0.113802336 -0.005789124 0.993486583 23.516950607
0.993076742 0.029883867 0.113601573 -2.385382175 -0.030438077 0.999531746 0.003146715 0.521719754 -0.113454334 -0.006582743 0.993521452 23.976575851
0.993156135 0.029528461 0.112999462 -2.339104176 -0.030188406 0.999535680 0.004133218 0.534949422 -0.112824962 -0.007516205 0.993586421 24.403760910
0.993297517 0.030003330 0.111623123 -2.288434267 -0.030648310 0.999521971 0.004066392 0.546911955 -0.111447759 -0.007460197 0.993742347 24.846961975
