1.000000000 0.000000000 0.000000000 0.000000000 0.000000000 1.000000000 0.000000000 0.000000000 0.000000000 0.000000000 1.000000000 0.000000000
1.000000000 -0.000132592 -0.000012564 -0.000407540 0.000132592 1.000000000 -0.000002174 0.000149178 0.000012565 0.000002172 1.000000000 0.000616599
1.000000000 -0.000070282 -0.000017134 0.000065654 0.000070283 1.000000000 0.000011623 0.000151490 0.000017133 -0.000011624 1.000000000 0.000715818
1.000000000 0.000005217 0.000013322 -0.000044866 -0.000005218 1.000000000 0.000035467 -0.000144180 -0.000013322 -0.000035467 1.000000000 0.000713735
1.000000000 0.000017977 0.000028064 -0.000129342 -0.000017977 1.000000000 0.000002972 0.000086325 -0.000028064 -0.000002972 1.000000000 0.000298978
1.000000000 -0.000059255 0.000021938 -0.000265807 0.000059255 1.000000000 0.000011278 0.000039924 -0.000021939 -0.000011277 1.000000000 0.000053110
1.000000000 0.000039176 0.000022794 -0.000503192 -0.000039177 1.000000000 0.000027580 -0.000005222 -0.000022793 -0.000027581 1.000000000 0.000004122
1.000000000 0.000064625 0.000028303 0.000150139 -0.000064625 1.000000000 0.000024747 0.000174370 -0.000028301 -0.000024749 1.000000000 -0.000700273
1.000000000 0.000061776 0.000024943 -0.000047995 -0.000061776 1.000000000 0.000019798 0.000218556 -0.000024942 -0.000019799 1.000000000 -0.000765377
1.000000000 0.000054178 0.000020134 -0.000205399 -0.000054178 1.000000000 0.000003797 0.000279619 -0.000020134 -0.000003798 1.000000000 -0.000815922
1.000000000 -0.000018109 0.000018698 -0.000207032 0.000018109 1.000000000 0.000015746 0.000147733 -0.000018698 -0.000015745 1.000000000 -0.000393338
1.000000000 -0.000024199 0.000006517 -0.000148342 0.000024199 1.000000000 0.000013448 0.000030850 -0.000006518 -0.000013448 1.000000000 -0.000445746
1.000000000 -0.000029211 0.000023472 -0.000399679 0.000029211 1.000000000 0.000018761 0.000123757 -0.000023472 -0.000018761 1.000000000 -0.001001322
1.000000000 0.000007794 0.000020664 -0.000105869 -0.000007794 1.000000000 0.000011587 0.000041289 -0.000020664 -0.000011587 1.000000000 0.000073372
1.000000000 0.000006766 0.000035435 -0.000143995 -0.000006766 1.000000000 0.000010977 0.000072177 -0.000035435 -0.000010977 1.000000000 0.000164541
1.000000000 0.000042494 0.000040881 0.000027520 -0.000042495 1.000000000 0.000035606 0.000016590 -0.000040880 -0.000035607 1.000000000 0.000766431
1.000000000 -0.000072211 0.000024008 -0.000577500 0.000072211 1.000000000 0.000003290 -0.000019025 -0.000024009 -0.000003288 1.000000000 0.000260647
1.000000000 -0.000015568 0.000016868 -0.000120597 0.000015568 1.000000000 -0.000004411 0.000200702 -0.000016868 0.000004412 1.000000000 0.000084370
1.000000000 0.000050239 0.000029707 -0.000253644 -0.000050240 1.000000000 0.000041708 -0.000119399 -0.000029705 -0.000041710 1.000000000 0.000092806
1.000000000 -0.000016240 0.000031006 -0.000327853 0.000016240 1.000000000 -0.000002024 0.000108564 -0.000031006 0.000002025 1.000000000 0.000294916
1.000000000 -0.000091238 -0.000000146 -0.000003835 0.000091238 1.000000000 -0.000042147 0.000111843 0.000000150 0.000042147 1.000000000 0.000512017
1.000000000 0.000028736 -0.000025578 -0.000240890 -0.000028735 1.000000000 0.000010178 0.000004244 0.000025578 -0.000010177 1.000000000 -0.000077741
1.000000000 0.000044513 0.000002709 -0.000272009 -0.000044513 1.000000000 -0.000059341 0.000019080 -0.000002712 0.000059341 1.000000000 0.000147136
1.000000000 -0.000006407 -0.000001047 -0.000389028 0.000006407 1.000000000 -0.000126709 0.000263571 0.000001048 0.000126709 1.000000000 -0.001282548
1.000000000 0.000033580 -0.000004372 -0.000038255 -0.000033581 1.000000000 -0.000135864 0.000271902 0.000004368 0.000135864 1.000000000 -0.000445048
1.000000000 -0.000014080 0.000030579 -0.000389021 0.000014082 1.000000000 -0.000071637 -0.000053609 -0.000030578 0.000071637 1.000000000 -0.000176408
1.000000000 0.000070912 0.000025562 -0.000479431 -0.000070910 1.000000000 -0.000077322 0.000196568 -0.000025567 0.000077320 1.000000000 -0.000728335
1.000000000 0.000017225 0.000030779 -0.000429553 -0.000017223 1.000000000 -0.000045321 0.000064155 -0.000030780 0.000045321 1.000000000 -0.000434995
1.000000000 0.000094956 0.000051559 -0.000510292 -0.000094957 1.000000000 0.000028700 -0.000035730 -0.000051557 -0.000028705 1.000000000 0.000444144
1.000000000 0.000066708 0.000024712 -0.000336694 -0.000066707 1.000000000 -0.000017360 -0.000063876 -0.000024714 0.000017358 1.000000000 -0.000586290
1.000000000 0.000022208 0.000009252 -0.000262371 -0.000022208 1.000000000 -0.000020645 0.000007199 -0.000009253 0.000020645 1.000000000 -0.000245154
1.000000000 0.000193861 0.000078300 -0.000753281 -0.000193959 0.999999225 0.001242913 -0.000051252 -0.000078059 -0.001242928 0.999999225 0.000141026
1.000000000 0.000012646 -0.000112726 -0.000989661 -0.000012508 0.999999225 0.001225472 -0.000223546 0.000112741 -0.001225471 0.999999225 -0.002817795
1.000000000 -0.000166034 -0.000099995 -0.000964230 0.000166137 0.999999464 0.001033198 -0.000225107 0.000099823 -0.001033215 0.999999464 -0.002243703
0.999999940 -0.000232759 -0.000144144 -0.001445734 0.000232813 0.999999881 0.000370869 -0.000137627 0.000144058 -0.000370903 0.999999940 -0.004419034
1.000000000 -0.000003865 -0.000064607 -0.000908740 0.000003873 1.000000000 0.000136159 0.000049410 0.000064607 -0.000136160 1.000000000 -0.002939472
1.000000000 0.000148148 0.000081515 -0.000572882 -0.000148154 1.000000000 0.000073843 -0.000204564 -0.000081505 -0.000073855 1.000000000 -0.000314041
0.999999940 0.000343480 0.000135136 -0.000734545 -0.000343460 0.999999940 -0.000145550 0.000010098 -0.000135186 0.000145503 1.000000000 -0.001428946
0.999999940 0.000279437 0.000102216 -0.001111927 -0.000279422 0.999999940 -0.000140112 0.000201691 -0.000102255 0.000140083 1.000000000 -0.001717648
1.000000000 0.000109247 0.000072904 -0.000964543 -0.000109236 1.000000000 -0.000159041 0.000096542 -0.000072921 0.000159033 1.000000000 -0.000634201
1.000000000 0.000122682 0.000047736 -0.001053496 -0.000122673 1.000000000 -0.000182912 0.000043848 -0.000047759 0.000182907 1.000000000 -0.002106376
1.000000000 0.000055772 0.000024237 -0.000792096 -0.000055772 1.000000000 -0.000022538 0.000090308 -0.000024238 0.000022536 1.000000000 -0.001776674
1.000000000 0.000003272 0.000051259 -0.000605980 -0.000003272 1.000000000 0.000008104 0.000081452 -0.000051259 -0.000008104 1.000000000 -0.000540499
1.000000000 -0.000026614 0.000033696 -0.000580973 0.000026614 1.000000000 0.000001373 0.000064966 -0.000033696 -0.000001372 1.000000000 -0.000337878
1.000000000 0.000056851 -0.000009886 -0.000851327 -0.000056851 1.000000000 0.000024978 -0.000102332 0.000009887 -0.000024977 1.000000000 -0.001718162
1.000000000 -0.000073690 0.000012325 -0.000708898 0.000073690 1.000000000 -0.000014954 -0.000173206 -0.000012324 0.000014955 1.000000000 -0.002045752
1.000000000 0.000175968 0.000002528 -0.001068524 -0.000175967 1.000000000 -0.000075274 0.000249490 -0.000002541 0.000075273 1.000000000 -0.002345509
0.999999940 0.000274754 0.000009446 -0.000882739 -0.000274753 0.999999940 -0.000121940 0.000476773 -0.000009479 0.000121938 1.000000000 -0.001478824
0.999999881 0.000517134 0.000033911 -0.000946007 -0.000517124 0.999999821 -0.000289510 0.000481663 -0.000034061 0.000289492 0.999999940 -0.001400719
0.999999702 0.000772178 -0.000120360 -0.001124416 -0.000772259 0.999999464 -0.000668813 0.000896688 0.000119844 0.000668906 0.999999762 -0.002228328
0.999998987 0.001421808 -0.000091225 -0.001301180 -0.001421924 0.999998152 -0.001282805 0.001110036 0.000089401 0.001282934 0.999999166 -0.002556473
0.999998927 0.001456721 0.000196510 -0.002390943 -0.001456529 0.999998450 -0.000973622 0.000823289 -0.000197928 0.000973335 0.999999523 -0.003920994
0.999998927 0.001442439 -0.000169928 -0.001638261 -0.001442500 0.999998868 -0.000362787 -0.000000825 0.000169405 0.000363032 0.999999940 -0.000765369
0.999999523 0.001002816 0.000076492 -0.001357724 -0.001002755 0.999999166 -0.000792529 0.000858539 -0.000077286 0.000792451 0.999999702 -0.003101348
0.999999166 0.001309797 0.000093470 -0.001117370 -0.001309695 0.999998569 -0.001078980 0.001180213 -0.000094883 0.001078857 0.999999404 -0.003320580
0.999998748 0.001569691 -0.000064175 -0.002150832 -0.001569736 0.999998510 -0.000721378 0.001187728 0.000063042 0.000721478 0.999999762 -0.003310980
0.999998212 0.001888518 0.000033858 -0.002255432 -0.001888493 0.999997973 -0.000705904 0.000667057 -0.000035191 0.000705838 0.999999762 -0.003218565
0.999999046 0.001400626 0.000024688 -0.002099196 -0.001400601 0.999998510 -0.000986857 0.000736317 -0.000026070 0.000986822 0.999999523 -0.003233959
0.999999702 0.000764364 -0.000095116 -0.001270975 -0.000764448 0.999999344 -0.000878493 0.000986100 0.000094444 0.000878565 0.999999583 -0.002870503
0.999999702 0.000762636 0.000095892 -0.001757508 -0.000762564 0.999999404 -0.000753349 0.000599685 -0.000096467 0.000753276 0.999999702 -0.003710819
0.999999344 0.001123736 -0.000095856 -0.001549208 -0.001123831 0.999998868 -0.001000030 0.001131555 0.000094732 0.001000137 0.999999523 -0.002385532
0.999999642 0.000729585 -0.000464867 -0.001074475 -0.000730070 0.999999166 -0.001042545 0.001058767 0.000464106 0.001042884 0.999999344 -0.004590739
1.000000000 0.000026420 0.000101737 -0.000405512 -0.000026272 0.999998927 -0.001455253 0.000811639 -0.000101776 0.001455251 0.999998927 -0.000799901
0.999999881 0.000381890 0.000203755 -0.000810359 -0.000381715 0.999999583 -0.000857843 0.001177835 -0.000204083 0.000857765 0.999999583 -0.000906179
0.999999523 0.000950712 0.000070160 -0.002079041 -0.000950598 0.999998271 -0.001608205 0.000824573 -0.000071688 0.001608137 0.999998689 -0.001466140
0.999999285 0.001106570 0.000386648 -0.002082734 -0.001106179 0.999998868 -0.001008951 0.001293702 -0.000387764 0.001008523 0.999999404 -0.002862826
0.999999762 0.000683333 0.000095208 -0.001210586 -0.000683219 0.999999046 -0.001195773 0.001236838 -0.000096025 0.001195707 0.999999285 -0.003743756
0.999999881 0.000506733 0.000047178 -0.001223729 -0.000506681 0.999999285 -0.001089866 0.001097189 -0.000047730 0.001089841 0.999999404 -0.003916178
0.999999702 0.000779652 0.000106623 -0.001808004 -0.000779559 0.999999344 -0.000873582 0.000957743 -0.000107304 0.000873499 0.999999642 -0.001424870
0.999999642 0.000875746 -0.000057660 -0.001435816 -0.000875788 0.999999344 -0.000732555 0.001121419 0.000057019 0.000732606 0.999999702 -0.003092458
0.999999642 0.000802784 0.000106072 -0.001631948 -0.000802706 0.999999404 -0.000735398 0.001287249 -0.000106662 0.000735312 0.999999702 -0.002762820
0.999999821 0.000628427 0.000023953 -0.001544767 -0.000628405 0.999999404 -0.000879457 0.001022959 -0.000024506 0.000879442 0.999999642 -0.003024151
0.999999702 0.000771524 -0.000055119 -0.001514613 -0.000771568 0.999999344 -0.000810400 0.001046885 0.000054493 0.000810442 0.999999642 -0.002578535
0.999999642 0.000863102 0.000025425 -0.001384296 -0.000863081 0.999999285 -0.000820918 0.001139536 -0.000026134 0.000820895 0.999999642 -0.002900143
0.999999821 0.000638142 0.000029885 -0.001098189 -0.000638114 0.999999404 -0.000915117 0.001473693 -0.000030468 0.000915098 0.999999583 -0.002485709
0.999999702 0.000762328 0.000012010 -0.001150953 -0.000762320 0.999999464 -0.000711401 0.001005049 -0.000012553 0.000711392 0.999999762 -0.002001683
0.999999702 0.000751352 0.000016127 -0.001177327 -0.000751337 0.999999344 -0.000896633 0.001689835 -0.000016800 0.000896620 0.999999583 -0.002494567
0.999999583 0.000926274 0.000014875 -0.001674838 -0.000926262 0.999999285 -0.000774590 0.001042168 -0.000015592 0.000774576 0.999999702 -0.002295140
0.999999642 0.000872322 0.000025530 -0.001082505 -0.000872307 0.999999464 -0.000597993 0.000994785 -0.000026051 0.000597970 0.999999821 -0.001774731
0.999999762 0.000649045 0.000052673 -0.001028146 -0.000649008 0.999999523 -0.000708497 0.000969355 -0.000053133 0.000708463 0.999999762 -0.001881643
0.999999642 0.000862288 0.000060204 -0.001338887 -0.000862247 0.999999404 -0.000679042 0.001093195 -0.000060790 0.000678990 0.999999762 -0.002305290
0.999999642 0.000869773 0.000004489 -0.001224672 -0.000869769 0.999999404 -0.000639418 0.001107333 -0.000005045 0.000639414 0.999999821 -0.001673118
0.999999583 0.000913255 0.000024374 -0.001590999 -0.000913238 0.999999344 -0.000711360 0.001169815 -0.000025023 0.000711338 0.999999762 -0.002429588
0.999999583 0.000890635 0.000022424 -0.001269744 -0.000890618 0.999999344 -0.000753225 0.001229731 -0.000023095 0.000753205 0.999999702 -0.001724971
0.999999642 0.000862260 0.000024955 -0.001532020 -0.000862243 0.999999404 -0.000684614 0.001416422 -0.000025545 0.000684592 0.999999762 -0.002535468
0.999999523 0.000955687 0.000016691 -0.001121889 -0.000955676 0.999999344 -0.000631712 0.001193239 -0.000017294 0.000631696 0.999999821 -0.001879511
0.999999702 0.000795320 -0.000010869 -0.001027349 -0.000795328 0.999999404 -0.000734150 0.001048503 0.000010285 0.000734159 0.999999702 -0.001836199
0.999999702 0.000784908 0.000023072 -0.000803384 -0.000784890 0.999999404 -0.000768970 0.001474725 -0.000023675 0.000768952 0.999999702 -0.000283094
0.999999642 0.000827026 0.000002750 -0.001012940 -0.000827024 0.999999464 -0.000622001 0.000820877 -0.000003264 0.000621998 0.999999821 -0.001795667
0.999999583 0.000935412 -0.000007826 -0.001391742 -0.000935417 0.999999344 -0.000697696 0.001048033 0.000007173 0.000697703 0.999999762 -0.002033415
0.999999702 0.000802372 0.000027524 -0.001405994 -0.000802352 0.999999404 -0.000726796 0.001256933 -0.000028107 0.000726774 0.999999762 -0.002085873
0.999999642 0.000870896 -0.000005874 -0.001362437 -0.000870899 0.999999404 -0.000630072 0.000836885 0.000005325 0.000630077 0.999999821 -0.002153394
0.999999642 0.000842931 0.000006555 -0.001174883 -0.000842926 0.999999404 -0.000705037 0.001121907 -0.000007149 0.000705031 0.999999762 -0.003053853
0.999999583 0.000888899 -0.000009527 -0.001113677 -0.000888906 0.999999344 -0.000718232 0.001044081 0.000008889 0.000718240 0.999999762 -0.001968927
0.999999642 0.000860556 0.000016858 -0.001744505 -0.000860544 0.999999404 -0.000688395 0.000758519 -0.000017450 0.000688380 0.999999762 -0.002989139
0.999999642 0.000848550 0.000007225 -0.000981427 -0.000848545 0.999999404 -0.000707740 0.001102130 -0.000007826 0.000707733 0.999999762 -0.001166841
0.999999762 0.000704353 -0.000003511 -0.000987215 -0.000704356 0.999999464 -0.000733785 0.001041935 0.000002994 0.000733787 0.999999702 -0.002252995
0.999999642 0.000859447 0.000018122 -0.001207827 -0.000859434 0.999999404 -0.000707262 0.001096574 -0.000018730 0.000707246 0.999999762 -0.002229908
0.999999583 0.000888671 -0.000000463 -0.000768324 -0.000888672 0.999999404 -0.000666050 0.000987650 -0.000000129 0.000666050 0.999999762 -0.000683203
0.999999583 0.000916612 -0.000002273 -0.001358933 -0.000916613 0.999999344 -0.000690736 0.000963414 0.000001639 0.000690738 0.999999762 -0.002265407
0.999999702 0.000750866 0.000026710 -0.001387180 -0.000750847 0.999999464 -0.000713171 0.000950818 -0.000027246 0.000713151 0.999999762 -0.002096851
0.999999642 0.000812093 -0.000002869 -0.000977538 -0.000812095 0.999999404 -0.000698942 0.000917315 0.000002302 0.000698944 0.999999762 -0.001883441
0.999999583 0.000920346 -0.000005856 -0.001219472 -0.000920350 0.999999344 -0.000716775 0.001168209 0.000005196 0.000716780 0.999999762 -0.001671239
0.999999583 0.000936664 0.000008664 -0.001292247 -0.000936658 0.999999285 -0.000709151 0.000744010 -0.000009328 0.000709142 0.999999762 -0.001365124
0.999999702 0.000783572 -0.000007017 -0.001188479 -0.000783577 0.999999404 -0.000728679 0.001230957 0.000006446 0.000728684 0.999999762 -0.001396424
0.999999702 0.000771659 0.000036595 -0.001355010 -0.000771633 0.999999464 -0.000702098 0.000967127 -0.000037137 0.000702069 0.999999762 -0.002227088
0.999999642 0.000840782 0.000005413 -0.001078662 -0.000840778 0.999999404 -0.000712129 0.001173197 -0.000006011 0.000712124 0.999999762 -0.001879425
0.999999583 0.000922755 0.000023419 -0.001339533 -0.000922738 0.999999344 -0.000710468 0.001152776 -0.000024075 0.000710446 0.999999762 -0.002015020
0.999999642 0.000875491 0.000030123 -0.001251358 -0.000875469 0.999999344 -0.000728284 0.001057506 -0.000030760 0.000728258 0.999999762 -0.002352693
0.999999642 0.000877409 0.000051242 -0.001422206 -0.000877373 0.999999344 -0.000702152 0.001227657 -0.000051858 0.000702107 0.999999762 -0.002810852
0.999999583 0.000883694 0.000019101 -0.001155220 -0.000883681 0.999999344 -0.000703295 0.001136991 -0.000019723 0.000703278 0.999999762 -0.001864158
0.999999583 0.000911189 0.000017941 -0.001212569 -0.000911176 0.999999344 -0.000724401 0.001267627 -0.000018601 0.000724384 0.999999762 -0.001754734
0.999999523 0.000948722 0.000008624 -0.001456227 -0.000948715 0.999999285 -0.000727852 0.001116378 -0.000009314 0.000727843 0.999999762 -0.002863554
0.999999642 0.000836888 0.000009141 -0.001370596 -0.000836881 0.999999404 -0.000709087 0.001310475 -0.000009735 0.000709079 0.999999762 -0.002516585
0.999999583 0.000882419 0.000039103 -0.001569937 -0.000882392 0.999999404 -0.000684817 0.000921898 -0.000039707 0.000684783 0.999999762 -0.002944702
0.999999583 0.000892170 0.000018956 -0.001563622 -0.000892156 0.999999344 -0.000748218 0.001322774 -0.000019624 0.000748201 0.999999702 -0.002675864
0.999999642 0.000860594 0.000019245 -0.001896847 -0.000860580 0.999999344 -0.000756815 0.001403620 -0.000019896 0.000756798 0.999999702 -0.003472377
0.999999642 0.000874071 0.000029532 -0.001774591 -0.000874050 0.999999344 -0.000704984 0.001256831 -0.000030149 0.000704958 0.999999762 -0.003613414
0.999999642 0.000861557 0.000038923 -0.001378537 -0.000861530 0.999999404 -0.000704385 0.001124593 -0.000039530 0.000704351 0.999999762 -0.002739595
0.999999642 0.000850745 -0.000005486 -0.001318711 -0.000850749 0.999999344 -0.000741021 0.001146594 0.000004856 0.000741025 0.999999702 -0.002817593
0.999999583 0.000898779 -0.000012644 -0.001398315 -0.000898788 0.999999344 -0.000734262 0.001119316 0.000011984 0.000734273 0.999999702 -0.002929008
0.999999583 0.000915692 0.000022722 -0.001452636 -0.000915676 0.999999344 -0.000694118 0.001069256 -0.000023357 0.000694096 0.999999762 -0.003328402
0.999999642 0.000845093 0.000011643 -0.001524745 -0.000845084 0.999999344 -0.000744509 0.001434537 -0.000012272 0.000744499 0.999999702 -0.002792070
0.999999642 0.000871097 0.000031175 -0.001791515 -0.000871074 0.999999344 -0.000709565 0.001088471 -0.000031794 0.000709538 0.999999762 -0.003438618
0.999999642 0.000837047 0.000001151 -0.001383043 -0.000837046 0.999999404 -0.000729543 0.001078405 -0.000001761 0.000729542 0.999999762 -0.003291130
0.999999642 0.000850817 -0.000022517 -0.001208080 -0.000850836 0.999999285 -0.000830172 0.001104579 0.000021811 0.000830191 0.999999642 -0.002621132
0.999999642 0.000822594 0.000000479 -0.001986492 -0.000822593 0.999999344 -0.000832940 0.001184359 -0.000001164 0.000832939 0.999999642 -0.003156250
0.999999583 0.000887652 0.000043471 -0.001722385 -0.000887618 0.999999344 -0.000755543 0.001449873 -0.000044142 0.000755504 0.999999702 -0.002291822
0.999999642 0.000831305 0.000063432 -0.001616372 -0.000831260 0.999999404 -0.000715203 0.000947136 -0.000064027 0.000715150 0.999999762 -0.002659115
0.999999702 0.000764917 0.000063480 -0.001648452 -0.000764865 0.999999344 -0.000817798 0.000880978 -0.000064105 0.000817749 0.999999642 -0.003447702
0.999999642 0.000808853 0.000107520 -0.001935336 -0.000808771 0.999999404 -0.000763049 0.001043769 -0.000108137 0.000762962 0.999999702 -0.002638834
0.999999642 0.000814376 0.000110286 -0.001561715 -0.000814294 0.999999404 -0.000745288 0.000983516 -0.000110893 0.000745198 0.999999702 -0.002143183
0.999999642 0.000804512 0.000108033 -0.001554106 -0.000804427 0.999999344 -0.000787249 0.000738595 -0.000108666 0.000787162 0.999999702 -0.003037608
0.999999642 0.000829614 0.000149884 -0.001890199 -0.000829491 0.999999344 -0.000821093 0.000897255 -0.000150565 0.000820968 0.999999642 -0.003254706
0.999999702 0.000737119 0.000178893 -0.002133964 -0.000736984 0.999999464 -0.000753062 0.001149509 -0.000179448 0.000752930 0.999999702 -0.003875006
0.999999762 0.000641110 0.000178956 -0.001809563 -0.000640981 0.999999523 -0.000719846 0.000919297 -0.000179417 0.000719731 0.999999702 -0.003127354
0.999999702 0.000789083 0.000141250 -0.001657180 -0.000788976 0.999999404 -0.000752706 0.001160451 -0.000141844 0.000752594 0.999999702 -0.003922787
0.999999583 0.000894709 0.000150710 -0.002260043 -0.000894594 0.999999285 -0.000762463 0.001213960 -0.000151392 0.000762328 0.999999702 -0.003263603
0.999999583 0.000887134 0.000066166 -0.001327061 -0.000887088 0.999999344 -0.000700691 0.001493936 -0.000066787 0.000700632 0.999999762 -0.002507505
0.999999583 0.000884761 0.000004811 -0.001203171 -0.000884758 0.999999404 -0.000656763 0.000998971 -0.000005392 0.000656758 0.999999762 -0.002732662
0.999999762 0.000729477 -0.000005083 -0.001113972 -0.000729480 0.999999523 -0.000663904 0.001054467 0.000004599 0.000663908 0.999999762 -0.002011638
0.999999702 0.000747751 -0.000132798 -0.001589768 -0.000747846 0.999999464 -0.000713375 0.000650808 0.000132264 0.000713474 0.999999762 -0.003378488
0.999999702 0.000759570 -0.000257121 -0.001544614 -0.000759809 0.999999285 -0.000932078 0.000793610 0.000256413 0.000932273 0.999999523 -0.001859887
0.999999642 0.000703306 -0.000504499 -0.000904562 -0.000703910 0.999999046 -0.001197014 0.000531323 0.000503656 0.001197369 0.999999166 0.002684649
0.999999404 0.000556389 -0.000948886 -0.000679148 -0.000557856 0.999998629 -0.001546468 0.001181894 0.000948024 0.001546996 0.999998331 0.007430354
0.999998629 0.000643420 -0.001509050 -0.002776193 -0.000646235 0.999998033 -0.001865678 0.001617224 0.001507847 0.001866650 0.999997139 0.018814204
0.999997258 0.000564707 -0.002279926 -0.004275072 -0.000569971 0.999997199 -0.002308812 0.003361365 0.002278615 0.002310105 0.999994755 0.039486926
0.999994218 0.000783031 -0.003306993 -0.007514318 -0.000790642 0.999997020 -0.002300819 0.004232963 0.003305181 0.002303421 0.999991894 0.063088283
0.999987364 0.000212101 -0.005022794 -0.008476561 -0.000222729 0.999997735 -0.002115430 0.002905896 0.005022334 0.002116522 0.999985158 0.087134421
0.999974728 0.000280941 -0.007099703 -0.010984954 -0.000295834 0.999997735 -0.002096788 0.004157311 0.007099098 0.002098835 0.999972582 0.118437327
0.999952555 0.000067386 -0.009738519 -0.013986077 -0.000088578 0.999997616 -0.002175781 0.004933647 0.009738349 0.002176540 0.999950230 0.151194662
0.999918997 0.000148723 -0.012726707 -0.018544447 -0.000174801 0.999997914 -0.002047999 0.004589977 0.012726376 0.002050058 0.999916911 0.188327670
0.999867141 0.000125192 -0.016298713 -0.023250641 -0.000159684 0.999997735 -0.002114953 0.006971808 0.016298411 0.002117275 0.999864936 0.228292957
0.999792755 -0.000253736 -0.020355573 -0.027881484 0.000211072 0.999997795 -0.002098052 0.006945184 0.020356061 0.002093321 0.999790609 0.267758429
0.999695599 -0.000389447 -0.024668282 -0.033869799 0.000337829 0.999997735 -0.002096616 0.007523875 0.024669044 0.002087644 0.999693513 0.311925679
0.999564469 -0.000783158 -0.029500179 -0.039225411 0.000722981 0.999997616 -0.002050498 0.007935113 0.029501716 0.002028277 0.999562681 0.359493017
0.999394953 -0.000523823 -0.034776565 -0.046609264 0.000449115 0.999997556 -0.002155998 0.009116898 0.034777608 0.002139075 0.999392807 0.406040043
0.999184608 -0.000780576 -0.040367298 -0.055142108 0.000690892 0.999997258 -0.002235623 0.009032466 0.040368933 0.002205911 0.999182403 0.454338431
0.998921454 -0.000881720 -0.046424091 -0.064365208 0.000780324 0.999997258 -0.002202207 0.010843411 0.046425905 0.002163606 0.998919368 0.507271767
0.998596013 -0.000786999 -0.052966002 -0.074593216 0.000672283 0.999997377 -0.002183625 0.012858180 0.052967582 0.002144951 0.998593926 0.560698628
0.998203754 -0.000974017 -0.059902657 -0.085149631 0.000853379 0.999997556 -0.002039450 0.012503907 0.059904497 0.001984667 0.998202145 0.610572159
0.997743130 -0.000910244 -0.067140020 -0.097422726 0.000784637 0.999997914 -0.001897157 0.010527476 0.067141607 0.001840195 0.997741759 0.660970509
0.997194588 -0.001226278 -0.074842677 -0.109434120 0.001087448 0.999997616 -0.001895673 0.011347237 0.074844822 0.001808967 0.997193575 0.710928500
0.996555388 -0.001294286 -0.082919702 -0.122699469 0.001139479 0.999997497 -0.001914255 0.014458727 0.082921974 0.001813176 0.996554375 0.766676009
0.995808482 -0.001534070 -0.091450147 -0.135590911 0.001368616 0.999997318 -0.001871906 0.013613772 0.091452777 0.001738900 0.995807886 0.819911301
0.994958460 -0.001942622 -0.100268982 -0.150794506 0.001753488 0.999996543 -0.001974361 0.016956996 0.100272462 0.001788587 0.994958401 0.870132327
0.994017303 -0.001717498 -0.109209158 -0.168203115 0.001519505 0.999997020 -0.001896168 0.016670521 0.109212093 0.001718880 0.994017005 0.920644641
0.992925763 -0.001511867 -0.118726589 -0.182819754 0.001285543 0.999997199 -0.001982820 0.017978672 0.118729249 0.001816165 0.992924988 0.971031785
0.991758347 -0.001602745 -0.128112391 -0.202182487 0.001371792 0.999997258 -0.001890947 0.020133711 0.128115088 0.001699619 0.991757810 1.030499339
0.990468919 -0.001813947 -0.137724429 -0.221344143 0.001565825 0.999996960 -0.001909906 0.021619493 0.137727439 0.001676050 0.990468800 1.084759116
0.989021182 -0.001948628 -0.147760883 -0.238645047 0.001685638 0.999996722 -0.001905040 0.023015993 0.147764131 0.001635054 0.989021242 1.139143705
0.987462044 -0.001987339 -0.157844484 -0.259518176 0.001703662 0.999996722 -0.001932479 0.023819860 0.157847792 0.001639336 0.987462163 1.195559263
0.985797763 -0.001927397 -0.167925403 -0.281680167 0.001605644 0.999996603 -0.002051805 0.025828451 0.167928800 0.001753036 0.985797584 1.247512698
0.983989775 -0.002124922 -0.178212121 -0.304137111 0.001764033 0.999996066 -0.002183480 0.027042931 0.178216040 0.001834150 0.983989716 1.302277803
0.982047260 -0.002042034 -0.188623890 -0.327122033 0.001681200 0.999996483 -0.002072955 0.027974747 0.188627467 0.001718626 0.982047260 1.356534243
0.979962766 -0.001907661 -0.199171722 -0.349695176 0.001518844 0.999996603 -0.002104938 0.029964212 0.199175075 0.001760251 0.979962349 1.410567641
0.977794290 -0.001738973 -0.209559768 -0.373545408 0.001359138 0.999997139 -0.001956535 0.030737419 0.209562585 0.001628268 0.977793872 1.463325977
0.975515187 -0.001649065 -0.219926000 -0.399188787 0.001258224 0.999997377 -0.001917209 0.031932741 0.219928607 0.001593550 0.975514650 1.516649365
0.973092020 -0.001801032 -0.230409816 -0.423346341 0.001370309 0.999997020 -0.002029382 0.033675075 0.230412811 0.001659043 0.973091543 1.569977403
0.970584273 -0.002106019 -0.240752593 -0.449351758 0.001626228 0.999996305 -0.002191542 0.035601370 0.240756333 0.001735557 0.970584154 1.622721791
0.967898667 -0.002427017 -0.251328796 -0.475447059 0.001937394 0.999995708 -0.002195552 0.036058739 0.251333058 0.001638149 0.967899203 1.675974965
0.965095460 -0.002936115 -0.261881769 -0.502369761 0.002366795 0.999994040 -0.002489345 0.038195096 0.261887521 0.001782635 0.965096712 1.731076837
0.962170899 -0.003088778 -0.272428870 -0.529981256 0.002468440 0.999993622 -0.002619755 0.039239172 0.272435158 0.001848177 0.962172389 1.781837583
0.959137619 -0.003156648 -0.282922149 -0.558175147 0.002499141 0.999993265 -0.002684862 0.040932879 0.282928765 0.001868090 0.959139168 1.834700465
0.956075788 -0.003046639 -0.293104202 -0.588073373 0.002354735 0.999993503 -0.002713418 0.042232193 0.293110609 0.001904050 0.956076682 1.888863206
0.952958763 -0.002701553 -0.303088069 -0.618174314 0.001992085 0.999994457 -0.002649934 0.043431722 0.303093553 0.001921500 0.952958941 1.940418720
0.949689984 -0.002631782 -0.313180655 -0.648575008 0.001858749 0.999994457 -0.002766877 0.044453450 0.313186228 0.002045551 0.949689567 1.993108392
0.946387351 -0.002369664 -0.323025376 -0.679221630 0.001485725 0.999994457 -0.002982984 0.045846999 0.323030680 0.002343131 0.946385562 2.045336962
0.943122208 -0.002217271 -0.332438797 -0.710611761 0.001270874 0.999994576 -0.003064232 0.046560872 0.332443714 0.002467458 0.943119884 2.098787546
0.939889312 -0.002216065 -0.341472328 -0.744161844 0.001159567 0.999993920 -0.003298033 0.047432702 0.341477573 0.002703825 0.939885974 2.155513287
0.936641216 -0.002140459 -0.350283802 -0.777450383 0.000952916 0.999993205 -0.003562552 0.050300770 0.350289047 0.003003042 0.936636865 2.211355686
0.933391333 -0.001913416 -0.358855098 -0.811824441 0.000681394 0.999993503 -0.003559645 0.051874045 0.358859539 0.003078019 0.933386564 2.268353939
0.930031061 -0.002073119 -0.367474973 -0.844501019 0.000777980 0.999992967 -0.003672519 0.053760741 0.367480040 0.003129669 0.930026174 2.327761889
0.926774621 -0.002027317 -0.375612348 -0.879797459 0.000635643 0.999992490 -0.003828960 0.054958224 0.375617266 0.003309827 0.926769018 2.387603521
0.923543692 -0.002066038 -0.383487552 -0.916607380 0.000563053 0.999991715 -0.004031466 0.057452679 0.383492708 0.003507311 0.923537195 2.452520847
0.920356214 -0.001843617 -0.391076654 -0.956379890 0.000180790 0.999990761 -0.004288694 0.058775134 0.391080916 0.003876424 0.920348108 2.517728567
0.917082906 -0.001863360 -0.398692131 -0.996283174 -0.000003643 0.999989092 -0.004682010 0.059847653 0.398696482 0.004295244 0.917072892 2.584810495
0.913481295 -0.001907251 -0.406876296 -1.037721157 -0.000072163 0.999988198 -0.004849502 0.065018848 0.406880707 0.004459291 0.913470387 2.666155815
0.910092354 -0.001205658 -0.414403707 -1.088095546 -0.000791475 0.999988854 -0.004647546 0.067102395 0.414404660 0.004557686 0.910081267 2.748825073
0.906797945 -0.000381770 -0.421565354 -1.143601418 -0.001774925 0.999987304 -0.004723500 0.067922920 0.421561748 0.005031506 0.906785727 2.839734077
0.903495312 0.000101403 -0.428597927 -1.201867461 -0.002342107 0.999986231 -0.004700632 0.071291238 0.428591549 0.005250820 0.903483033 2.938770294
0.900332987 0.000701632 -0.435200959 -1.261942148 -0.002906388 0.999986053 -0.004400485 0.074648336 0.435191870 0.005226764 0.900322497 3.042711020
0.897707880 0.001311211 -0.440589249 -1.324286103 -0.003421505 0.999986172 -0.003995375 0.077678576 0.440577954 0.005094158 0.897699952 3.152065039
0.895578802 0.001673772 -0.444899708 -1.392740130 -0.003724928 0.999986112 -0.003736165 0.078892723 0.444887280 0.005003250 0.895572543 3.269157410
0.893657684 0.001901339 -0.448745191 -1.458000660 -0.003953371 0.999985576 -0.003636025 0.085829049 0.448731780 0.005023418 0.893652320 3.391533613
0.892389178 0.002673868 -0.451258659 -1.528392315 -0.004668205 0.999983668 -0.003306376 0.089094333 0.451242477 0.005057142 0.892387092 3.519270182
0.891231775 0.003212625 -0.453536749 -1.573894501 -0.004981082 0.999983907 -0.002704798 0.089754231 0.453520715 0.004669706 0.891233504 3.636345148
0.891134262 0.003931180 -0.453722775 -1.649125814 -0.005774008 0.999979794 -0.002676339 0.093374468 0.453703076 0.005004776 0.891138911 3.773817778
0.891388953 0.004581992 -0.453215986 -1.721023798 -0.006534953 0.999974847 -0.002743302 0.097340226 0.453192085 0.005407093 0.891396523 3.918252230
0.892406344 0.005642197 -0.451197356 -1.799326301 -0.007741354 0.999966145 -0.002806816 0.101995863 0.451166183 0.005997698 0.892419755 4.067207336
0.893899024 0.006005659 -0.448227912 -1.875905752 -0.008278902 0.999960899 -0.003112432 0.105382130 0.448191643 0.006493034 0.893913925 4.225050449
0.896041095 0.006725535 -0.443920076 -1.952237010 -0.009056432 0.999954045 -0.003130537 0.109158389 0.443878651 0.006825422 0.896060944 4.386569023
0.898865879 0.007066205 -0.438166797 -2.031143904 -0.009408697 0.999950707 -0.003175275 0.113267429 0.438122779 0.006976726 0.898888111 4.558725834
0.902286768 0.008295922 -0.431056499 -2.112644672 -0.010716321 0.999937415 -0.003187031 0.116627209 0.431003153 0.007494955 0.902319312 4.735661507
0.905421734 0.008843604 -0.424421102 -2.168945312 -0.011241304 0.999931812 -0.003145743 0.119176671 0.424364299 0.007619272 0.905459464 4.905617714
0.909298062 0.010352098 -0.416016728 -2.247081280 -0.012767075 0.999913931 -0.003023600 0.121558957 0.415949613 0.008060671 0.909351885 5.096382618
0.913636506 0.011780674 -0.406361401 -2.330412149 -0.014012027 0.999898672 -0.002516033 0.125577375 0.406290561 0.007992687 0.913708925 5.299597263
0.918191195 0.012113801 -0.395952225 -2.409366369 -0.014276136 0.999894917 -0.002514682 0.134150699 0.395880133 0.007961625 0.918267608 5.508877277
0.923040986 0.013943124 -0.384448916 -2.494360924 -0.016264161 0.999863803 -0.002786483 0.139831007 0.384357691 0.008824774 0.923142076 5.726120472
0.928112864 0.015253902 -0.371986359 -2.574323654 -0.017475046 0.999843895 -0.002600348 0.145460203 0.371888638 0.008913895 0.928234577 5.950898170
0.933414519 0.016725440 -0.358409882 -2.651622295 -0.018990986 0.999815643 -0.002801554 0.150210917 0.358297050 0.009421567 0.933560014 6.185633659
0.938774705 0.017803567 -0.344071358 -2.717951298 -0.019823236 0.999800742 -0.002352797 0.151871175 0.343960911 0.009029357 0.938940525 6.421893120
0.944365621 0.018793808 -0.328360021 -2.788503885 -0.020665858 0.999783993 -0.002212146 0.157017782 0.328247488 0.008874916 0.944550037 6.669374943
0.949860752 0.019750679 -0.312048972 -2.859520435 -0.021554243 0.999764979 -0.002331332 0.161768019 0.311929584 0.008940421 0.950063229 6.926615238
0.955090702 0.020866804 -0.295577824 -2.926646709 -0.022628237 0.999740720 -0.002539519 0.165827915 0.295448244 0.009113878 0.955315292 7.187613010
0.959946036 0.021758892 -0.279338658 -2.982328176 -0.023279315 0.999726713 -0.002126239 0.168888822 0.279216111 0.008543890 0.960190237 7.450865269
0.964754820 0.022980215 -0.262145042 -3.042849302 -0.024509618 0.999696314 -0.002565523 0.171957433 0.262006491 0.008900177 0.965025067 7.724852562
0.969384074 0.023793126 -0.244393378 -3.100538254 -0.025576547 0.999664366 -0.004125981 0.179055929 0.244213209 0.010250401 0.969667315 8.008873940
0.973775148 0.024358820 -0.226204485 -3.151024818 -0.026062896 0.999650002 -0.004549489 0.186009824 0.226014510 0.010325727 0.974069178 8.299977303
0.977834284 0.025147721 -0.207864627 -3.190887451 -0.026676208 0.999633729 -0.004552977 0.190730065 0.207673997 0.009997098 0.978147030 8.602301598
0.981664062 0.025753032 -0.188871399 -3.233487129 -0.027351344 0.999608696 -0.005860499 0.194534391 0.188646555 0.010918928 0.981984377 8.909484863
0.985060751 0.026898999 -0.170093656 -3.276284695 -0.028355289 0.999579012 -0.006137816 0.201622039 0.169856966 0.010869177 0.985408843 9.232883453
0.988033891 0.028680893 -0.151547164 -3.312272072 -0.029836062 0.999540448 -0.005353631 0.208154753 0.151323989 0.009811142 0.988435566 9.569371223
0.990670502 0.029153613 -0.133124143 -3.337132931 -0.030121792 0.999532402 -0.005264182 0.215671793 0.132908419 0.009225005 0.991085410 9.901840210
0.992979407 0.030160721 -0.114377432 -3.359688759 -0.030984055 0.999505162 -0.005427063 0.220901817 0.114157140 0.008932838 0.993422568 10.247578621
0.994946718 0.029442707 -0.095989846 -3.374787807 -0.030006466 0.999539912 -0.004434629 0.225856230 0.095815107 0.007292536 0.995372534 10.601381302
0.996480644 0.029318858 -0.078529090 -3.385148525 -0.029761994 0.999546945 -0.004478259 0.231816083 0.078362219 0.006799679 0.996901751 10.964877129
0.997648239 0.028485995 -0.062342010 -3.392546415 -0.028864427 0.999569952 -0.005177927 0.239623606 0.062167682 0.006965216 0.998041391 11.338607788
0.998435497 0.029790154 -0.047319338 -3.392253399 -0.030015757 0.999541163 -0.004064041 0.247958452 0.047176532 0.005478009 0.998871565 11.712197304
0.998994708 0.030357491 -0.032984618 -3.393985748 -0.030519010 0.999524474 -0.004404312 0.257701069 0.032835230 0.005406543 0.999446273 12.091383934
0.999316037 0.031029064 -0.020114763 -3.388647795 -0.031124365 0.999505699 -0.004442077 0.261341989 0.019966986 0.005065098 0.999787867 12.484142303
0.999483109 0.031075036 -0.008227341 -3.380961657 -0.031112444 0.999505877 -0.004458447 0.270520806 0.008084729 0.004712116 0.999956191 12.892429352
0.999551117 0.029872080 0.002288170 -3.364375114 -0.029861636 0.999544024 -0.004470870 0.280192286 -0.002420682 0.004400535 0.999987423 13.291708946
0.999451637 0.031039499 0.011540335 -3.348456144 -0.031004272 0.999514103 -0.003219199 0.291062742 -0.011634652 0.002859635 0.999928296 13.705077171
0.999299288 0.031482566 0.020241283 -3.333068132 -0.031443372 0.999503016 -0.002251669 0.305791825 -0.020302106 0.001613637 0.999792576 14.115448952
0.999062955 0.032412108 0.028680475 -3.317897797 -0.032365341 0.999473929 -0.002093517 0.312368989 -0.028733248 0.001163302 0.999586463 14.550157547
0.998803854 0.032620311 0.036424961 -3.294427872 -0.032561611 0.999467313 -0.002203665 0.316693366 -0.036477450 0.001014974 0.999334037 14.980844498
0.998538554 0.032111704 0.043471232 -3.264496565 -0.032024536 0.999483407 -0.002700276 0.325907171 -0.043535490 0.001304183 0.999051094 15.412902832
0.998206437 0.032947436 0.049983077 -3.231627941 -0.032825682 0.999455810 -0.003254903 0.335714191 -0.050063115 0.001608336 0.998744786 15.850527763
0.997848094 0.033210129 0.056536224 -3.202339649 -0.033024963 0.999445617 -0.004206526 0.346277595 -0.056644589 0.002330367 0.998391688 16.278177261
0.997422516 0.034618933 0.062847883 -3.177457333 -0.034383900 0.999397159 -0.004817660 0.359292448 -0.062976778 0.002644287 0.998011470 16.696680069
0.997001886 0.034978792 0.069019727 -3.141798496 -0.034745328 0.999385715 -0.004580562 0.368791491 -0.069137566 0.002168714 0.997604787 17.146699905
0.996602178 0.034931291 0.074591905 -3.098797321 -0.034699414 0.999388218 -0.004402740 0.377705663 -0.074700050 0.001799485 0.997204483 17.595899582
0.996212006 0.034931879 0.079632640 -3.057299614 -0.034707941 0.999388754 -0.004195010 0.383817434 -0.079730503 0.001415234 0.996815443 18.046827316
0.995817304 0.035472557 0.084199823 -3.013079166 -0.035223842 0.999369621 -0.004437993 0.389872044 -0.084304176 0.001453589 0.996439040 18.493566513
0.995380580 0.036704976 0.088713974 -2.968909264 -0.036443945 0.999325335 -0.004560932 0.403581321 -0.088821538 0.001306776 0.996046722 18.942083359
0.994922519 0.037304617 0.093474895 -2.932393551 -0.037089083 0.999303818 -0.004042581 0.422034621 -0.093560636 0.000555156 0.995613396 19.376768112
0.994573057 0.037281033 0.097130403 -2.878783941 -0.037095189 0.999304891 -0.003719123 0.433031827 -0.097201519 0.000095869 0.995264709 19.828891754
0.994220972 0.037146483 0.100721501 -2.826193571 -0.036971226 0.999309838 -0.003606754 0.439699590 -0.100785948 -0.000137887 0.994908214 20.288452148
0.993884861 0.036966708 0.104050681 -2.770679474 -0.036864862 0.999316096 -0.002902420 0.446298480 -0.104086816 -0.000951143 0.994567692 20.755649567
0.993566215 0.036607593 0.107172705 -2.716114521 -0.036662791 0.999326587 -0.001455903 0.454221845 -0.107153825 -0.002482715 0.994239390 21.229091644
0.993348062 0.035305075 0.109605230 -2.658229828 -0.035548083 0.999368072 0.000263321 0.464576662 -0.109526686 -0.004157825 0.993975103 21.689638138
0.993105412 0.035588201 0.111692615 -2.605903387 -0.035886619 0.999355614 0.000661823 0.481713027 -0.111597084 -0.004665530 0.993742585 22.134037018
0.992946804 0.034738325 0.113357216 -2.551690102 -0.035115421 0.999382377 0.001330985 0.494853139 -0.113240950 -0.005302184 0.993553400 22.579336166
0.992860854 0.034549121 0.114165038 -2.497277260 -0.035039641 0.999383271 0.002291973 0.504608393 -0.114015453 -0.006275911 0.993459105 23.018529892
0.992940307 0.032005198 0.114215583 -2.437745333 -0.032448888 0.999471307 0.002027095 0.512095571 -0.114090331 -0.005718952 0.993453979 23.472696304
0.992958307 0.032365464 0.113957196 -2.383867502 -0.032920595 0.999453485 0.002992343 0.522716820 -0.113798074 -0.006722811 0.993481159 23.929256439
0.993100941 0.031441752 0.112968601 -2.327656746 -0.032085408 0.999477565 0.003883647 0.535528064 -0.112787470 -0.007481499 0.993590951 24.376142502
0.993223190 0.032102227 0.111701079 -2.282727480 -0.032711659 0.999458253 0.003626987 0.550916612 -0.111524142 -0.007256336 0.993735135 24.803703308
