1.000000000 0.000000000 0.000000000 0.000000000 0.000000000 1.000000000 0.000000000 0.000000000 0.000000000 0.000000000 1.000000000 0.000000000
1.000000000 -0.000081318 0.000000158 -0.000118668 0.000081318 1.000000000 0.000002077 -0.000005953 -0.000000158 -0.000002077 1.000000000 -0.000196467
1.000000000 -0.000042685 -0.000012866 0.000203684 0.000042685 1.000000000 0.000001594 -0.000147741 0.000012866 -0.000001595 1.000000000 0.000806021
1.000000000 -0.000071219 0.000009914 -0.000338553 0.000071218 1.000000000 0.000028311 -0.000164364 -0.000009916 -0.000028311 1.000000000 -0.000691836
1.000000000 0.000036244 0.000029606 -0.000158369 -0.000036244 1.000000000 0.000006524 0.000014312 -0.000029605 -0.000006525 1.000000000 -0.000268133
1.000000000 -0.000131440 0.000013832 -0.000187959 0.000131439 1.000000000 0.000018932 -0.000224892 -0.000013834 -0.000018930 1.000000000 -0.000210051
1.000000000 -0.000066812 0.000021289 -0.000464362 0.000066811 1.000000000 0.000030379 -0.000096723 -0.000021291 -0.000030378 1.000000000 -0.000824830
1.000000000 0.000015894 0.000032682 -0.000186759 -0.000015895 1.000000000 0.000026207 -0.000036363 -0.000032682 -0.000026207 1.000000000 -0.000595255
1.000000000 -0.000003961 0.000036655 -0.000212315 0.000003960 1.000000000 0.000015255 -0.000047487 -0.000036655 -0.000015255 1.000000000 -0.000254819
1.000000000 -0.000074333 0.000029634 -0.000115088 0.000074333 1.000000000 0.000023577 -0.000206233 -0.000029636 -0.000023575 1.000000000 -0.000265832
1.000000000 -0.000151238 0.000025303 -0.000306408 0.000151237 1.000000000 0.000011880 -0.000135711 -0.000025305 -0.000011876 1.000000000 -0.000639515
1.000000000 -0.000091691 0.000021171 -0.000188457 0.000091691 1.000000000 0.000015966 -0.000152217 -0.000021172 -0.000015964 1.000000000 -0.000364444
1.000000000 -0.000094410 0.000034018 -0.000287236 0.000094409 1.000000000 0.000034787 -0.000171494 -0.000034021 -0.000034783 1.000000000 -0.000726591
1.000000000 0.000020117 0.000018909 0.000356478 -0.000020118 1.000000000 0.000021303 0.000100124 -0.000018908 -0.000021304 1.000000000 0.001523199
1.000000000 -0.000167349 0.000029568 -0.000397736 0.000167348 1.000000000 0.000024136 -0.000159703 -0.000029572 -0.000024131 1.000000000 -0.000410269
1.000000000 -0.000100704 0.000031215 -0.000219451 0.000100703 1.000000000 0.000042095 -0.000250539 -0.000031219 -0.000042092 1.000000000 0.000099424
1.000000000 -0.000132389 0.000040443 -0.000399002 0.000132389 1.000000000 0.000005200 -0.000043929 -0.000040443 -0.000005195 1.000000000 -0.000490903
1.000000000 -0.000134436 0.000028446 -0.000421586 0.000134436 1.000000000 0.000019358 -0.000084775 -0.000028448 -0.000019354 1.000000000 -0.000740067
1.000000000 -0.000004094 0.000031287 -0.000152902 0.000004092 1.000000000 0.000047586 -0.000206438 -0.000031288 -0.000047586 1.000000000 0.000121243
1.000000000 -0.000059995 0.000016747 0.000141988 0.000059994 1.000000000 0.000031001 -0.000134008 -0.000016749 -0.000031000 1.000000000 0.001152813
1.000000000 -0.000166431 0.000008076 -0.000080566 0.000166431 1.000000000 -0.000018202 -0.000094111 -0.000008073 0.000018203 1.000000000 0.000118720
1.000000000 -0.000066574 -0.000048988 0.000339661 0.000066576 1.000000000 0.000044781 -0.000100213 0.000048985 -0.000044784 1.000000000 0.000544717
1.000000000 -0.000052855 0.000009777 -0.000164856 0.000052856 1.000000000 -0.000032943 -0.000127099 -0.000009776 0.000032944 1.000000000 0.000074974
1.000000000 0.000039397 0.000004477 0.000312319 -0.000039397 1.000000000 -0.000110217 0.000095913 -0.000004481 0.000110217 1.000000000 0.000731580
1.000000000 0.000003429 0.000011920 -0.000037419 -0.000003428 1.000000000 -0.000113093 0.000071725 -0.000011920 0.000113093 1.000000000 -0.000316591
1.000000000 -0.000082317 0.000021679 -0.000333815 0.000082318 1.000000000 -0.000062909 -0.000189127 -0.000021674 0.000062911 1.000000000 -0.000304015
1.000000000 0.000028463 0.000034839 -0.000572324 -0.000028461 1.000000000 -0.000060019 -0.000144787 -0.000034841 0.000060018 1.000000000 -0.001300659
1.000000000 0.000022030 0.000031712 -0.000209876 -0.000022029 1.000000000 -0.000026153 0.000021558 -0.000031713 0.000026152 1.000000000 -0.000225478
1.000000000 0.000043340 0.000067700 -0.000627800 -0.000043342 1.000000000 0.000036048 -0.000037773 -0.000067699 -0.000036051 1.000000000 -0.000142822
1.000000000 0.000035579 0.000031078 -0.000253535 -0.000035579 1.000000000 -0.000006994 -0.000090392 -0.000031078 0.000006993 1.000000000 -0.000563700
1.000000000 -0.000041048 0.000018575 -0.000069945 0.000041048 1.000000000 0.000013970 -0.000173567 -0.000018575 -0.000013970 1.000000000 0.000310982
1.000000000 -0.000186417 0.000069688 -0.002349461 0.000186323 0.999998987 0.001349919 -0.001005613 -0.000069940 -0.001349906 0.999999106 -0.005494413
0.999999940 -0.000365997 -0.000101523 -0.003223865 0.000366129 0.999999046 0.001299870 -0.000742847 0.000101047 -0.001299907 0.999999166 -0.008843053
0.999999702 -0.000641378 -0.000110195 -0.002368945 0.000641501 0.999999166 0.001114298 -0.001738033 0.000109480 -0.001114368 0.999999344 -0.006144957
0.999999821 -0.000548713 -0.000146840 -0.002206530 0.000548784 0.999999762 0.000484328 -0.001726033 0.000146575 -0.000484408 0.999999881 -0.006162502
0.999999881 -0.000323357 -0.000041407 -0.002245697 0.000323367 0.999999940 0.000239647 -0.001604120 0.000041330 -0.000239661 0.999999940 -0.005690204
0.999999940 -0.000159924 0.000083996 -0.002194467 0.000159910 1.000000000 0.000160974 -0.001553635 -0.000084021 -0.000160961 0.999999940 -0.005438234
0.999999881 -0.000039029 0.000144208 -0.002527204 0.000039038 0.999999940 -0.000066290 -0.001492171 -0.000144205 0.000066296 1.000000000 -0.005906527
0.999999881 -0.000141061 0.000095796 -0.002160147 0.000141067 0.999999940 -0.000069569 -0.001665293 -0.000095787 0.000069582 1.000000000 -0.005097260
0.999999881 -0.000365896 0.000074454 -0.002233615 0.000365904 1.000000000 -0.000100900 -0.001656242 -0.000074417 0.000100927 1.000000000 -0.005397241
0.999999881 -0.000380295 0.000032723 -0.002283335 0.000380298 1.000000000 -0.000102803 -0.001654707 -0.000032683 0.000102815 1.000000000 -0.005577825
0.999999881 -0.000351276 0.000017996 -0.002147743 0.000351275 0.999999940 0.000043753 -0.001502686 -0.000018011 -0.000043747 0.999999940 -0.005644221
0.999999940 -0.000167643 0.000056642 -0.002144215 0.000167638 1.000000000 0.000096982 -0.001414472 -0.000056658 -0.000096973 0.999999940 -0.005707825
0.999999881 -0.000335079 0.000023672 -0.002174866 0.000335076 0.999999940 0.000095519 -0.001515853 -0.000023704 -0.000095512 0.999999940 -0.005674705
0.999999881 -0.000386332 -0.000036991 -0.002226139 0.000386335 0.999999940 0.000092139 -0.001525844 0.000036956 -0.000092153 0.999999940 -0.005956315
0.999999881 -0.000368783 0.000041309 -0.002671671 0.000368780 1.000000000 0.000067678 -0.001460001 -0.000041334 -0.000067663 1.000000000 -0.006894833
0.999999881 -0.000240741 -0.000005167 -0.002789841 0.000240741 0.999999940 -0.000002835 -0.001486137 0.000005168 0.000002834 0.999999940 -0.007184686
0.999999940 -0.000201236 0.000013430 -0.002419458 0.000201236 1.000000000 -0.000033616 -0.001614554 -0.000013424 0.000033619 1.000000000 -0.006328621
0.999999940 -0.000029609 0.000015905 -0.002789642 0.000029612 1.000000000 -0.000196850 -0.001405413 -0.000015899 0.000196850 0.999999940 -0.007272949
0.999999940 0.000117404 -0.000159024 -0.002545471 -0.000117494 0.999999821 -0.000570256 -0.001497152 0.000158957 0.000570274 0.999999762 -0.007269493
0.999999523 0.000906841 -0.000117209 -0.002622638 -0.000906976 0.999998927 -0.001153773 -0.001344685 0.000116163 0.001153879 0.999999285 -0.007034816
0.999999523 0.000855880 0.000127491 -0.002921643 -0.000855770 0.999999285 -0.000859146 -0.001653325 -0.000128226 0.000859037 0.999999523 -0.006731034
0.999999523 0.000847911 -0.000212979 -0.002268736 -0.000847970 0.999999583 -0.000278178 -0.001929399 0.000212743 0.000278358 0.999999940 -0.005636446
0.999999821 0.000552363 0.000080319 -0.002785997 -0.000552311 0.999999642 -0.000647045 -0.001445416 -0.000080676 0.000647001 0.999999702 -0.007356910
0.999999523 0.000865269 0.000106987 -0.002734048 -0.000865170 0.999999225 -0.000927920 -0.001575039 -0.000107790 0.000927827 0.999999523 -0.006982599
0.999999464 0.000985675 -0.000126936 -0.002868866 -0.000985754 0.999999344 -0.000618122 -0.001401341 0.000126326 0.000618246 0.999999762 -0.007776512
0.999999166 0.001238300 -0.000016643 -0.002324657 -0.001238311 0.999999046 -0.000621996 -0.001769706 0.000015872 0.000622016 0.999999821 -0.005634888
0.999999642 0.000787445 0.000003578 -0.003186665 -0.000787442 0.999999344 -0.000898795 -0.001625685 -0.000004286 0.000898792 0.999999583 -0.007634092
0.999999940 0.000257380 -0.000042850 -0.003404422 -0.000257413 0.999999702 -0.000763934 -0.001355799 0.000042654 0.000763945 0.999999642 -0.009073001
1.000000000 0.000148841 0.000084260 -0.002441155 -0.000148787 0.999999881 -0.000635044 -0.001615179 -0.000084354 0.000635031 0.999999762 -0.006873615
0.999999821 0.000552727 -0.000110706 -0.002691120 -0.000552828 0.999999464 -0.000913588 -0.001502311 0.000110201 0.000913649 0.999999583 -0.006715308
0.999999762 0.000238674 -0.000456890 -0.002420842 -0.000239105 0.999999464 -0.000943140 -0.001376955 0.000456665 0.000943249 0.999999404 -0.008101546
0.999999821 -0.000454499 0.000126129 -0.002243131 0.000454669 0.999998987 -0.001348495 -0.001455813 -0.000125516 0.001348553 0.999999046 -0.005307240
0.999999881 -0.000235604 0.000235528 -0.003036816 0.000235780 0.999999702 -0.000750285 -0.001350324 -0.000235351 0.000750340 0.999999642 -0.007537423
0.999999881 0.000205208 -0.000006721 -0.003117699 -0.000205218 0.999998808 -0.001552673 -0.001351214 0.000006402 0.001552674 0.999998748 -0.006828757
0.999999702 0.000611151 0.000357191 -0.003081540 -0.000610824 0.999999404 -0.000917126 -0.001294676 -0.000357751 0.000916907 0.999999464 -0.006661858
0.999999940 0.000034450 0.000095549 -0.002898820 -0.000034343 0.999999344 -0.001117087 -0.001343426 -0.000095587 0.001117083 0.999999344 -0.007450723
0.999999940 -0.000207787 0.000040798 -0.002959777 0.000207828 0.999999464 -0.000992609 -0.001407903 -0.000040592 0.000992618 0.999999464 -0.008076505
1.000000000 0.000151424 0.000085478 -0.003167114 -0.000151361 0.999999821 -0.000744664 -0.001523968 -0.000085590 0.000744651 0.999999702 -0.007696902
0.999999881 0.000214300 -0.000063900 -0.002479130 -0.000214336 0.999999821 -0.000576037 -0.001675980 0.000063776 0.000576051 0.999999821 -0.006357269
0.999999881 0.000054837 0.000063323 -0.002818460 -0.000054799 0.999999821 -0.000595382 -0.001694590 -0.000063356 0.000595379 0.999999762 -0.007484211
0.999999940 0.000020466 0.000005482 -0.002787790 -0.000020462 0.999999762 -0.000751971 -0.001439326 -0.000005497 0.000751971 0.999999702 -0.007453741
0.999999881 0.000204362 -0.000053236 -0.003005431 -0.000204399 0.999999762 -0.000680726 -0.001592578 0.000053097 0.000680737 0.999999762 -0.007511466
0.999999881 0.000211362 0.000024637 -0.003047039 -0.000211344 0.999999702 -0.000706197 -0.001315043 -0.000024786 0.000706192 0.999999702 -0.008524252
0.999999940 -0.000116899 0.000021292 -0.002562336 0.000116915 0.999999821 -0.000747796 -0.001563745 -0.000021205 0.000747798 0.999999702 -0.006787748
0.999999940 0.000094197 0.000006970 -0.002453706 -0.000094193 0.999999821 -0.000590138 -0.001487379 -0.000007025 0.000590137 0.999999762 -0.006509864
0.999999940 -0.000024005 0.000004474 -0.002725696 0.000024008 0.999999702 -0.000727630 -0.001555217 -0.000004457 0.000727630 0.999999702 -0.006897273
1.000000000 0.000154008 -0.000057384 -0.002650159 -0.000154045 0.999999821 -0.000639742 -0.001601712 0.000057285 0.000639751 0.999999821 -0.007108129
0.999999940 0.000132874 0.000015941 -0.002667471 -0.000132866 0.999999881 -0.000499263 -0.001559649 -0.000016007 0.000499261 0.999999821 -0.006872890
0.999999940 -0.000066582 0.000029675 -0.002559615 0.000066601 0.999999821 -0.000615429 -0.001527915 -0.000029634 0.000615431 0.999999821 -0.006631987
0.999999940 0.000113110 0.000035680 -0.002559884 -0.000113088 0.999999821 -0.000588926 -0.001565310 -0.000035746 0.000588922 0.999999762 -0.006846543
0.999999940 0.000101616 -0.000024474 -0.002538988 -0.000101629 0.999999881 -0.000542714 -0.001539373 0.000024418 0.000542716 0.999999821 -0.006736136
0.999999940 0.000124448 -0.000015010 -0.002412841 -0.000124457 0.999999821 -0.000587809 -0.001569678 0.000014937 0.000587810 0.999999762 -0.006459229
0.999999881 0.000189929 0.000005846 -0.002543094 -0.000189926 0.999999821 -0.000632157 -0.001556738 -0.000005966 0.000632156 0.999999821 -0.006604232
0.999999940 0.000107908 -0.000010974 -0.002993819 -0.000107914 0.999999881 -0.000546296 -0.001543753 0.000010915 0.000546297 0.999999821 -0.007765026
0.999999881 0.000304982 -0.000008266 -0.002693705 -0.000304986 0.999999881 -0.000522558 -0.001414076 0.000008106 0.000522560 0.999999821 -0.007304793
0.999999940 0.000138663 -0.000038511 -0.002821373 -0.000138686 0.999999821 -0.000594481 -0.001556183 0.000038428 0.000594487 0.999999762 -0.007687204
0.999999940 0.000016416 -0.000025658 -0.002376030 -0.000016431 0.999999821 -0.000609421 -0.001750054 0.000025648 0.000609422 0.999999762 -0.005759874
0.999999940 0.000113345 -0.000023456 -0.002308714 -0.000113357 0.999999881 -0.000501600 -0.001688629 0.000023399 0.000501603 0.999999821 -0.005678242
0.999999940 0.000143241 -0.000037956 -0.002845775 -0.000143264 0.999999821 -0.000605112 -0.001543607 0.000037869 0.000605118 0.999999762 -0.007277288
0.999999881 0.000193091 0.000002459 -0.002464450 -0.000193090 0.999999821 -0.000587305 -0.001597703 -0.000002573 0.000587305 0.999999762 -0.006703370
0.999999940 0.000057634 -0.000024633 -0.002594611 -0.000057647 0.999999881 -0.000517176 -0.001705248 0.000024603 0.000517177 0.999999881 -0.006691177
0.999999940 0.000142177 -0.000013023 -0.002535992 -0.000142185 0.999999881 -0.000573648 -0.001619042 0.000012942 0.000573650 0.999999821 -0.006564697
0.999999881 0.000231036 0.000015366 -0.002826778 -0.000231027 0.999999762 -0.000590987 -0.001516892 -0.000015502 0.000590983 0.999999762 -0.007087499
0.999999881 0.000316429 -0.000017615 -0.002362717 -0.000316439 0.999999821 -0.000575284 -0.001475906 0.000017433 0.000575289 0.999999821 -0.006336052
0.999999881 0.000225486 -0.000011682 -0.002712025 -0.000225492 0.999999821 -0.000560332 -0.001523285 0.000011556 0.000560335 0.999999762 -0.007290852
0.999999940 0.000085301 0.000002338 -0.002584259 -0.000085299 0.999999821 -0.000591894 -0.001533846 -0.000002388 0.000591893 0.999999762 -0.007049941
0.999999940 0.000176642 0.000005705 -0.002337682 -0.000176639 0.999999881 -0.000560376 -0.001597833 -0.000005804 0.000560375 0.999999821 -0.006637941
0.999999940 0.000176170 -0.000012200 -0.002183144 -0.000176176 0.999999881 -0.000546791 -0.001815402 0.000012104 0.000546793 0.999999821 -0.005538081
0.999999881 0.000240078 -0.000043489 -0.001908926 -0.000240103 0.999999821 -0.000573844 -0.001698964 0.000043352 0.000573854 0.999999821 -0.005062024
1.000000000 0.000160240 -0.000000874 -0.002458818 -0.000160241 0.999999881 -0.000566729 -0.001671983 0.000000783 0.000566729 0.999999821 -0.006286134
0.999999881 0.000192003 0.000008083 -0.002967434 -0.000191999 0.999999821 -0.000588383 -0.001443056 -0.000008196 0.000588381 0.999999762 -0.007733105
0.999999940 0.000243606 -0.000009320 -0.002458138 -0.000243612 0.999999881 -0.000570743 -0.001685321 0.000009181 0.000570746 0.999999821 -0.006159042
0.999999940 0.000355550 -0.000021240 -0.002516101 -0.000355562 0.999999881 -0.000578242 -0.001716218 0.000021034 0.000578249 0.999999821 -0.006163611
0.999999940 0.000249530 -0.000039067 -0.002307105 -0.000249552 0.999999821 -0.000561838 -0.001450491 0.000038927 0.000561848 0.999999762 -0.006383552
0.999999940 0.000176887 0.000010018 -0.002839301 -0.000176882 0.999999881 -0.000570203 -0.001523761 -0.000010119 0.000570201 0.999999821 -0.007284105
0.999999940 0.000115205 -0.000019053 -0.002604804 -0.000115216 0.999999821 -0.000585911 -0.001560075 0.000018986 0.000585913 0.999999762 -0.006504963
0.999999881 0.000207307 -0.000031872 -0.002667239 -0.000207324 0.999999821 -0.000538274 -0.001737878 0.000031760 0.000538280 0.999999821 -0.006889628
0.999999881 0.000204316 -0.000013700 -0.002730511 -0.000204324 0.999999821 -0.000565542 -0.001593665 0.000013585 0.000565545 0.999999821 -0.007285928
1.000000000 0.000156238 0.000013250 -0.003057550 -0.000156230 0.999999881 -0.000580956 -0.001283413 -0.000013341 0.000580954 0.999999762 -0.008046615
0.999999940 0.000099053 -0.000033077 -0.002754852 -0.000099071 0.999999881 -0.000549800 -0.001613349 0.000033023 0.000549803 0.999999821 -0.007231610
1.000000000 0.000236442 -0.000014890 -0.003513729 -0.000236451 0.999999762 -0.000581997 -0.000886734 0.000014753 0.000582000 0.999999881 -0.009134599
0.999999881 0.000234208 -0.000016096 -0.002676651 -0.000234218 0.999999762 -0.000588521 -0.001638864 0.000015958 0.000588525 0.999999762 -0.007045508
0.999999881 0.000210284 0.000019986 -0.003290493 -0.000210273 0.999999821 -0.000562427 -0.001358745 -0.000020104 0.000562422 0.999999821 -0.008367853
1.000000000 0.000069431 -0.000012500 -0.002960171 -0.000069438 0.999999821 -0.000543703 -0.001107249 0.000012462 0.000543703 0.999999940 -0.007565558
0.999999881 0.000190158 -0.000022602 -0.002523754 -0.000190171 0.999999821 -0.000590582 -0.001494287 0.000022490 0.000590587 0.999999762 -0.006775546
1.000000000 0.000166008 0.000001516 -0.003554232 -0.000166007 0.999999762 -0.000588060 -0.000913695 -0.000001613 0.000588060 0.999999881 -0.008765300
0.999999940 0.000055747 0.000003981 -0.002838754 -0.000055745 0.999999881 -0.000554762 -0.001687965 -0.000004012 0.000554761 0.999999821 -0.006864702
0.999999881 0.000208855 0.000024219 -0.003361398 -0.000208842 0.999999881 -0.000573757 -0.001345322 -0.000024339 0.000573752 0.999999821 -0.008800467
0.999999940 0.000135664 -0.000003805 -0.002874616 -0.000135666 0.999999821 -0.000595948 -0.001583838 0.000003724 0.000595949 0.999999762 -0.007172054
1.000000000 0.000166904 -0.000023248 -0.002905107 -0.000166919 0.999999821 -0.000622832 -0.001441455 0.000023144 0.000622836 0.999999821 -0.007699588
1.000000000 0.000176845 0.000009525 -0.003390874 -0.000176840 0.999999702 -0.000559786 -0.000929339 -0.000009624 0.000559784 0.999999881 -0.008660814
1.000000000 0.000058601 -0.000018969 -0.003313746 -0.000058612 0.999999762 -0.000603764 -0.000855034 0.000018934 0.000603765 0.999999821 -0.008640719
1.000000000 0.000108466 -0.000019188 -0.003096552 -0.000108477 0.999999762 -0.000586805 -0.000937451 0.000019125 0.000586807 0.999999881 -0.008122908
1.000000000 0.000171771 -0.000003174 -0.002608053 -0.000171773 0.999999881 -0.000604098 -0.001447756 0.000003071 0.000604099 0.999999762 -0.007034424
0.999999881 0.000321301 -0.000035286 -0.003010446 -0.000321327 0.999999702 -0.000718020 -0.001352632 0.000035055 0.000718031 0.999999702 -0.007984431
1.000000000 0.000314337 -0.000043058 -0.003358876 -0.000314367 0.999999702 -0.000704139 -0.000751398 0.000042837 0.000704152 0.999999821 -0.008744693
0.999999881 0.000207097 0.000015596 -0.002978124 -0.000207088 0.999999762 -0.000592637 -0.001541199 -0.000015718 0.000592633 0.999999762 -0.007509930
1.000000000 0.000171302 0.000044215 -0.003148066 -0.000171275 0.999999881 -0.000603147 -0.001480816 -0.000044318 0.000603140 0.999999762 -0.008073761
1.000000000 0.000115423 0.000045033 -0.003267006 -0.000115392 0.999999642 -0.000692950 -0.000757005 -0.000045113 0.000692945 0.999999821 -0.008568108
0.999999940 0.000144962 0.000086701 -0.002879265 -0.000144906 0.999999762 -0.000650928 -0.001358477 -0.000086796 0.000650916 0.999999702 -0.007264327
0.999999940 0.000084482 0.000087590 -0.002839359 -0.000084426 0.999999821 -0.000643555 -0.001572605 -0.000087645 0.000643548 0.999999702 -0.007300453
1.000000000 0.000039023 0.000117705 -0.003502735 -0.000038945 0.999999762 -0.000661943 -0.000925113 -0.000117730 0.000661938 0.999999821 -0.008653183
1.000000000 0.000192023 0.000132876 -0.003394230 -0.000191928 0.999999702 -0.000708623 -0.000802946 -0.000133012 0.000708597 0.999999821 -0.008123499
1.000000000 0.000022005 0.000121897 -0.003345458 -0.000021930 0.999999762 -0.000614100 -0.000894038 -0.000121910 0.000614098 0.999999821 -0.008657570
1.000000000 -0.000003510 0.000137936 -0.003743375 0.000003594 0.999999762 -0.000604154 -0.000711171 -0.000137933 0.000604154 0.999999881 -0.009811515
0.999999881 -0.000037376 0.000113492 -0.002805253 0.000037445 0.999999821 -0.000613321 -0.001536559 -0.000113469 0.000613325 0.999999821 -0.007464542
0.999999940 0.000070261 0.000084083 -0.002850931 -0.000070209 0.999999821 -0.000617704 -0.001665397 -0.000084126 0.000617698 0.999999821 -0.007237669
0.999999940 0.000025582 0.000024032 -0.002837278 -0.000025568 0.999999821 -0.000557851 -0.001576030 -0.000024046 0.000557851 0.999999881 -0.007303988
0.999999940 0.000108147 -0.000029653 -0.002503949 -0.000108163 0.999999881 -0.000525124 -0.001600911 0.000029596 0.000525127 0.999999821 -0.006705610
0.999999940 0.000007712 -0.000047275 -0.002448859 -0.000007737 0.999999881 -0.000523346 -0.001576903 0.000047271 0.000523347 0.999999881 -0.006619207
0.999999940 0.000002927 -0.000146119 -0.002703390 -0.000003010 0.999999821 -0.000567398 -0.001906820 0.000146117 0.000567398 0.999999762 -0.006959046
0.999999881 0.000112405 -0.000275990 -0.002328149 -0.000112632 0.999999642 -0.000822888 -0.001716284 0.000275897 0.000822919 0.999999583 -0.005766236
0.999999821 -0.000064858 -0.000538688 -0.002745233 0.000064261 0.999999404 -0.001108048 -0.001792015 0.000538759 0.001108013 0.999999225 -0.005754107
0.999999404 -0.000137734 -0.001023243 -0.001690834 0.000136298 0.999998987 -0.001403234 -0.001980125 0.001023435 0.001403094 0.999998450 -0.001741553
0.999998152 -0.000592786 -0.001819990 -0.000678954 0.000589704 0.999998391 -0.001693170 -0.003210764 0.001820991 0.001692093 0.999996841 0.006764587
0.999997616 0.000309485 -0.002219153 -0.008123461 -0.000314157 0.999997735 -0.002105327 0.000126443 0.002218497 0.002106019 0.999995291 0.029385898
0.999993980 0.000046984 -0.003470871 -0.008645306 -0.000053929 0.999997973 -0.002000946 -0.001832858 0.003470770 0.002001121 0.999992013 0.049018819
0.999987543 0.000035490 -0.004991750 -0.011412771 -0.000044986 0.999998152 -0.001902173 -0.000247959 0.004991674 0.001902373 0.999985754 0.078509949
0.999975145 0.000014406 -0.007062614 -0.014172302 -0.000027306 0.999998391 -0.001826471 0.000137485 0.007062577 0.001826618 0.999973416 0.108713739
0.999953091 -0.000139265 -0.009681742 -0.017444586 0.000120763 0.999998152 -0.001911619 0.001050660 0.009681989 0.001910360 0.999951363 0.142762810
0.999920011 -0.000025572 -0.012653711 -0.021945467 0.000001087 0.999998212 -0.001935042 0.003324220 0.012653736 0.001934874 0.999918103 0.181977436
0.999866843 -0.000398302 -0.016312780 -0.025915300 0.000367470 0.999998152 -0.001892996 0.003007666 0.016313504 0.001886750 0.999865174 0.219000742
0.999793649 -0.000374930 -0.020310780 -0.032005414 0.000334525 0.999997973 -0.001992700 0.005379512 0.020311486 0.001985494 0.999791741 0.262698472
0.999695361 -0.000718618 -0.024671374 -0.037145671 0.000670844 0.999997854 -0.001944632 0.004320703 0.024672721 0.001927489 0.999693751 0.306167692
0.999561489 -0.001364902 -0.029578563 -0.040931769 0.001312971 0.999997556 -0.001775064 0.003150271 0.029580910 0.001735450 0.999560893 0.350082844
0.999396861 -0.000920829 -0.034712989 -0.051116575 0.000855496 0.999997795 -0.001896915 0.004392991 0.034714658 0.001866074 0.999395490 0.397832870
0.999184430 -0.001102853 -0.040363248 -0.058067795 0.001018490 0.999997258 -0.002110612 0.007332048 0.040365465 0.002067781 0.999182880 0.449574381
0.998921096 -0.001162413 -0.046425950 -0.067860685 0.001069846 0.999997437 -0.002018649 0.007447523 0.046428181 0.001966802 0.998919725 0.500005007
0.998596787 -0.001131220 -0.052943945 -0.078763977 0.001024925 0.999997377 -0.002034798 0.009643306 0.052946109 0.001977678 0.998595417 0.550630510
0.998202920 -0.001079422 -0.059914932 -0.089119762 0.000965152 0.999997616 -0.001936104 0.009914330 0.059916876 0.001874797 0.998201668 0.602741897
0.997741938 -0.001343289 -0.067151524 -0.100906350 0.001224773 0.999997675 -0.001806052 0.007565703 0.067153782 0.001719729 0.997741163 0.652946532
0.997179508 -0.000802069 -0.075048260 -0.109315760 0.000656717 0.999997854 -0.001961432 0.013011668 0.075049669 0.001906614 0.997177958 0.697059929
0.996533990 -0.001082384 -0.083178990 -0.122474849 0.000915754 0.999997556 -0.002041394 0.016062560 0.083181001 0.001958148 0.996532619 0.749978244
0.995796919 -0.001142999 -0.091581330 -0.136230260 0.000968988 0.999997616 -0.001944511 0.015839869 0.091583334 0.001847598 0.995795786 0.804362178
0.994946122 -0.001461239 -0.100399114 -0.151071414 0.001270033 0.999997258 -0.001968346 0.017182605 0.100401729 0.001830889 0.994945288 0.855225146
0.993980765 -0.001262383 -0.109547704 -0.164086536 0.001054689 0.999997497 -0.001953849 0.017564271 0.109549910 0.001826550 0.993979633 0.906652272
0.992923975 -0.001321134 -0.118743889 -0.181391880 0.001083169 0.999997258 -0.002068541 0.019175353 0.118746273 0.001925285 0.992922723 0.960512638
0.991748512 -0.001581709 -0.128188640 -0.198946595 0.001325088 0.999997020 -0.002087167 0.022115828 0.128191546 0.001900083 0.991747677 1.015111208
0.990459442 -0.001740880 -0.137793526 -0.217349127 0.001467871 0.999996781 -0.002082877 0.022830149 0.137796685 0.001860742 0.990458846 1.069366574
0.989000261 -0.001815134 -0.147902369 -0.232828379 0.001547524 0.999996960 -0.001924423 0.021944214 0.147905424 0.001674372 0.989000082 1.119698167
0.987439036 -0.001775133 -0.157990381 -0.252815425 0.001486343 0.999997020 -0.001946036 0.022000611 0.157993346 0.001686764 0.987438738 1.173148870
0.985754788 -0.001759078 -0.168179244 -0.272398680 0.001434339 0.999996841 -0.002052372 0.024184402 0.168182343 0.001781909 0.985754311 1.224816084
0.983934820 -0.002011243 -0.178516477 -0.294231445 0.001640000 0.999996126 -0.002227144 0.025508540 0.178520262 0.001898597 0.983934462 1.279149890
0.981965840 -0.001741876 -0.189049989 -0.316158891 0.001380072 0.999997079 -0.002045420 0.026302559 0.189052969 0.001747630 0.981965244 1.333011746
0.979896426 -0.001780563 -0.199498713 -0.338067681 0.001405475 0.999996960 -0.002021758 0.026887646 0.199501723 0.001700723 0.979895890 1.384259701
0.977734923 -0.001627435 -0.209837466 -0.360998541 0.001251440 0.999997318 -0.001924607 0.028426612 0.209840044 0.001619156 0.977734387 1.434918046
0.975454688 -0.001499129 -0.220195130 -0.385415971 0.001123822 0.999997616 -0.001829686 0.028916134 0.220197380 0.001537316 0.975454152 1.485561252
0.973003566 -0.001806622 -0.230783015 -0.406458169 0.001388825 0.999997020 -0.001972787 0.031194123 0.230785906 0.001599012 0.973003209 1.537737131
0.970467746 -0.001996572 -0.241222620 -0.432771087 0.001534666 0.999996603 -0.002102713 0.032161999 0.241226032 0.001670419 0.970467508 1.589200020
0.967815697 -0.002153597 -0.251650989 -0.459297538 0.001645349 0.999996185 -0.002230045 0.034696657 0.251654863 0.001744220 0.967815518 1.641833663
0.964964390 -0.002790320 -0.262365937 -0.482001156 0.002256328 0.999994695 -0.002336540 0.032607209 0.262371123 0.001662695 0.964965641 1.691325903
0.962028444 -0.003015078 -0.272932529 -0.510539591 0.002396962 0.999993742 -0.002598126 0.036649708 0.272938639 0.001845262 0.962029696 1.746212244
0.958966196 -0.003200563 -0.283502698 -0.534833431 0.002581007 0.999993384 -0.002558859 0.036236905 0.283508986 0.001722136 0.958968043 1.794072986
0.955930054 -0.003047652 -0.293578804 -0.563234568 0.002396109 0.999993801 -0.002578936 0.037428182 0.293584764 0.001761836 0.955931425 1.842775226
0.952806175 -0.002689945 -0.303567439 -0.596826077 0.002012085 0.999994695 -0.002545740 0.039872773 0.303572744 0.001814794 0.952806532 1.901369929
0.949541926 -0.002551896 -0.313629717 -0.626716912 0.001792475 0.999994695 -0.002709731 0.041858744 0.313635021 0.002010830 0.949541450 1.953539133
0.946283281 -0.002157300 -0.323331743 -0.659389436 0.001273140 0.999994814 -0.002946008 0.043508019 0.323336422 0.002376112 0.946281135 2.005054951
0.942926407 -0.002398656 -0.332992613 -0.687364161 0.001458353 0.999994218 -0.003073707 0.044906486 0.332998067 0.002412659 0.942924440 2.059549093
0.939686894 -0.002323807 -0.342028320 -0.719829857 0.001286260 0.999993861 -0.003260290 0.045770258 0.342033774 0.002623714 0.939684033 2.113895416
0.936416805 -0.002304309 -0.350882232 -0.753660917 0.001125103 0.999993026 -0.003564524 0.049534049 0.350888014 0.002943101 0.936412871 2.173511028
0.933162630 -0.001942999 -0.359449267 -0.786618888 0.000774327 0.999993980 -0.003395234 0.047621641 0.359453648 0.002889974 0.933158457 2.225686073
0.929880917 -0.001829820 -0.367856205 -0.821552694 0.000549457 0.999993443 -0.003585308 0.050831802 0.367860377 0.003131789 0.929875851 2.285935640
0.926520526 -0.002139295 -0.376238137 -0.853797257 0.000788730 0.999992669 -0.003743652 0.052245669 0.376243412 0.003171821 0.926515460 2.347513199
0.923338950 -0.001995046 -0.383980721 -0.892483652 0.000533257 0.999992251 -0.003913355 0.053195193 0.383985519 0.003408594 0.923332870 2.409292221
0.920141518 -0.001909920 -0.391581386 -0.931718409 0.000278600 0.999991059 -0.004222754 0.055541791 0.391585916 0.003776438 0.920133829 2.476210594
0.916856408 -0.001881902 -0.399212718 -0.974644601 -0.000012465 0.999988675 -0.004742608 0.059093893 0.399217188 0.004353267 0.916846156 2.548766136
0.913433790 -0.001265453 -0.406985462 -1.021571159 -0.000709839 0.999988675 -0.004702452 0.060220342 0.406986862 0.004584272 0.913422525 2.627255917
0.909941137 -0.000845428 -0.414736480 -1.069827437 -0.001134464 0.999989092 -0.004527488 0.062886715 0.414735764 0.004590252 0.909930348 2.713072300
0.906628489 -0.000209416 -0.421929955 -1.124612451 -0.001901155 0.999987721 -0.004581458 0.063755743 0.421925694 0.004955834 0.906616867 2.804378033
0.903014064 -0.000344146 -0.429610610 -1.172930360 -0.001847954 0.999987304 -0.004685336 0.068653882 0.429606736 0.005024825 0.903002083 2.905199289
0.899923086 0.000631897 -0.436048001 -1.232849717 -0.002792563 0.999986827 -0.004314214 0.069862328 0.436039537 0.005100152 0.899913073 3.004375696
0.897213399 0.000920267 -0.441596210 -1.294257998 -0.002993772 0.999987483 -0.003998669 0.074253768 0.441587001 0.004909697 0.897204995 3.116500854
0.895050585 0.001153622 -0.445963085 -1.361489415 -0.003215988 0.999987304 -0.003867729 0.078225583 0.445953012 0.004896025 0.895043015 3.233331680
0.893235743 0.001843053 -0.449584931 -1.428984761 -0.003816636 0.999986649 -0.003483495 0.080696553 0.449572533 0.004827483 0.893230796 3.350645304
0.891905785 0.002417227 -0.452214867 -1.497621059 -0.004370575 0.999985039 -0.003274882 0.085197754 0.452200234 0.004897326 0.891903043 3.479429960
0.891260564 0.003415891 -0.453478813 -1.569608569 -0.005241874 0.999982476 -0.002769795 0.089386806 0.453461379 0.004845688 0.891262770 3.613502264
0.891064346 0.004071585 -0.453858912 -1.642968178 -0.005947575 0.999978602 -0.002706069 0.093416028 0.453838199 0.005110641 0.891069472 3.752903938
0.891375959 0.004881151 -0.453238457 -1.715499043 -0.006834710 0.999973118 -0.002672492 0.096310005 0.453213245 0.005479949 0.891385198 3.894573689
0.891920090 0.005271243 -0.452162296 -1.779049635 -0.007251931 0.999970317 -0.002647408 0.098939836 0.452134907 0.005640326 0.891931653 4.045129299
0.893498302 0.005759175 -0.449029654 -1.855937362 -0.007950973 0.999963939 -0.002995820 0.101886697 0.448996216 0.006246981 0.893511713 4.198946476
0.895594239 0.006465115 -0.444824755 -1.934461832 -0.008775746 0.999956608 -0.003135335 0.107517816 0.444785237 0.006711657 0.895612061 4.365301609
0.898296535 0.006533007 -0.439341038 -2.007510900 -0.008816031 0.999956131 -0.003156298 0.111351840 0.439301163 0.006708535 0.898314774 4.535499096
0.901781619 0.007621676 -0.432124794 -2.091485500 -0.009995783 0.999944806 -0.003223044 0.115819208 0.432076365 0.007225907 0.901808143 4.713542938
0.905350924 0.008744491 -0.424574167 -2.170314550 -0.011199069 0.999931872 -0.003286099 0.119888470 0.424516499 0.007729908 0.905387163 4.898050785
0.909254909 0.010115657 -0.416117013 -2.252599955 -0.012628630 0.999914885 -0.003287173 0.124516353 0.416048318 0.008243864 0.909305155 5.093786716
0.913309753 0.011336736 -0.407107800 -2.322421551 -0.013582180 0.999904335 -0.002626053 0.126950607 0.407038987 0.007927813 0.913376391 5.290012836
0.918036103 0.012161213 -0.396310210 -2.406334639 -0.014315201 0.999894500 -0.002477710 0.132797226 0.396238238 0.007947886 0.918113410 5.499337196
0.922737241 0.013970124 -0.385176361 -2.485325336 -0.016219825 0.999865174 -0.002592054 0.136538744 0.385088146 0.008639278 0.922839403 5.714202881
0.927852154 0.015429720 -0.372628868 -2.568101883 -0.017605944 0.999842048 -0.002437893 0.142113402 0.372532368 0.008822488 0.927977383 5.941740990
0.933032274 0.016445816 -0.359416634 -2.639373302 -0.018644193 0.999822676 -0.002650776 0.146756887 0.359309375 0.009174293 0.933173418 6.175315857
0.938659430 0.017280271 -0.344412506 -2.716027260 -0.019272868 0.999811471 -0.002362406 0.152314186 0.344306767 0.008855311 0.938815475 6.414834023
0.944292009 0.018317148 -0.328598797 -2.789518118 -0.020111460 0.999795675 -0.002062351 0.157378837 0.328493893 0.008556064 0.944467366 6.665592670
0.949730515 0.019223075 -0.312477767 -2.857799530 -0.021002075 0.999776661 -0.002328264 0.162674114 0.312363267 0.008773905 0.949922144 6.922048569
0.954783738 0.020155905 -0.296617508 -2.917992353 -0.021869328 0.999757707 -0.002459225 0.165548831 0.296496123 0.008834854 0.954993188 7.183670998
0.959814906 0.021033857 -0.279844403 -2.982281208 -0.022590827 0.999742031 -0.002339082 0.172619373 0.279722989 0.008567000 0.960042596 7.451989174
0.964647591 0.022330157 -0.262595356 -3.044981718 -0.023891507 0.999710739 -0.002753999 0.176833704 0.262457848 0.008930436 0.964902103 7.726860046
0.969272554 0.023251630 -0.244888037 -3.102843285 -0.025029298 0.999678135 -0.004149114 0.181779921 0.244712666 0.010150998 0.969542444 8.014135361
0.973697007 0.024144687 -0.226564020 -3.156764030 -0.025835125 0.999656141 -0.004498496 0.187189266 0.226377428 0.010233481 0.973985970 8.306895256
0.977763534 0.024331048 -0.208294049 -3.196208477 -0.025814002 0.999657154 -0.004403842 0.192696452 0.208115503 0.009682820 0.978056312 8.607134819
0.981596947 0.024909895 -0.189332187 -3.237673759 -0.026477285 0.999632835 -0.005753268 0.197986498 0.189119354 0.010660395 0.981896222 8.914674759
0.985016704 0.026024772 -0.170483753 -3.281835556 -0.027446773 0.999605298 -0.005989026 0.204030126 0.170260638 0.010578522 0.985342264 9.239006996
0.987984896 0.027764436 -0.152035326 -3.317440987 -0.028890973 0.999568939 -0.005205244 0.211090937 0.151825279 0.009535152 0.988361418 9.572834015
0.990624011 0.028345261 -0.133643478 -3.343342304 -0.029287180 0.999558032 -0.005087030 0.217995420 0.133440226 0.008953374 0.991016448 9.912029266
0.992947459 0.029184522 -0.114907101 -3.365844965 -0.029993178 0.999535978 -0.005314502 0.224383414 0.114698678 0.008723452 0.993362069 10.261254311
0.994923830 0.028627954 -0.096473001 -3.381886482 -0.029171087 0.999565423 -0.004223907 0.229003489 0.096310139 0.007016685 0.995326698 10.611335754
0.996457458 0.028661728 -0.079064295 -3.391856432 -0.029078808 0.999568582 -0.004128684 0.233485833 0.078911856 0.006413152 0.996860981 10.973733902
0.997631550 0.027522886 -0.063037485 -3.400867224 -0.027876908 0.999600232 -0.004743253 0.243273094 0.062881723 0.006489309 0.997999907 11.360222816
0.998434186 0.028786754 -0.047964208 -3.402229309 -0.028989313 0.999573469 -0.003532675 0.248847321 0.047842044 0.004917592 0.998842835 11.739109039
0.999018013 0.028910551 -0.033572096 -3.400756598 -0.029064644 0.999569118 -0.004110863 0.257292211 0.033438772 0.005082587 0.999427915 12.129236221
0.999339521 0.029846469 -0.020729385 -3.393937349 -0.029940682 0.999542654 -0.004249242 0.263339698 0.020593081 0.004867086 0.999776125 12.516818047
0.999505341 0.030206699 -0.008749127 -3.389941931 -0.030244751 0.999533415 -0.004249817 0.274459720 0.008616664 0.004512330 0.999952674 12.921389580
0.999582052 0.028840501 0.001993477 -3.381687880 -0.028832095 0.999575734 -0.004123131 0.288688362 -0.002111545 0.004063932 0.999989450 13.336450577
0.999492288 0.029824648 0.011206060 -3.366935730 -0.029796349 0.999552429 -0.002683807 0.295053214 -0.011281088 0.002348545 0.999933541 13.753954887
0.999362469 0.029674811 0.019854086 -3.347457886 -0.029650789 0.999559224 -0.001503151 0.301431417 -0.019889938 0.000913504 0.999801755 14.184264183
0.999144495 0.030331228 0.028110828 -3.328220367 -0.030297726 0.999539554 -0.001616898 0.306942761 -0.028146926 0.000763820 0.999603510 14.606601715
0.998881698 0.030978160 0.035715260 -3.304335594 -0.030922439 0.999519527 -0.002111494 0.321671695 -0.035763506 0.001004729 0.999359727 15.023915291
0.998597026 0.030808298 0.043067358 -3.280794144 -0.030735772 0.999524772 -0.002345419 0.331716806 -0.043119144 0.001018420 0.999069393 15.477606773
0.998261750 0.031814467 0.049611297 -3.248944998 -0.031708345 0.999492884 -0.002924819 0.342423528 -0.049679179 0.001346643 0.998764277 15.916554451
0.997919977 0.031687599 0.056137998 -3.216704369 -0.031522520 0.999495745 -0.003823775 0.349533349 -0.056230854 0.002046210 0.998415649 16.358388901
0.997494042 0.033433918 0.062351346 -3.185175419 -0.033226613 0.999438345 -0.004359030 0.360622734 -0.062462065 0.002276382 0.998044670 16.791023254
0.997107983 0.033417799 0.068256743 -3.149701118 -0.033197094 0.999439299 -0.004365593 0.370595157 -0.068364352 0.002087043 0.997658253 17.229871750
0.996689081 0.033142284 0.074245788 -3.114938259 -0.032945294 0.999449730 -0.003876769 0.378070682 -0.074333400 0.001417883 0.997232437 17.682106018
0.996299207 0.033259176 0.079257615 -3.072762012 -0.033073630 0.999446273 -0.003653009 0.385185540 -0.079335220 0.001018153 0.996847510 18.135234833
0.995919466 0.033603717 0.083756298 -3.028078318 -0.033385929 0.999434590 -0.003999899 0.392169446 -0.083843336 0.001187295 0.996478200 18.584846497
0.995481074 0.034847781 0.088335216 -2.985427618 -0.034633931 0.999392211 -0.003952925 0.400976062 -0.088419281 0.000875666 0.996082962 19.032741547
0.995098770 0.034487702 0.092676714 -2.936217785 -0.034326822 0.999405086 -0.003329779 0.411161453 -0.092736416 0.000132161 0.995690644 19.488269806
0.994663537 0.035563972 0.096848696 -2.890704632 -0.035460904 0.999367297 -0.002785764 0.426604331 -0.096886471 -0.000663444 0.995295346 19.946798325
0.994364858 0.034669895 0.100183107 -2.836633682 -0.034544110 0.999398708 -0.002990550 0.436057180 -0.100226559 -0.000487039 0.994964480 20.412536621
0.994049847 0.034254085 0.103400514 -2.781433105 -0.034184109 0.999412537 -0.002449293 0.443624228 -0.103423662 -0.001099935 0.994636774 20.881731033
0.993731201 0.034203563 0.106435433 -2.725954533 -0.034283150 0.999411583 -0.001082428 0.454383969 -0.106409803 -0.002573299 0.994319141 21.351089478
0.993489444 0.033375837 0.108926035 -2.668818712 -0.033635676 0.999434054 0.000548385 0.466136456 -0.108846083 -0.004208614 0.994049668 21.808919907
0.993180454 0.033721559 0.111603677 -2.623350859 -0.034101170 0.999417245 0.001493780 0.478468776 -0.111488268 -0.005289409 0.993751645 22.264444351
0.993060589 0.032105122 0.113136701 -2.565230131 -0.032559022 0.999467492 0.002166104 0.487987459 -0.113006920 -0.005834694 0.993577003 22.727359772
0.993013978 0.031427518 0.113734618 -2.508748770 -0.031969890 0.999484479 0.002947545 0.498600274 -0.113583356 -0.006563038 0.993506789 23.188873291
0.993033051 0.029671345 0.114038587 -2.452957392 -0.030163921 0.999541581 0.002595897 0.509041071 -0.113909274 -0.006017663 0.993472874 23.636842728
0.993126869 0.029602570 0.113237806 -2.390241861 -0.030208688 0.999536932 0.003640092 0.514950216 -0.113077626 -0.007035837 0.993561149 24.101488113
0.993187904 0.029111367 0.112828434 -2.344604015 -0.029830184 0.999544024 0.004687554 0.532330990 -0.112640500 -0.008021316 0.993603408 24.550329208
