1.000000000 0.000000000 0.000000000 0.000000000 0.000000000 1.000000000 0.000000000 0.000000000 0.000000000 0.000000000 1.000000000 0.000000000
0.999999225 0.001166923 0.000429871 -0.003391608 -0.001166999 0.999999285 0.000175769 -0.002618073 -0.000429666 -0.000176271 0.999999881 -0.019780058
0.999999285 0.001085592 0.000445560 -0.003692800 -0.001085701 0.999999404 0.000245233 -0.002948204 -0.000445293 -0.000245717 0.999999881 -0.019828577
0.999999523 0.000909115 0.000418985 -0.003804795 -0.000909187 0.999999583 0.000171733 -0.002050619 -0.000418828 -0.000172114 0.999999881 -0.016517987
0.999999523 0.000861802 0.000435029 -0.003988840 -0.000861863 0.999999642 0.000140498 -0.000908272 -0.000434908 -0.000140873 0.999999881 -0.013288472
0.999999583 0.000803601 0.000456330 -0.003956602 -0.000802996 0.999998808 -0.001323003 0.000322932 -0.000457393 0.001322636 0.999999046 -0.009857661
0.999999583 0.000747757 0.000464650 -0.003816087 -0.000746743 0.999997318 -0.002179450 0.000928518 -0.000466278 0.002179103 0.999997497 -0.008741643
0.999999762 0.000622929 0.000374333 -0.002721827 -0.000621759 0.999994934 -0.003117246 0.000784187 -0.000376273 0.003117013 0.999995053 -0.005613739
0.999999583 0.000858908 0.000387631 -0.002204108 -0.000855913 0.999970257 -0.007661689 -0.000112777 -0.000394200 0.007661354 0.999970555 -0.000466005
0.999999464 0.000985593 0.000269503 0.000308887 -0.000983387 0.999966979 -0.008067018 -0.000440049 -0.000277445 0.008066749 0.999967396 0.007122344
0.999999821 0.000538981 0.000260538 -0.001780507 -0.000536714 0.999962628 -0.008627024 0.001916807 -0.000265178 0.008626883 0.999962747 0.044864867
0.999999404 0.001047989 0.000291072 -0.002006326 -0.001046746 0.999990463 -0.004237057 -0.000964272 -0.000295510 0.004236750 0.999991000 0.062040117
0.999999762 0.000664882 0.000134285 0.000937076 -0.000664303 0.999990702 -0.004267546 -0.002314782 -0.000137121 0.004267456 0.999990880 0.083143078
0.999999881 0.000481370 0.000117002 0.001736982 -0.000480792 0.999987960 -0.004888612 -0.003868099 -0.000119354 0.004888555 0.999988019 0.108312413
1.000000000 0.000034400 0.000011130 0.002638699 -0.000034341 0.999986410 -0.005211285 -0.004378942 -0.000011309 0.005211284 0.999986410 0.137648910
1.000000000 -0.000003424 -0.000138360 0.003049009 0.000002784 0.999989331 -0.004622612 -0.003562377 0.000138374 0.004622611 0.999989331 0.168273076
0.999999940 -0.000110576 -0.000259752 0.004809434 0.000109048 0.999982715 -0.005875056 -0.002451912 0.000260397 0.005875027 0.999982715 0.207343712
0.999999940 0.000059752 -0.000374823 0.005095741 -0.000061356 0.999990821 -0.004281325 -0.004108097 0.000374563 0.004281348 0.999990761 0.239481583
0.999999821 -0.000089045 -0.000568948 0.006202018 0.000086513 0.999990106 -0.004448958 -0.002562686 0.000569338 0.004448908 0.999989927 0.274556726
0.999999583 -0.000195484 -0.000923612 0.009369638 0.000190765 0.999986947 -0.005106970 -0.002951605 0.000924598 0.005106792 0.999986529 0.312581450
0.999998927 -0.000321497 -0.001448280 0.013485424 0.000314533 0.999988377 -0.004806369 -0.001182631 0.001449808 0.004805908 0.999987423 0.360449463
0.999998212 -0.000854823 -0.001672271 0.013552910 0.000846871 0.999988377 -0.004750194 0.004290661 0.001676312 0.004748770 0.999987304 0.401013732
0.999998510 -0.000751961 -0.001539754 0.011820160 0.000741939 0.999978602 -0.006499175 0.010102173 0.001544608 0.006498024 0.999977708 0.449657321
0.999997377 -0.000726276 -0.002141014 0.015508593 0.000712841 0.999980092 -0.006269387 0.013197407 0.002145524 0.006267845 0.999978065 0.529092252
0.999996305 -0.000917667 -0.002549829 0.019356437 0.000903274 0.999983609 -0.005640299 0.013421956 0.002554963 0.005637974 0.999980807 0.580604076
0.999996245 -0.001022299 -0.002532416 0.018930573 0.001003828 0.999972939 -0.007284400 0.013360906 0.002539795 0.007281832 0.999970257 0.649422526
0.999994397 -0.001436902 -0.003017635 0.023096988 0.001416765 0.999976754 -0.006664849 0.011558676 0.003027141 0.006660537 0.999973238 0.735936940
0.999992430 -0.001648201 -0.003508996 0.026668122 0.001627908 0.999981940 -0.005778258 0.009139558 0.003518456 0.005772503 0.999977112 0.806875348
0.999991655 -0.001584234 -0.003754328 0.028505275 0.001558106 0.999974608 -0.006952159 0.009419303 0.003765246 0.006946252 0.999968767 0.881219327
0.999993980 -0.000906005 -0.003354325 0.021645427 0.000882295 0.999974608 -0.007063197 0.013641952 0.003360639 0.007060195 0.999969423 0.971452534
0.999990642 -0.000778520 -0.004250662 0.031148568 0.000752286 0.999980688 -0.006169831 0.013063408 0.004255384 0.006166576 0.999971926 1.037634254
0.999987960 -0.000843724 -0.004822423 0.036666341 0.000815979 0.999983132 -0.005752519 0.012272265 0.004827196 0.005748515 0.999971807 1.093502760
0.999987066 -0.001313052 -0.004904580 0.036025852 0.001281429 0.999978423 -0.006445212 0.013949560 0.004912937 0.006438845 0.999967217 1.198701620
0.999984682 -0.001486945 -0.005334754 0.040416695 0.001445051 0.999968171 -0.007848307 0.014155857 0.005346254 0.007840478 0.999954998 1.279162169
0.999982059 -0.001825519 -0.005711408 0.044374011 0.001787025 0.999975681 -0.006737671 0.012222045 0.005723570 0.006727343 0.999961019 1.382905960
0.999980032 -0.001652081 -0.006108335 0.047383688 0.001606320 0.999970734 -0.007488984 0.013276292 0.006120529 0.007479022 0.999953330 1.447619677
0.999976575 -0.001381260 -0.006702910 0.051863931 0.001336660 0.999976993 -0.006653723 0.010969018 0.006711945 0.006644607 0.999955416 1.564453483
0.999971986 -0.001389480 -0.007348549 0.055964530 0.001340891 0.999977291 -0.006612894 0.010094992 0.007357570 0.006602854 0.999951184 1.675077319
0.999970317 -0.001971233 -0.007443437 0.059474252 0.001900640 0.999953330 -0.009479199 0.009473352 0.007461775 0.009464771 0.999927402 1.771478772
0.999967039 -0.002341249 -0.007773749 0.062446106 0.002263500 0.999947488 -0.009995207 0.010559749 0.007796741 0.009977284 0.999919891 1.869842410
0.999961138 -0.002937825 -0.008319099 0.066786900 0.002857313 0.999949157 -0.009673350 0.008727817 0.008347095 0.009649203 0.999918640 1.967796683
0.999958277 -0.003074808 -0.008595795 0.070534304 0.002981979 0.999937296 -0.010791365 0.008872632 0.008628436 0.010765284 0.999904752 2.073315382
0.999957502 -0.002528996 -0.008863385 0.074688084 0.002433196 0.999938607 -0.010802686 0.008688629 0.008890163 0.010780661 0.999902308 2.204331160
0.999956846 -0.002271745 -0.009004931 0.076960064 0.002179550 0.999945164 -0.010234805 0.006906053 0.009027691 0.010214737 0.999907076 2.287305832
0.999949992 -0.002092939 -0.009774496 0.081215128 0.001994324 0.999947131 -0.010087857 0.007484760 0.009795093 0.010067861 0.999901295 2.402770758
0.999943733 -0.002087896 -0.010399767 0.085709974 0.001983071 0.999947190 -0.010079728 0.005725445 0.010420264 0.010058539 0.999895096 2.542592764
0.999939978 -0.002451566 -0.010671488 0.089759544 0.002346574 0.999948859 -0.009839949 0.005362561 0.010695064 0.009814319 0.999894619 2.627729654
0.999933720 -0.002848634 -0.011152675 0.094468236 0.002733102 0.999942601 -0.010360719 0.004070513 0.011181548 0.010329551 0.999884069 2.744772911
0.999925911 -0.002977083 -0.011801859 0.100020573 0.002845390 0.999933720 -0.011159775 0.003700234 0.011834299 0.011125367 0.999868035 2.868072510
0.999921083 -0.003210188 -0.012139315 0.102683932 0.003075996 0.999934137 -0.011056855 0.002174091 0.012174008 0.011018644 0.999865115 2.987747431
0.999911249 -0.003157659 -0.012941256 0.108409330 0.003011056 0.999931276 -0.011332188 0.003440332 0.012976149 0.011292215 0.999851942 3.088377953
0.999907494 -0.002883689 -0.013289672 0.111685477 0.002729182 0.999928653 -0.011629611 -0.001038775 0.013322263 0.011592267 0.999844015 3.241787910
0.999902666 -0.003124221 -0.013595762 0.113677822 0.002967899 0.999929428 -0.011502883 -0.002314877 0.013630740 0.011461413 0.999841392 3.340569496
0.999888837 -0.003248324 -0.014552310 0.120752774 0.003083923 0.999931335 -0.011305450 -0.002665985 0.014588037 0.011259316 0.999830186 3.474189520
0.999881566 -0.003697616 -0.014935287 0.125243098 0.003530521 0.999931037 -0.011198874 -0.003871322 0.014975666 0.011144818 0.999825776 3.610884190
0.999873638 -0.003352350 -0.015536550 0.129640251 0.003180523 0.999933541 -0.011071116 -0.006121606 0.015572633 0.011020302 0.999818027 3.752255440
0.999863982 -0.003077526 -0.016202481 0.133903950 0.002885546 0.999925494 -0.011858861 -0.007567294 0.016237766 0.011810495 0.999798417 3.922969818
0.999853969 -0.003250023 -0.016770452 0.138110012 0.003047311 0.999922216 -0.012098900 -0.007972416 0.016808463 0.012046029 0.999786198 4.027501106
0.999838293 -0.003460317 -0.017642872 0.144432247 0.003251602 0.999924541 -0.011844991 -0.010428160 0.017682524 0.011785707 0.999774158 4.175142288
0.999828756 -0.003636470 -0.018139489 0.149449944 0.003419287 0.999922276 -0.011989604 -0.011408132 0.018181674 0.011925527 0.999763548 4.290684700
0.999822080 -0.004281874 -0.018368525 0.151792154 0.004057002 0.999916553 -0.012262070 -0.015073728 0.018419493 0.012185366 0.999756157 4.439184666
0.999807894 -0.004436060 -0.019091066 0.156350866 0.004208476 0.999919772 -0.011944742 -0.015182968 0.019142523 0.011862100 0.999746382 4.593313217
0.999799311 -0.004239398 -0.019581422 0.159639329 0.004005112 0.999920130 -0.011988525 -0.014820438 0.019630682 0.011907691 0.999736369 4.710525036
0.999787629 -0.004154740 -0.020183254 0.164632618 0.003900074 0.999912500 -0.012640722 -0.016951784 0.020234009 0.012559323 0.999716341 4.873137951
0.999774694 -0.004292642 -0.020787518 0.170476794 0.004038025 0.999916494 -0.012275130 -0.020155709 0.020838480 0.012188423 0.999708474 5.037091732
0.999775589 -0.003412537 -0.020908948 0.173038244 0.003127669 0.999902010 -0.013641833 -0.022949219 0.020953454 0.013573374 0.999688268 5.247966290
0.999765158 -0.003360926 -0.021408472 0.177728415 0.003064489 0.999899209 -0.013864524 -0.025210723 0.021452915 0.013795659 0.999674737 5.379806042
0.999759316 -0.003293811 -0.021686260 0.183433712 0.002985172 0.999893963 -0.014249051 -0.024366222 0.021730896 0.014180887 0.999663293 5.499847412
0.999747336 -0.003389002 -0.022221053 0.191412166 0.003058194 0.999884248 -0.014904264 -0.025374632 0.022268992 0.014832542 0.999642015 5.721415997
0.999746978 -0.003445793 -0.022225102 0.194753498 0.003097040 0.999871790 -0.015707245 -0.027603053 0.022276381 0.015634442 0.999629617 5.862737179
0.999742806 -0.003682496 -0.022373604 0.201818109 0.003316175 0.999860168 -0.016387984 -0.028369620 0.022430826 0.016309574 0.999615371 6.051690102
0.999735475 -0.004153648 -0.022616375 0.208499178 0.003778327 0.999854863 -0.016612589 -0.029757507 0.022682093 0.016522747 0.999606192 6.242983341
0.999731958 -0.003934745 -0.022813980 0.214852661 0.003538279 0.999842405 -0.017392637 -0.030428857 0.022878822 0.017307254 0.999588490 6.439397812
0.999754727 -0.003617155 -0.021849953 0.214414448 0.003232149 0.999839365 -0.017630182 -0.035930797 0.021910213 0.017555231 0.999605775 6.560381889
0.999752402 -0.003258601 -0.022010297 0.221334755 0.002854416 0.999827147 -0.018369958 -0.039764732 0.022066353 0.018302590 0.999588907 6.755293846
0.999754131 -0.003339287 -0.021920925 0.227565154 0.002940797 0.999830365 -0.018185662 -0.041323036 0.021977933 0.018116726 0.999594271 6.961914062
0.999749541 -0.003196539 -0.022152133 0.234719455 0.002802370 0.999837637 -0.017801991 -0.043223530 0.022205442 0.017735451 0.999596059 7.114116192
0.999750853 -0.003578715 -0.022031438 0.243291557 0.003188272 0.999837697 -0.017731778 -0.044279590 0.022091322 0.017657120 0.999599993 7.372997284
0.999783456 -0.003259406 -0.020552300 0.243155032 0.002909851 0.999851108 -0.017015098 -0.050678112 0.020604692 0.016951606 0.999643981 7.571937084
0.999793649 -0.002787011 -0.020123569 0.248073444 0.002441204 0.999849319 -0.017188311 -0.052724570 0.020168439 0.017135631 0.999649704 7.715818405
0.999814212 -0.001819825 -0.019185590 0.255296707 0.001492891 0.999853611 -0.017041184 -0.057147093 0.019213794 0.017009376 0.999670684 7.959105492
0.999817848 -0.001774248 -0.019001266 0.261624545 0.001462709 0.999864459 -0.016397065 -0.059500307 0.019027781 0.016366282 0.999684989 8.149783134
0.999827087 -0.001700954 -0.018517185 0.266952187 0.001409681 0.999875307 -0.015731582 -0.062103435 0.018541634 0.015702758 0.999704719 8.318398476
0.999844074 -0.002007426 -0.017550590 0.278228492 0.001751943 0.999892414 -0.014560209 -0.064117670 0.017577931 0.014527189 0.999739885 8.571921349
0.999864459 -0.002343862 -0.016297678 0.281048477 0.002104059 0.999889433 -0.014715550 -0.066229984 0.016330367 0.014679263 0.999758840 8.733381271
0.999878526 -0.002587358 -0.015368682 0.290237248 0.002365764 0.999893188 -0.014419292 -0.067617789 0.015404349 0.014381182 0.999777853 8.953309059
0.999890149 -0.002259423 -0.014652927 0.301175445 0.002074349 0.999918044 -0.012633419 -0.071529955 0.014680266 0.012601634 0.999812782 9.182221413
0.999897063 -0.002203444 -0.014174595 0.314160585 0.002046790 0.999936759 -0.011056706 -0.076488674 0.014198064 0.011026556 0.999838352 9.406486511
0.999907553 -0.002706802 -0.013318606 0.320373178 0.002564190 0.999939322 -0.010713120 -0.080279477 0.013346795 0.010677978 0.999853909 9.548562050
0.999918520 -0.003060638 -0.012387199 0.332970381 0.002920538 0.999931812 -0.011312348 -0.083594382 0.012420975 0.011275251 0.999859214 9.725934029
0.999928117 -0.002995387 -0.011600152 0.341146886 0.002863658 0.999931455 -0.011355827 -0.089128554 0.011633372 0.011321792 0.999868155 9.880920410
0.999936581 -0.003185062 -0.010800129 0.359268725 0.003078807 0.999946833 -0.009840760 -0.119247213 0.010830898 0.009806885 0.999893308 10.074248314
0.999932766 -0.002474414 -0.011325828 0.385982245 0.002399801 0.999975383 -0.006596702 -0.147500813 0.011341872 0.006569078 0.999914110 10.137721062
0.999917924 -0.001927731 -0.012667394 0.426493913 0.001854611 0.999981582 -0.005781508 -0.163913220 0.012678307 0.005757540 0.999903023 10.275883675
0.999846220 -0.002166897 -0.017398793 0.517390668 0.002074292 0.999983668 -0.005338812 -0.168509543 0.017410077 0.005301901 0.999834359 10.371503830
0.999765754 -0.001546304 -0.021588078 0.592752218 0.001508578 0.999997258 -0.001763733 -0.218090937 0.021590745 0.001730752 0.999765396 10.506222725
0.999704778 -0.001151036 -0.024265407 0.648167431 0.001116075 0.999998331 -0.001454270 -0.242099151 0.024267040 0.001426759 0.999704480 10.639347076
0.999638915 -0.000519354 -0.026864771 0.695453584 0.000541583 0.999999464 0.000820170 -0.269730568 0.026864331 -0.000834425 0.999638736 10.763992310
0.999609172 0.001565424 -0.027911860 0.739927053 -0.001498225 0.999995947 0.002428290 -0.304930508 0.027915554 -0.002385523 0.999607384 10.932539940
0.999589622 0.002410646 -0.028540943 0.762391686 -0.002320121 0.999992192 0.003204447 -0.316526890 0.028548444 -0.003136914 0.999587476 11.057225227
0.999557436 0.002965379 -0.029599980 0.786247492 -0.002861014 0.999989569 0.003567554 -0.337549537 0.029610246 -0.003481289 0.999555469 11.206218719
0.999540150 0.002992507 -0.030174375 0.801558852 -0.002926510 0.999993205 0.002231128 -0.334073216 0.030180840 -0.002141796 0.999542177 11.331939697
0.999516189 0.003297492 -0.030928496 0.819766819 -0.003258327 0.999993861 0.001316600 -0.355247527 0.030932654 -0.001215188 0.999520719 11.556735992
0.999509454 0.002215280 -0.031238237 0.830726624 -0.002194780 0.999997377 0.000690525 -0.342978477 0.031239685 -0.000621625 0.999511659 11.722608566
0.999482930 0.004093428 -0.031892993 0.845257640 -0.004052992 0.999990940 0.001332390 -0.357721329 0.031898160 -0.001202439 0.999490380 11.869157791
0.999459863 0.005774138 -0.032352850 0.860386252 -0.005759918 0.999983251 0.000532727 -0.352416515 0.032355383 -0.000346090 0.999476373 12.028348923
0.999457777 0.006593519 -0.032258220 0.872088611 -0.006668060 0.999975324 -0.002203722 -0.341792256 0.032242894 0.002417627 0.999477088 12.239182472
0.999472678 0.008450144 -0.031351786 0.862211227 -0.008511206 0.999962091 -0.001814719 -0.339711517 0.031335268 0.002080605 0.999506772 12.391400337
0.999387145 0.009079180 -0.033807099 0.905621052 -0.009194940 0.999952376 -0.003270310 -0.311651468 0.033775795 0.003579160 0.999422967 12.579781532
0.999340296 0.009306731 -0.035107866 0.925735652 -0.009375562 0.999954462 -0.001796421 -0.318048418 0.035089549 0.002124391 0.999381900 12.775851250
0.999317825 0.009370914 -0.035722122 0.938238084 -0.009423671 0.999954760 -0.001308822 -0.324502945 0.035708234 0.001644563 0.999360859 12.951238632
0.999355078 0.003678451 -0.035720326 0.946725488 -0.003606351 0.999991357 0.002082686 -0.342654705 0.035727672 -0.001952523 0.999359667 13.173369408
0.999348164 -0.000300278 -0.036098462 0.957586765 0.000544941 0.999976993 0.006767990 -0.353674769 0.036095604 -0.006783250 0.999325275 13.302950859
0.999299705 0.003487532 -0.037255794 0.974483728 -0.003148900 0.999953270 0.009144200 -0.376245439 0.037285939 -0.009020483 0.999263942 13.504162788
0.999259174 0.008870089 -0.037448607 0.966576397 -0.008567181 0.999929368 0.008241343 -0.399321973 0.037519064 -0.007914408 0.999264538 13.724367142
0.999107122 0.018059658 -0.038192689 0.970347762 -0.017878179 0.999827206 0.005087870 -0.364978909 0.038277987 -0.004400512 0.999257445 13.902981758
0.999020159 0.019525738 -0.039716598 0.989563882 -0.019095931 0.999755204 0.011172594 -0.386620998 0.039925031 -0.010403222 0.999148548 14.126389503
0.999034882 0.017983928 -0.040072080 0.987361610 -0.017427828 0.999747634 0.014183817 -0.378889352 0.040317036 -0.013471756 0.999096215 14.257399559
0.999037921 0.008257738 -0.043068636 1.005577803 -0.007642361 0.999866724 0.014433403 -0.387170970 0.043182082 -0.014090373 0.998967826 14.452744484
0.999000907 0.006571095 -0.044203851 1.022052765 -0.005728678 0.999800086 0.019157328 -0.401085436 0.044320896 -0.018884953 0.998838782 14.618117332
0.999040782 0.006975100 -0.043228433 1.021587849 -0.005984671 0.999717593 0.022998743 -0.409752905 0.043376643 -0.022717975 0.998800457 14.737109184
0.998999417 0.014552490 -0.042288356 0.997772098 -0.013459441 0.999570847 0.026018294 -0.385728538 0.042648833 -0.025423083 0.998766601 14.924292564
0.998792410 0.020370897 -0.044707660 0.998467505 -0.019098157 0.999405265 0.028712980 -0.384034991 0.045265973 -0.027824474 0.998587370 15.084127426
0.998694122 0.021991355 -0.046112962 1.000379562 -0.020573569 0.999307632 0.030998472 -0.394142985 0.046762731 -0.030009288 0.998455167 15.196608543
0.998645067 0.022441413 -0.046950847 1.001899242 -0.020981392 0.999287844 0.031361993 -0.376770765 0.047621224 -0.030334409 0.998404682 15.367368698
0.998623013 0.020458303 -0.048306208 1.006760597 -0.018838825 0.999252856 0.033745896 -0.378235698 0.048960503 -0.032789394 0.998262286 15.524221420
0.998619080 0.016901635 -0.049741685 1.004913092 -0.015128564 0.999244273 0.035808727 -0.366182446 0.050309312 -0.035006762 0.998120010 15.704751968
0.998561442 0.016658727 -0.050964419 1.004392862 -0.014505309 0.998998106 0.042335369 -0.365614593 0.051618617 -0.041535214 0.997802794 15.863336563
0.998475611 0.017315743 -0.052408554 1.003907442 -0.015089713 0.998979270 0.042576235 -0.355742753 0.053092301 -0.041720513 0.997717619 16.004795074
0.998299479 0.019650353 -0.054881535 1.002319574 -0.017001778 0.998687267 0.048316784 -0.348533154 0.055758938 -0.047301523 0.997323155 16.192714691
0.998178601 0.020821132 -0.056622081 1.000635982 -0.018047728 0.998632789 0.049058821 -0.341021657 0.057566132 -0.047947563 0.997189641 16.311574936
0.998047411 0.021211140 -0.058750302 1.000109673 -0.018273393 0.998577118 0.050097615 -0.330935240 0.059729349 -0.048926212 0.997014821 16.452932358
0.997940183 0.021790061 -0.060337506 0.996002555 -0.018689714 0.998499155 0.051479425 -0.328611255 0.061368693 -0.050245706 0.996849597 16.590791702
0.997790217 0.021323407 -0.062928148 0.996647358 -0.018197002 0.998591185 0.049843770 -0.317908823 0.063902333 -0.048588518 0.996772647 16.742921829
0.997681320 0.021891316 -0.064441428 0.992951035 -0.018646497 0.998548388 0.050530836 -0.318625271 0.065454066 -0.049212065 0.996641219 16.849218369
0.997479320 0.022779347 -0.067201905 0.985932112 -0.019497259 0.998603702 0.049097206 -0.311869204 0.068226472 -0.047663201 0.996530592 17.027784348
0.997277558 0.023736607 -0.069816425 0.986909866 -0.020265151 0.998542666 0.050017439 -0.308719873 0.070901945 -0.048466422 0.996305108 17.136877060
0.996555924 0.024816589 -0.079121962 1.015096903 -0.020611051 0.998353243 0.053533275 -0.359256744 0.080320165 -0.051718116 0.995426476 17.238471985
0.995903015 0.026831249 -0.086355463 1.063004971 -0.022432750 0.998420537 0.051508345 -0.339987457 0.087601103 -0.049360126 0.994931877 17.435127258
0.995489955 0.028127739 -0.090600476 1.073253751 -0.023556769 0.998413980 0.051132157 -0.337507069 0.091895007 -0.048767298 0.994573772 17.545204163
0.995054841 0.029025016 -0.094991058 1.053185701 -0.024281917 0.998417914 0.050712772 -0.330749273 0.096312717 -0.048155427 0.994185507 17.743070602
0.994786918 0.029537262 -0.097603858 1.033477545 -0.024665358 0.998406768 0.050750338 -0.322040558 0.098947406 -0.048078343 0.993930459 17.867263794
0.994243026 0.030998699 -0.102566734 1.022216439 -0.025767732 0.998317838 0.051938552 -0.321967483 0.104004242 -0.048996631 0.993369162 18.026163101
0.993492305 0.032827307 -0.109065257 1.005011439 -0.027333189 0.998299181 0.051493563 -0.306502402 0.110570163 -0.048177358 0.992699981 18.210929871
0.992958307 0.034548149 -0.113314785 0.998766899 -0.028980795 0.998307705 0.050416801 -0.298000216 0.114864834 -0.046777826 0.992279112 18.312501907
0.992268205 0.035827480 -0.118828699 0.987358809 -0.029942844 0.998252690 0.050943408 -0.291604102 0.120446220 -0.046991449 0.991607070 18.461433411
0.991810203 0.036839582 -0.122292250 0.970054388 -0.030900639 0.998265564 0.050110467 -0.285678029 0.123926193 -0.045921158 0.991228282 18.570125580
0.991012335 0.039149925 -0.127913624 0.945103168 -0.032957550 0.998196542 0.050174400 -0.272165537 0.129647255 -0.045507725 0.990515411 18.754598618
0.990392506 0.040634986 -0.132179752 0.934120893 -0.034404915 0.998201966 0.049081344 -0.269026995 0.133936554 -0.044062156 0.990009844 18.869129181
0.989423335 0.042751875 -0.138614103 0.913541555 -0.036241215 0.998133183 0.049159266 -0.260103405 0.140457019 -0.043615781 0.989125609 19.053400040
0.988579214 0.043947197 -0.144152015 0.892136097 -0.037276175 0.998119652 0.048657753 -0.255719602 0.146019340 -0.042728614 0.988358557 19.203237534
0.987776816 0.043908883 -0.149563581 0.883340359 -0.037011355 0.998132646 0.048594270 -0.251605630 0.151418030 -0.042464737 0.987557232 19.315683365
0.986552417 0.043559086 -0.157534331 0.861097097 -0.036466792 0.998198926 0.047635544 -0.246025383 0.159325540 -0.041250184 0.986363947 19.501455307
0.985424995 0.043985758 -0.164325371 0.841933489 -0.036929682 0.998269975 0.045752034 -0.238611221 0.166053504 -0.039016712 0.985344589 19.651231766
0.983455241 0.046100594 -0.175187200 0.805553436 -0.038597025 0.998195410 0.046001919 -0.228335440 0.176991791 -0.038479120 0.983459890 19.874982834
0.981833637 0.047377057 -0.183733374 0.779056787 -0.039917387 0.998229742 0.044090822 -0.221743166 0.185497001 -0.035955690 0.981986761 20.026277542
0.980465829 0.048898920 -0.190513670 0.757931232 -0.041348953 0.998201370 0.043407552 -0.220945120 0.192293569 -0.034682088 0.980724394 20.136953354
0.978998125 0.051143818 -0.197349489 0.736614466 -0.043626387 0.998153806 0.042256221 -0.218936026 0.199146286 -0.032759123 0.979422092 20.243125916
0.975564659 0.052390110 -0.213375077 0.713127613 -0.046321534 0.998369813 0.033345297 -0.210189760 0.214774191 -0.022646628 0.976401091 20.417598724
0.973927021 0.050738197 -0.221114829 0.669383049 -0.045902241 0.998582125 0.026958004 -0.211749256 0.222169086 -0.016105462 0.974875093 20.561458588
0.971088469 0.049226519 -0.233589306 0.627905369 -0.045792438 0.998748600 0.020105386 -0.211982638 0.234286726 -0.008827480 0.972127438 20.733200073
0.968949139 0.048535835 -0.242449477 0.605257988 -0.045936182 0.998810291 0.016367374 -0.211092532 0.242955402 -0.004721947 0.970025897 20.845476151
0.966233075 0.047460783 -0.253261060 0.568566799 -0.046096511 0.998872817 0.011321572 -0.205545679 0.253512919 0.000735174 0.967331707 20.985151291
0.962162852 0.046669748 -0.268448353 0.521675110 -0.046842426 0.998885632 0.005765325 -0.200081766 0.268418342 0.007027594 0.963276803 21.161657333
0.959386826 0.047425210 -0.278078705 0.493876457 -0.047851302 0.998840630 0.005258647 -0.200536728 0.278005719 0.008261353 0.960543811 21.268785477
0.956058085 0.049282353 -0.289005309 0.447803020 -0.050494365 0.998719037 0.003265255 -0.195483997 0.288795978 0.011471360 0.957321942 21.408195496
0.950897157 0.051409412 -0.305207670 0.396580696 -0.051803090 0.998634040 0.006814314 -0.190371677 0.305141091 0.009330988 0.952261448 21.575345993
0.946055830 0.050818928 -0.319993377 0.351292133 -0.050477821 0.998681247 0.009366027 -0.187739998 0.320047349 0.007291787 0.947373509 21.720254898
0.942230642 0.049447697 -0.331294954 0.316031456 -0.048907205 0.998753488 0.009973587 -0.186186045 0.331375241 0.006805289 0.943474531 21.820796967
0.935555041 0.047676079 -0.349948138 0.278478146 -0.047018766 0.998840034 0.010379080 -0.196091950 0.350037038 0.006743930 0.936711550 21.937498093
0.931025267 0.046954144 -0.361921966 0.238413334 -0.046768263 0.998862684 0.009279126 -0.192237645 0.361945987 0.008287357 0.932162225 22.037723541
0.923372626 0.047291122 -0.380981296 0.198812008 -0.046966270 0.998844802 0.010155709 -0.195330098 0.381021559 0.008515766 0.924526870 22.152784348
0.916830003 0.046741083 -0.396532536 0.148625374 -0.047062859 0.998852015 0.008924346 -0.194161415 0.396494478 0.010479845 0.917977214 22.271476746
0.909783065 0.045887548 -0.412539840 0.101025581 -0.045690142 0.998902082 0.010348214 -0.195426330 0.412561744 0.009434376 0.910880804 22.379016876
0.899805069 0.043004483 -0.434167504 0.059927940 -0.042568848 0.999035835 0.010731714 -0.192652419 0.434210449 0.008825557 0.900768340 22.477123260
0.892384768 0.039605651 -0.449533939 0.026268005 -0.039083697 0.999181449 0.010445322 -0.191956222 0.449579597 0.008248207 0.893202126 22.542579651
0.884092569 0.040391620 -0.465562910 -0.015338898 -0.041582499 0.999105394 0.007716904 -0.177488998 0.465458125 0.012536813 0.884981155 22.625169754
0.875729620 0.036523271 -0.481418431 -0.048271179 -0.037790220 0.999260724 0.007067144 -0.172892943 0.481320560 0.012003998 0.876462579 22.708305359
0.870963812 0.035562996 -0.490058184 -0.084312439 -0.037316974 0.999284208 0.006194796 -0.170210674 0.489927739 0.012892044 0.871667683 22.767932892
0.860609829 0.028070314 -0.508490741 -0.115358353 -0.029212121 0.999556780 0.005737830 -0.174620956 0.508426368 0.009916058 0.861048341 22.844783783
0.850771666 0.025789756 -0.524902403 -0.150417328 -0.026217528 0.999634326 0.006620654 -0.174160093 0.524881184 0.008128977 0.851136684 22.912914276
0.838441432 0.024024600 -0.544461787 -0.189152718 -0.025129203 0.999669671 0.005413224 -0.171496719 0.544412076 0.009143220 0.838768184 22.981063843
0.823463500 0.021874076 -0.566947341 -0.233418465 -0.022634769 0.999727488 0.005695788 -0.165633172 0.566917539 0.008142449 0.823734164 23.051372528
0.808012068 0.016582379 -0.588932514 -0.279339790 -0.018186711 0.999829412 0.003199808 -0.155487865 0.588885128 0.008125260 0.808175862 23.141304016
0.791734755 0.018116916 -0.610596299 -0.323979378 -0.022850385 0.999738872 0.000033968 -0.140481994 0.610437512 0.013925466 0.791942000 23.206850052
0.775177240 0.014466824 -0.631578147 -0.396567345 -0.020069459 0.999797106 -0.001731378 -0.130381197 0.631424904 0.014017558 0.775310278 23.311374664
0.756946087 0.014387324 -0.653318942 -0.473079681 -0.019851446 0.999802470 -0.000982664 -0.123989724 0.653175712 0.013713149 0.757082164 23.400529861
0.738751233 0.014445546 -0.673823357 -0.546476364 -0.022039212 0.999753356 -0.002729959 -0.119642951 0.673617780 0.016867297 0.738887429 23.476541519
0.719638586 0.017021436 -0.694140077 -0.625719070 -0.025331859 0.999677539 -0.001748689 -0.119984284 0.693886578 0.018842284 0.719837666 23.547119141
0.700576067 0.015940640 -0.713399649 -0.704222679 -0.025727743 0.999664724 -0.002928156 -0.120006204 0.713113785 0.020405559 0.700751305 23.616601944
0.681238651 0.016260147 -0.731880844 -0.777743340 -0.025669349 0.999669075 -0.001683590 -0.123517625 0.731611252 0.019933829 0.681430578 23.680337906
0.666623235 0.014008161 -0.745263219 -0.857034683 -0.022212299 0.999752641 -0.001076850 -0.130534098 0.745063841 0.017271860 0.666769505 23.746578217
0.647675514 0.015098474 -0.761766791 -0.911077499 -0.022799751 0.999739945 0.000430197 -0.129823998 0.761575103 0.017089466 0.647851169 23.794679642
0.626424015 0.018208629 -0.779269755 -0.966402054 -0.026905218 0.999636471 0.001729741 -0.129475892 0.779018044 0.019882873 0.626686156 23.838384628
0.614440501 0.016941695 -0.788781226 -1.079889297 -0.027780926 0.999613941 -0.000170606 -0.119177088 0.788473785 0.022017898 0.614674032 23.934623718
0.597239852 0.016792966 -0.801886857 -1.138225555 -0.028710945 0.999587655 -0.000450538 -0.121895768 0.801548541 0.023292011 0.597475767 23.982749939
0.574513614 0.018422002 -0.818287671 -1.181963921 -0.032091830 0.999484897 -0.000030159 -0.122916728 0.817865670 0.026277676 0.574808896 24.015415192
0.554191232 0.017258003 -0.832210422 -1.246464729 -0.033090349 0.999451458 -0.001309576 -0.115075797 0.831731379 0.028263887 0.554458261 24.060050964
0.530819774 0.018062374 -0.847292304 -1.315298080 -0.033335540 0.999444067 0.000421540 -0.106324837 0.846828759 0.028021181 0.531126916 24.103389740
0.509100616 0.017676417 -0.860525489 -1.373996735 -0.031819019 0.999492288 0.001706348 -0.103922464 0.860118628 0.026512377 0.509404540 24.142314911
0.485779047 0.019846192 -0.873856306 -1.422619820 -0.029665483 0.999540567 0.006209495 -0.107489392 0.873578131 0.022906929 0.486144572 24.167026520
0.461873204 0.022290502 -0.886665940 -1.477740288 -0.029257635 0.999523103 0.009887096 -0.110174678 0.886463165 0.021375164 0.462305129 24.198549271
0.443588734 0.023342740 -0.895926416 -1.547503471 -0.030425053 0.999476790 0.010976699 -0.106872112 0.895713866 0.022389468 0.444066912 24.233690262
0.419635981 0.026966974 -0.907291770 -1.602438927 -0.033221971 0.999345183 0.014337371 -0.108661428 0.907084286 0.024125544 0.420257151 24.255306244
0.395384341 0.028006885 -0.918088675 -1.669092178 -0.033718478 0.999303818 0.015963199 -0.109808296 0.917896688 0.024644952 0.396053463 24.287204742
0.377398223 0.027932329 -0.925629616 -1.730070114 -0.032931358 0.999317586 0.016729182 -0.108263597 0.925465286 0.024168681 0.378060520 24.314479828
0.355983555 0.023965634 -0.934184790 -1.754631042 -0.027722107 0.999501944 0.015077405 -0.101534650 0.934080958 0.020530265 0.356470615 24.311023712
0.336524189 0.025267560 -0.941335738 -1.821920872 -0.028585240 0.999453366 0.016608443 -0.105414361 0.941240788 0.021319168 0.337062538 24.342802048
0.319602698 0.028227916 -0.947131038 -1.890994549 -0.030232904 0.999350965 0.019582380 -0.102817804 0.947069228 0.022375941 0.320248663 24.365833282
0.298009127 0.030684534 -0.954069734 -1.965121746 -0.032389276 0.999232709 0.022020079 -0.104807213 0.954013288 0.024339443 0.298774362 24.390974045
0.283118665 0.030774781 -0.958591104 -2.071201324 -0.032039948 0.999230683 0.022616524 -0.102801889 0.958549559 0.024310045 0.283886909 24.424362183
0.264848530 0.033884048 -0.963694513 -2.158689022 -0.035961188 0.999034226 0.025243538 -0.102702826 0.963619173 0.027969887 0.265811324 24.453294754
0.251826584 0.036216263 -0.967094481 -2.320821285 -0.037000857 0.998929143 0.027773593 -0.110742763 0.967064798 0.028789194 0.252896965 24.515033722
0.237150416 0.036518294 -0.970786273 -2.458694935 -0.035806149 0.998942792 0.028830487 -0.116627932 0.970812857 0.027922956 0.238207266 24.564844131
0.225329354 0.036751773 -0.973589122 -2.583459854 -0.038175438 0.998853922 0.028870080 -0.118440479 0.973534465 0.030661916 0.226474106 24.604801178
0.215040460 0.036251631 -0.975932062 -2.767733574 -0.038522858 0.998847961 0.028614586 -0.110587522 0.975845098 0.031442400 0.216189235 24.654518127
0.201548144 0.039113224 -0.978697360 -2.993895054 -0.039605979 0.998710632 0.031756781 -0.123739094 0.978677452 0.032361750 0.202837408 24.724712372
0.186579198 0.039477259 -0.981646419 -3.294281483 -0.039430339 0.998688161 0.032668166 -0.136548340 0.981648445 0.032611452 0.187891021 24.814640045
0.175878629 0.038633604 -0.983653426 -3.547232151 -0.038847942 0.998723745 0.032279428 -0.136202544 0.983645022 0.032535654 0.177154958 24.873035431
0.167410001 0.039651338 -0.985089600 -3.727465153 -0.038666919 0.998686135 0.033627417 -0.145865798 0.985128760 0.032460812 0.168723226 24.916713715
0.155619383 0.036576409 -0.987139702 -4.032043457 -0.039274264 0.998753190 0.030815260 -0.131751537 0.987036049 0.033973731 0.156861871 24.969509125
0.146807447 0.038696408 -0.988407850 -4.292215824 -0.040604342 0.998627961 0.033065595 -0.125716656 0.988331258 0.035279375 0.148177296 25.011945724
0.139449060 0.038241863 -0.989490509 -4.551123619 -0.042264443 0.998573244 0.032636560 -0.114715099 0.989326835 0.037269127 0.140866399 25.054410934
0.132851392 0.037626091 -0.990421534 -4.812548637 -0.043102298 0.998553157 0.032153431 -0.108148217 0.990198255 0.038417820 0.134280965 25.096649170
0.128668442 0.038058922 -0.990957081 -5.014096260 -0.043298244 0.998526037 0.032727659 -0.110715061 0.990741968 0.038695686 0.130126685 25.124759674
0.122784153 0.037226912 -0.991734982 -5.335075378 -0.043539628 0.998536170 0.032091677 -0.100688726 0.991477847 0.039239421 0.124225259 25.177677155
0.120311916 0.036649290 -0.992059410 -5.534133434 -0.043455530 0.998554945 0.031619184 -0.095385045 0.991784573 0.039306305 0.121730648 25.205602646
0.117175117 0.036271259 -0.992448628 -5.812020302 -0.043800663 0.998549044 0.031322815 -0.085967243 0.992144883 0.039799653 0.118593819 25.243585587
0.112469412 0.035594307 -0.993017435 -6.174251556 -0.043811832 0.998563945 0.030830979 -0.077005714 0.992688835 0.040038370 0.113867357 25.304439545
0.109789640 0.035014264 -0.993337929 -6.470981121 -0.044024274 0.998569846 0.030332858 -0.067648798 0.992979407 0.040400743 0.111174107 25.346555710
0.107703201 0.034810670 -0.993573487 -6.645558357 -0.043994587 0.998574615 0.030216891 -0.063852280 0.993209183 0.040457394 0.109081157 25.372705460
0.105669737 0.034720011 -0.993794978 -6.953284740 -0.044247784 0.998564541 0.030181803 -0.055904061 0.993416309 0.040783919 0.107054330 25.409317017
0.105082780 0.034897864 -0.993851006 -7.201025009 -0.044473823 0.998549044 0.030360488 -0.047114015 0.993468523 0.041009985 0.106482334 25.436786652
0.104866862 0.034447521 -0.993889511 -7.514203548 -0.044822160 0.998547971 0.029879728 -0.031636804 0.993475676 0.041414876 0.106258631 25.470327377
0.103983514 0.032517906 -0.994047344 -7.813307762 -0.045288585 0.998583436 0.027928831 -0.014053345 0.993547380 0.042114858 0.105308898 25.510402679
0.104406804 0.032740247 -0.993995607 -8.090057373 -0.046351150 0.998532057 0.028021064 -0.008868039 0.993453979 0.043147247 0.105771095 25.547025681
0.104177184 0.033014663 -0.994010687 -8.395396233 -0.046176653 0.998531640 0.028325286 0.002091259 0.993486285 0.042949233 0.105548710 25.587722778
0.104574673 0.032415461 -0.993988633 -8.680362701 -0.046908859 0.998517036 0.027627992 0.018791884 0.993410170 0.043737680 0.105940156 25.623651505
0.105344012 0.033118851 -0.993884087 -8.905393600 -0.046533514 0.998514593 0.028340954 0.022621006 0.993346572 0.043263372 0.106728643 25.647853851
0.106157608 0.033530101 -0.993783772 -9.175948143 -0.046498746 0.998505354 0.028722331 0.034598768 0.993261516 0.043160610 0.107558027 25.677665710
0.107791714 0.034795340 -0.993564367 -9.460830688 -0.046117887 0.998486400 0.029964387 0.043980896 0.993103266 0.042591181 0.109233245 25.704030991
0.108430259 0.036112092 -0.993447900 -9.683801651 -0.047871463 0.998370171 0.031066075 0.042662472 0.992950797 0.044189300 0.109982274 25.730205536
0.106624953 0.035794847 -0.993654788 -10.117082596 -0.048896767 0.998331428 0.030716402 0.039781302 0.993096292 0.045311373 0.108197294 25.796176910
0.105618097 0.035188679 -0.993783951 -10.436947823 -0.048441473 0.998369277 0.030202739 0.049891233 0.993226230 0.044950400 0.107150458 25.855459213
0.105895489 0.033824570 -0.993801832 -10.673005104 -0.047919873 0.998433709 0.028876068 0.075457513 0.993221998 0.044565007 0.107350498 25.887878418
0.106448933 0.036106486 -0.993662417 -11.000654221 -0.048162084 0.998354673 0.031117484 0.072316051 0.993151069 0.044544432 0.108012758 25.927364349
0.106077887 0.035484947 -0.993724465 -11.345630646 -0.047757935 0.998391569 0.030553544 0.081175894 0.993210256 0.044217173 0.107601948 25.983255386
0.108289383 0.034374122 -0.993524909 -11.728074074 -0.048877325 0.998377383 0.029214621 0.103909582 0.992917120 0.045397203 0.109793767 26.018165588
0.108120129 0.034567576 -0.993536711 -11.942393303 -0.049073022 0.998362482 0.029395184 0.109554321 0.992925942 0.045577627 0.109639414 26.053569794
0.107863314 0.035116211 -0.993545294 -12.299257278 -0.049618479 0.998320520 0.029898208 0.120192200 0.992926776 0.046073284 0.109424554 26.108236313
0.107886449 0.035639893 -0.993524134 -12.525318146 -0.050594576 0.998259008 0.030315697 0.125387371 0.992874920 0.046996281 0.109501794 26.141695023
0.108079277 0.035905663 -0.993493795 -12.826134682 -0.051311765 0.998216927 0.030494319 0.142302632 0.992817223 0.047682106 0.109728970 26.186931610
0.107275471 0.037246604 -0.993531346 -13.160947800 -0.051200535 0.998178959 0.031892516 0.147381186 0.992910087 0.047448054 0.108987175 26.243421555
0.107356392 0.038417101 -0.993478119 -13.490359306 -0.051980831 0.998103380 0.032978851 0.158045769 0.992860854 0.048101332 0.109149739 26.289085388
0.107241742 0.038572513 -0.993484437 -13.791483879 -0.052666400 0.998064578 0.033065259 0.166054726 0.992837131 0.048777275 0.109065652 26.334756851
0.107533760 0.038335886 -0.993462026 -14.173032761 -0.054007053 0.998006105 0.032665431 0.185632885 0.992733479 0.050141323 0.109389760 26.388572693
0.107453853 0.038330846 -0.993470848 -14.400003433 -0.054565929 0.997977793 0.032602876 0.192461669 0.992711604 0.050706357 0.109328099 26.422100067
0.106955625 0.038392406 -0.993522286 -14.766527176 -0.054850891 0.997960389 0.032659039 0.200679779 0.992749691 0.051002521 0.108843334 26.480079651
0.107598521 0.038625143 -0.993443787 -15.078098297 -0.055827163 0.997903109 0.032751959 0.207913578 0.992625713 0.051937092 0.109529220 26.522569656
0.107617393 0.038251989 -0.993456244 -15.314305305 -0.056568794 0.997876227 0.032294292 0.218213081 0.992581725 0.052723195 0.109552719 26.559768677
0.108638473 0.038252350 -0.993345022 -15.691220284 -0.057407591 0.997833073 0.032146722 0.227663457 0.992422283 0.053533174 0.110599041 26.614164352
0.108864166 0.038303249 -0.993318379 -15.926906586 -0.058087289 0.997794986 0.032109704 0.234578550 0.992357969 0.054203585 0.110849045 26.651109695
0.109471075 0.037891924 -0.993267477 -16.235546112 -0.058218267 0.997802079 0.031648498 0.245655775 0.992283583 0.054361712 0.111436486 26.698827744
0.110371172 0.037991475 -0.993164062 -16.540834427 -0.059159115 0.997748554 0.031592444 0.253300786 0.992128134 0.055267818 0.112370215 26.745260239
0.111490563 0.037517216 -0.993057013 -16.853939056 -0.059085872 0.997769475 0.031061681 0.262700856 0.992007315 0.055212557 0.113458626 26.795286179
0.112480059 0.037902582 -0.992930710 -17.090353012 -0.059428506 0.997740030 0.031354047 0.271059573 0.991875231 0.055481691 0.114478342 26.830642700
0.113440588 0.037148915 -0.992849946 -17.474168777 -0.059472557 0.997762740 0.030537544 0.278128922 0.991763115 0.055583131 0.115396120 26.893865585
0.114025958 0.036856964 -0.992793798 -17.707742691 -0.059743252 0.997757435 0.030179506 0.283547461 0.991679788 0.055871483 0.115972221 26.930976868
0.114799514 0.037017208 -0.992698729 -18.022367477 -0.059248950 0.997781575 0.030354973 0.291910708 0.991620123 0.055331621 0.116738111 26.983409882
