1.000000000 0.000000000 0.000000000 0.000000000 0.000000000 1.000000000 0.000000000 0.000000000 0.000000000 0.000000000 1.000000000 0.000000000
0.999999344 0.001077908 0.000398335 -0.003106499 -0.001078004 0.999999404 0.000238984 -0.003648757 -0.000398077 -0.000239413 0.999999881 -0.020753058
0.999999404 0.000994715 0.000416295 -0.003486469 -0.000994834 0.999999464 0.000285604 -0.003683344 -0.000416011 -0.000286018 0.999999881 -0.019456433
0.999999642 0.000787594 0.000378656 -0.003557454 -0.000787659 0.999999702 0.000170774 -0.002250219 -0.000378521 -0.000171072 0.999999940 -0.015707439
0.999999642 0.000718029 0.000403822 -0.003971950 -0.000718071 0.999999762 0.000105312 -0.000636614 -0.000403746 -0.000105602 0.999999940 -0.011692879
0.999999642 0.000703870 0.000414082 -0.003748505 -0.000703314 0.999998868 -0.001339920 0.000415156 -0.000415024 0.001339628 0.999999046 -0.009103902
0.999999762 0.000588264 0.000392909 -0.003195314 -0.000587412 0.999997497 -0.002164800 0.000772598 -0.000394181 0.002164569 0.999997556 -0.007524873
0.999999881 0.000391430 0.000214121 -0.001297531 -0.000390761 0.999995053 -0.003113559 0.000519716 -0.000215339 0.003113475 0.999995112 -0.002246361
0.999999642 0.000782398 0.000383953 -0.002330667 -0.000779428 0.999970257 -0.007676489 0.000003335 -0.000389948 0.007676187 0.999970436 -0.001058161
0.999999642 0.000826019 0.000226616 0.000465940 -0.000824165 0.999967158 -0.008061646 -0.000685918 -0.000233268 0.008061456 0.999967456 0.007062495
0.999999702 0.000752460 0.000283296 -0.001747378 -0.000750025 0.999963582 -0.008501003 0.000492803 -0.000289682 0.008500787 0.999963820 0.040303461
0.999999523 0.000927228 0.000201496 -0.001020104 -0.000926374 0.999990761 -0.004201252 -0.001620652 -0.000205389 0.004201063 0.999991179 0.062781945
0.999999821 0.000565592 0.000085463 0.001060142 -0.000565225 0.999990880 -0.004236544 -0.002820213 -0.000087858 0.004236495 0.999991000 0.084729791
0.999999940 0.000319971 -0.000013922 0.002865467 -0.000320034 0.999988198 -0.004842702 -0.004618775 0.000012373 0.004842706 0.999988258 0.109787576
1.000000000 -0.000066456 -0.000175379 0.004340838 0.000065555 0.999986827 -0.005129772 -0.005679836 0.000175718 0.005129761 0.999986827 0.138211370
1.000000000 -0.000092257 -0.000223662 0.003725539 0.000091200 0.999988854 -0.004721519 -0.002217760 0.000224096 0.004721498 0.999988854 0.174460098
0.999999881 -0.000186687 -0.000503750 0.007112218 0.000183763 0.999983191 -0.005799323 -0.003626837 0.000504824 0.005799230 0.999983072 0.205708608
0.999999702 -0.000189720 -0.000721628 0.009361884 0.000186679 0.999991119 -0.004211862 -0.004761101 0.000722421 0.004211726 0.999990880 0.231269583
0.999999523 -0.000369656 -0.000932595 0.010593938 0.000365382 0.999989450 -0.004579205 0.000169690 0.000934278 0.004578862 0.999989092 0.268019050
0.999999166 -0.000273771 -0.001243238 0.013273458 0.000267304 0.999986470 -0.005199488 -0.000619509 0.001244644 0.005199152 0.999985695 0.305580556
0.999998033 -0.000587555 -0.001902028 0.019381722 0.000578175 0.999987662 -0.004928517 0.001611221 0.001904901 0.004927407 0.999986053 0.349840850
0.999996960 -0.000857090 -0.002306497 0.022511050 0.000845509 0.999987066 -0.005017203 0.009012884 0.002310767 0.005015238 0.999984741 0.396631688
0.999997437 -0.000794156 -0.002117944 0.018569695 0.000780250 0.999978185 -0.006558346 0.012150823 0.002123107 0.006556676 0.999976277 0.443491250
0.999996364 -0.000718293 -0.002607529 0.021714900 0.000702052 0.999980390 -0.006224109 0.013146278 0.002611949 0.006222255 0.999977171 0.525051296
0.999994814 -0.000970520 -0.003047070 0.025878141 0.000953820 0.999984562 -0.005477197 0.011852313 0.003052338 0.005474261 0.999980330 0.576354623
0.999994516 -0.001184617 -0.003109097 0.025922067 0.001162745 0.999974668 -0.007027169 0.010912498 0.003117343 0.007023514 0.999970436 0.643742025
0.999992490 -0.001404641 -0.003614596 0.030391397 0.001380690 0.999977171 -0.006620240 0.011676809 0.003623813 0.006615201 0.999971509 0.730138600
0.999990463 -0.001628546 -0.004042532 0.033379208 0.001605694 0.999982715 -0.005649820 0.008550556 0.004051663 0.005643276 0.999975801 0.799694419
0.999989867 -0.001416764 -0.004278500 0.034972787 0.001387424 0.999975622 -0.006852862 0.009318059 0.004288105 0.006846856 0.999967337 0.874915779
0.999991894 -0.000770485 -0.003940906 0.028710986 0.000743178 0.999975741 -0.006925918 0.013314484 0.003946148 0.006922932 0.999968231 0.964867651
0.999987483 -0.000792482 -0.004935209 0.039018881 0.000763455 0.999982357 -0.005880645 0.010815592 0.004939782 0.005876803 0.999970555 1.027614355
0.999984622 -0.000922791 -0.005453432 0.043553650 0.000892774 0.999984384 -0.005504146 0.010537045 0.005458427 0.005499193 0.999970019 1.083273292
0.999982893 -0.001379451 -0.005670057 0.044811096 0.001344169 0.999979734 -0.006221710 0.012538633 0.005678525 0.006213983 0.999964595 1.189748645
0.999980092 -0.001531964 -0.006110107 0.048818063 0.001485486 0.999969959 -0.007603931 0.012358176 0.006121572 0.007594704 0.999952495 1.269997716
0.999977231 -0.001739564 -0.006503948 0.052659169 0.001697556 0.999977708 -0.006458888 0.010624900 0.006515039 0.006447702 0.999957979 1.371757865
0.999973893 -0.001647193 -0.007034376 0.056882188 0.001594864 0.999971032 -0.007438132 0.014009717 0.007046426 0.007426719 0.999947608 1.437721014
0.999972343 -0.001258640 -0.007324676 0.058884721 0.001209888 0.999977112 -0.006656443 0.012086361 0.007332886 0.006647398 0.999951065 1.546773314
0.999968827 -0.001522610 -0.007762178 0.061909530 0.001471739 0.999977350 -0.006555216 0.010289104 0.007771985 0.006543587 0.999948382 1.666985393
0.999965608 -0.002031784 -0.008051182 0.066353351 0.001956791 0.999954700 -0.009311475 0.009398345 0.008069736 0.009295400 0.999924242 1.758791566
0.999960184 -0.002352445 -0.008612395 0.071205929 0.002269874 0.999951422 -0.009584686 0.008337988 0.008634524 0.009564755 0.999916971 1.852647185
0.999955773 -0.002966001 -0.008925457 0.074090511 0.002880976 0.999950469 -0.009523923 0.009009894 0.008953264 0.009497789 0.999914825 1.954015851
0.999954462 -0.002958170 -0.009073259 0.076188773 0.002861807 0.999939561 -0.010615241 0.009023251 0.009104112 0.010588793 0.999902487 2.055861950
0.999953210 -0.002565778 -0.009326067 0.080881715 0.002467935 0.999941945 -0.010487771 0.007424375 0.009352437 0.010464264 0.999901533 2.189380646
0.999954343 -0.002097876 -0.009327469 0.081689447 0.002003152 0.999946475 -0.010153082 0.006740572 0.009348271 0.010133935 0.999904990 2.268499136
0.999949992 -0.001893171 -0.009823270 0.084643878 0.001797833 0.999951303 -0.009705096 0.005206419 0.009841166 0.009686952 0.999904692 2.379762173
0.999940574 -0.001975683 -0.010719257 0.090528935 0.001870873 0.999950409 -0.009779012 0.004045261 0.010738048 0.009758377 0.999894798 2.523825169
0.999933660 -0.002293028 -0.011281583 0.095591262 0.002184101 0.999951065 -0.009658177 0.004704932 0.011303179 0.009632899 0.999889731 2.609147549
0.999931216 -0.002690027 -0.011417747 0.099156968 0.002573671 0.999944746 -0.010193238 0.003881497 0.011444534 0.010163154 0.999882877 2.725105286
0.999923110 -0.002833178 -0.012068629 0.103505626 0.002699649 0.999935091 -0.011065993 0.004222073 0.012099197 0.011032561 0.999865949 2.846285582
0.999915481 -0.003105434 -0.012625536 0.107781038 0.002968017 0.999936342 -0.010888269 0.002492614 0.012658544 0.010849878 0.999861002 2.967836857
0.999911368 -0.002817197 -0.013012323 0.111942083 0.002676206 0.999937654 -0.010839893 0.001253907 0.013042049 0.010804109 0.999856591 3.061107397
0.999900997 -0.002608648 -0.013830926 0.117780432 0.002446275 0.999928057 -0.011743803 0.001361419 0.013860569 0.011708805 0.999835312 3.223722458
0.999895513 -0.003001602 -0.014135892 0.120136902 0.002839339 0.999930024 -0.011484933 -0.000577066 0.014169376 0.011443596 0.999834120 3.320199966
0.999882996 -0.003165656 -0.014963177 0.126564026 0.002997839 0.999932528 -0.011224479 -0.001834836 0.014997698 0.011178307 0.999825120 3.451008797
0.999878466 -0.003409834 -0.015210340 0.129241571 0.003240089 0.999932289 -0.011170550 -0.002634984 0.015247400 0.011119908 0.999821961 3.588922739
0.999869466 -0.003147021 -0.015842857 0.134833217 0.002970514 0.999933481 -0.011152344 -0.003401134 0.015876900 0.011103828 0.999812305 3.725140095
0.999855995 -0.002861143 -0.016723240 0.139950886 0.002660051 0.999924064 -0.012034632 -0.004382905 0.016756400 0.011988415 0.999787748 3.901854277
0.999850690 -0.002953252 -0.017021336 0.141045928 0.002747313 0.999922931 -0.012109580 -0.006287165 0.017055785 0.012061011 0.999781787 4.007063389
0.999833763 -0.003213380 -0.017946143 0.148061782 0.002999490 0.999924302 -0.011932692 -0.007492661 0.017983126 0.011876878 0.999767780 4.154517651
0.999823272 -0.003654635 -0.018438609 0.153354913 0.003435625 0.999923348 -0.011895520 -0.009705886 0.018480668 0.011830070 0.999759257 4.266214371
0.999812007 -0.004292283 -0.018909046 0.157432199 0.004063307 0.999918103 -0.012131180 -0.013495281 0.018959565 0.012052065 0.999747634 4.418072224
0.999796152 -0.004292577 -0.019729905 0.163799882 0.004054688 0.999918818 -0.012081465 -0.011311576 0.019780165 0.011999002 0.999732316 4.567242146
0.999785125 -0.004165124 -0.020308094 0.167823225 0.003922660 0.999920785 -0.011964536 -0.013129968 0.020356318 0.011882304 0.999722123 4.685200214
0.999767900 -0.004078089 -0.021154243 0.174087793 0.003807953 0.999911010 -0.012794415 -0.012866754 0.021204541 0.012710892 0.999694288 4.846033573
0.999758005 -0.004112699 -0.021611534 0.178682297 0.003844671 0.999915361 -0.012429017 -0.016486540 0.021660822 0.012342917 0.999689281 5.010322571
0.999755800 -0.003454596 -0.021825898 0.182302922 0.003148956 0.999896765 -0.014022416 -0.017610777 0.021872086 0.013950262 0.999663472 5.222273827
0.999743700 -0.003225020 -0.022406857 0.188873053 0.002898747 0.999889493 -0.014578553 -0.016675670 0.022451397 0.014509862 0.999642611 5.342911243
0.999729037 -0.003134261 -0.023066465 0.194942355 0.002793251 0.999886572 -0.014801245 -0.018398639 0.023110241 0.014732802 0.999624252 5.470125675
0.999721229 -0.003169166 -0.023398835 0.200790927 0.002808974 0.999877334 -0.015410424 -0.018817939 0.023444803 0.015340401 0.999607325 5.695175171
0.999723196 -0.003011663 -0.023334226 0.204289570 0.002634567 0.999865711 -0.016174542 -0.021427959 0.023379806 0.016108587 0.999596834 5.832603455
0.999712050 -0.003497284 -0.023739479 0.212907225 0.003098683 0.999853969 -0.016806688 -0.022314258 0.023794793 0.016728286 0.999576867 6.021810055
0.999700427 -0.003537455 -0.024221143 0.222998679 0.003117331 0.999844432 -0.017361213 -0.021241076 0.024278790 0.017280502 0.999555826 6.212281704
0.999691725 -0.003329638 -0.024604069 0.230407059 0.002883242 0.999831021 -0.018156441 -0.022356458 0.024660366 0.018079905 0.999532402 6.390350819
0.999689221 -0.003416157 -0.024694653 0.234569296 0.002943618 0.999812365 -0.019146394 -0.024688005 0.024755424 0.019067753 0.999511659 6.532446861
0.999680698 -0.002899292 -0.025101840 0.241779000 0.002388023 0.999789655 -0.020373866 -0.025148898 0.025155630 0.020307422 0.999477267 6.734799385
0.999683976 -0.002609054 -0.025004279 0.248081356 0.002093961 0.999785542 -0.020604305 -0.024646744 0.025052672 0.020545436 0.999475002 6.939275742
0.999682665 -0.002290427 -0.025087696 0.253061354 0.001780342 0.999791682 -0.020335544 -0.026614763 0.025129044 0.020284427 0.999478400 7.093839169
0.999665737 -0.002243173 -0.025758995 0.266791165 0.001702441 0.999778211 -0.020994755 -0.023266599 0.025800375 0.020943882 0.999447703 7.353183746
0.999653995 -0.002696252 -0.026164539 0.278688073 0.002145703 0.999776185 -0.021047110 -0.024031743 0.026215432 0.020983687 0.999436080 7.535274029
0.999664247 -0.002346026 -0.025804209 0.281627506 0.001797298 0.999772191 -0.021267721 -0.027266294 0.025848230 0.021214200 0.999440789 7.685031891
0.999672115 -0.001311152 -0.025568832 0.290890098 0.000765224 0.999771774 -0.021349380 -0.031086192 0.025590988 0.021322818 0.999445081 7.947402954
0.999671400 -0.001113125 -0.025611214 0.298611492 0.000572419 0.999777019 -0.021109695 -0.031384796 0.025629003 0.021088094 0.999449134 8.109964371
0.999683499 -0.001287774 -0.025121229 0.302941740 0.000764523 0.999782801 -0.020827509 -0.032095850 0.025142591 0.020801717 0.999467492 8.273640633
0.999672234 -0.001453377 -0.025557272 0.321880221 0.000941428 0.999798894 -0.020032043 -0.034772411 0.025581246 0.020001417 0.999472678 8.520477295
0.999678314 -0.002291863 -0.025260109 0.330669850 0.001775210 0.999789178 -0.020456791 -0.030937806 0.025301673 0.020405367 0.999471605 8.669331551
0.999717891 -0.002147140 -0.023658089 0.331919402 0.001681963 0.999805272 -0.019664861 -0.041008174 0.023695707 0.019619521 0.999526739 8.857183456
0.999751151 -0.001321293 -0.022272248 0.335672528 0.000905994 0.999825835 -0.018646238 -0.040287390 0.022293005 0.018621417 0.999578118 9.082624435
0.999766231 -0.001058958 -0.021594943 0.344930887 0.000677882 0.999844134 -0.017646251 -0.042858206 0.021610266 0.017627489 0.999611080 9.304578781
0.999782443 -0.001256806 -0.020817762 0.350143850 0.000904427 0.999856293 -0.016927652 -0.046161756 0.020836044 0.016905136 0.999640048 9.472475052
0.999807596 -0.000992418 -0.019591000 0.356816232 0.000644676 0.999842286 -0.017748442 -0.051160224 0.019605519 0.017732393 0.999650538 9.659213066
0.999829412 -0.000924317 -0.018451590 0.360436320 0.000603199 0.999848366 -0.017401265 -0.062081799 0.018464880 0.017387165 0.999678314 9.775668144
0.999849260 -0.000801712 -0.017343441 0.372958958 0.000512129 0.999860466 -0.016694944 -0.077825665 0.017354405 0.016683545 0.999710202 9.951967239
0.999844790 -0.000864737 -0.017596265 0.394401580 0.000614304 0.999898553 -0.014232604 -0.098140433 0.017606786 0.014219586 0.999743879 10.059405327
0.999842644 -0.000343509 -0.017737677 0.414356470 0.000127710 0.999925911 -0.012165880 -0.135632023 0.017740542 0.012161699 0.999768674 10.185988426
0.999837816 -0.000606550 -0.017997339 0.435283631 0.000407981 0.999939024 -0.011034874 -0.155949697 0.018002933 0.011025741 0.999777198 10.311234474
0.999816120 -0.001091446 -0.019146921 0.468942285 0.000879801 0.999938488 -0.011058707 -0.148437783 0.019157810 0.011039827 0.999755502 10.463488579
0.999823093 0.000644591 -0.018801430 0.472237557 -0.000884808 0.999918044 -0.012771034 -0.142929688 0.018791655 0.012785411 0.999741673 10.602724075
0.999840140 0.000284068 -0.017879926 0.468789548 -0.000482367 0.999938428 -0.011087258 -0.161713660 0.017875675 0.011094112 0.999778688 10.699974060
0.999879003 0.001385541 -0.015492437 0.451374084 -0.001580008 0.999920070 -0.012547214 -0.149753183 0.015473813 0.012570176 0.999801219 10.833488464
0.999919415 0.002388518 -0.012466028 0.427354634 -0.002558850 0.999903262 -0.013665752 -0.133256093 0.012432180 0.013696548 0.999829054 10.956073761
0.999920487 0.002561606 -0.012340764 0.435287476 -0.002735300 0.999897063 -0.014078670 -0.141230449 0.012303429 0.014111306 0.999824822 11.077083588
0.999914289 0.002746036 -0.012801468 0.451579452 -0.002934227 0.999887466 -0.014705204 -0.150460005 0.012759647 0.014741506 0.999809980 11.201602936
0.999910355 0.002576255 -0.013134355 0.468789399 -0.002789955 0.999863625 -0.016278084 -0.165049523 0.013090625 0.016313270 0.999781311 11.408726692
0.999910712 0.001856381 -0.013229333 0.478837192 -0.002058081 0.999881625 -0.015249163 -0.179869488 0.013199458 0.015275030 0.999796212 11.571474075
0.999881923 0.002174638 -0.015208437 0.519737601 -0.002438336 0.999846578 -0.017341917 -0.153497830 0.015168390 0.017376952 0.999733984 11.725871086
0.999889314 0.004834543 -0.014066739 0.510945261 -0.005063621 0.999854386 -0.016295331 -0.182561159 0.013985910 0.016364757 0.999768317 11.914191246
0.999884427 0.006297479 -0.013833991 0.526126027 -0.006543102 0.999820471 -0.017782055 -0.196276754 0.013719525 0.017870516 0.999746203 12.155756950
0.999905288 0.007992074 -0.011197312 0.494691610 -0.008193898 0.999802709 -0.018095836 -0.188427165 0.011050479 0.018185873 0.999773622 12.324688911
0.999919057 0.008683708 -0.009301752 0.476644099 -0.008850516 0.999797940 -0.018044513 -0.186638430 0.009143179 0.018125381 0.999794006 12.505189896
0.999920666 0.009420894 -0.008352680 0.471138209 -0.009545744 0.999841332 -0.015035590 -0.216320962 0.008209705 0.015114131 0.999852061 12.703472137
0.999946833 0.008872529 -0.005252880 0.443427801 -0.008956777 0.999828041 -0.016237931 -0.200824022 0.005107905 0.016284114 0.999854386 12.878337860
0.999982238 0.003609595 -0.004745582 0.452865630 -0.003676780 0.999891996 -0.014225515 -0.207853109 0.004693720 0.014242709 0.999887586 13.096727371
0.999985754 -0.000998285 -0.005248321 0.467299581 0.000944243 0.999946654 -0.010289202 -0.208539128 0.005258313 0.010284099 0.999933302 13.239029884
0.999987662 0.002676836 -0.004188155 0.468281597 -0.002715284 0.999954104 -0.009201529 -0.215226054 0.004163330 0.009212786 0.999948919 13.431262970
0.999963164 0.007392656 -0.004365954 0.472296029 -0.007442534 0.999905944 -0.011520916 -0.218581200 0.004280373 0.011552984 0.999924064 13.623298645
0.999843538 0.016888980 -0.005262387 0.474014103 -0.016949756 0.999787569 -0.011727048 -0.234232172 0.005063211 0.011814411 0.999917388 13.852494240
0.999823451 0.017995123 -0.005400026 0.479941785 -0.018023001 0.999824286 -0.005158794 -0.269777805 0.005306243 0.005255207 0.999972105 14.123386383
0.999846995 0.016637132 -0.005406453 0.480831742 -0.016640676 0.999861360 -0.000611636 -0.284412354 0.005395528 0.000701509 0.999985218 14.242697716
0.999938369 0.007354869 -0.008307016 0.509315073 -0.007355724 0.999972880 -0.000072315 -0.296949923 0.008306259 0.000133414 0.999965489 14.425328255
0.999943256 0.005667176 -0.009020640 0.527103961 -0.005624453 0.999972880 0.004754429 -0.313518047 0.009047339 -0.004703423 0.999948025 14.585438728
0.999954760 0.005813354 -0.007525665 0.525305331 -0.005748290 0.999946117 0.008638655 -0.324950606 0.007575477 -0.008595004 0.999934316 14.712479591
0.999878943 0.013774048 -0.007235292 0.518239558 -0.013667170 0.999799728 0.014619131 -0.342097312 0.007435207 -0.014518475 0.999866962 14.906397820
0.999764562 0.019428127 -0.009669039 0.524784803 -0.019251991 0.999652863 0.017987933 -0.350665003 0.010015154 -0.017797548 0.999791443 15.074776649
0.999708712 0.021533048 -0.010902608 0.530957043 -0.021304488 0.999559462 0.020662686 -0.367305547 0.011342735 -0.020424392 0.999727130 15.188965797
0.999698699 0.021673948 -0.011521228 0.534797430 -0.021431139 0.999554038 0.020796407 -0.349076957 0.011966831 -0.020543229 0.999717355 15.371862411
0.999734282 0.019503716 -0.012286633 0.538784623 -0.019221218 0.999557376 0.022705330 -0.346027344 0.012724032 -0.022463134 0.999666810 15.536178589
0.999773085 0.016078947 -0.013972352 0.547032773 -0.015721492 0.999555588 0.025327206 -0.341974527 0.014373375 -0.025101790 0.999581516 15.722728729
0.999763131 0.015717775 -0.015053232 0.551108062 -0.015227837 0.999367774 0.032126512 -0.345722497 0.015548671 -0.031889677 0.999370456 15.885124207
0.999724984 0.016469672 -0.016689997 0.559315562 -0.015931709 0.999365091 0.031868476 -0.329749584 0.017204266 -0.031593818 0.999352634 16.028253555
0.999640703 0.018661235 -0.019241579 0.565158486 -0.017937370 0.999149382 0.037129734 -0.319051504 0.019918099 -0.036771238 0.999125183 16.225343704
0.999594808 0.019923428 -0.020331774 0.561878085 -0.019142091 0.999097228 0.037926253 -0.313597620 0.021069039 -0.037521690 0.999073684 16.347425461
0.999543548 0.020361815 -0.022316255 0.565450668 -0.019473994 0.999037504 0.039303813 -0.309668362 0.023095069 -0.038851287 0.998978019 16.499795914
0.999491811 0.020870348 -0.024093494 0.568823993 -0.019887306 0.998987913 0.040343761 -0.304773867 0.024911098 -0.039844103 0.998895347 16.646448135
0.999440789 0.021023629 -0.026002623 0.570680916 -0.019997191 0.999034405 0.039123558 -0.300927520 0.026800033 -0.038581703 0.998895943 16.797288895
0.999380112 0.021485846 -0.027888589 0.573305249 -0.020370089 0.999004245 0.039693382 -0.300939202 0.028713666 -0.039100684 0.998822629 16.910957336
0.999276519 0.022299755 -0.030808333 0.575377405 -0.021118928 0.999049485 0.038136091 -0.294398665 0.031629473 -0.037457861 0.998797476 17.099491119
0.999186039 0.023199081 -0.033000581 0.576460183 -0.021907952 0.999000490 0.038962014 -0.290212333 0.033871479 -0.038207322 0.998695612 17.210746765
0.999060392 0.024356771 -0.035848007 0.574703515 -0.023065200 0.999085248 0.036011972 -0.282718956 0.036692336 -0.035151292 0.998708189 17.359697342
0.998875678 0.025250589 -0.040121153 0.573637068 -0.023855163 0.999106586 0.034886513 -0.278774977 0.040966213 -0.033890195 0.998585582 17.550487518
0.998747468 0.025574500 -0.043005019 0.572666347 -0.024118783 0.999129534 0.034034763 -0.273497343 0.043838006 -0.032954909 0.998494983 17.661718369
0.998502076 0.026784549 -0.047709443 0.569164217 -0.025209183 0.999126673 0.033321202 -0.265341461 0.048560277 -0.032068569 0.998305321 17.852813721
0.998308599 0.028240791 -0.050816216 0.565083683 -0.026541648 0.999075890 0.033806823 -0.262173951 0.051723983 -0.032400899 0.998135686 17.967466354
0.998013914 0.029442055 -0.055689115 0.560819149 -0.027547134 0.999025226 0.034493808 -0.257057548 0.056650404 -0.032891233 0.997852147 18.126194000
0.997572124 0.031646334 -0.062034782 0.551789522 -0.029533019 0.998961568 0.034692582 -0.250819385 0.063068241 -0.032776278 0.997470856 18.313737869
0.997244418 0.032973267 -0.066455871 0.548076153 -0.030762762 0.998947680 0.034016214 -0.247610450 0.067507572 -0.031878110 0.997209311 18.429140091
0.996845484 0.034281660 -0.071580790 0.539944053 -0.031870913 0.998894513 0.034553681 -0.243112981 0.072686225 -0.032163341 0.996836185 18.583198547
0.996505916 0.035509244 -0.075597666 0.533208609 -0.033030655 0.998883069 0.033788480 -0.240255892 0.076713033 -0.031173375 0.996565759 18.695709229
0.995958805 0.037531517 -0.081593342 0.518754959 -0.034834113 0.998806536 0.034235369 -0.233545721 0.082780875 -0.031254780 0.996077538 18.889738083
0.995544016 0.038913276 -0.085894853 0.513058066 -0.036189105 0.998798311 0.033048324 -0.230826259 0.087077662 -0.029792607 0.995755851 19.004297256
0.994885921 0.041070022 -0.092278406 0.498779178 -0.038153756 0.998721898 0.033148590 -0.225125730 0.093521886 -0.029458299 0.995181262 19.197820663
0.994295657 0.042339411 -0.097896315 0.485380054 -0.039334390 0.998699784 0.032425687 -0.220314503 0.099141918 -0.028390028 0.994668186 19.354578018
0.993784010 0.042602099 -0.102850869 0.478612900 -0.039472654 0.998699307 0.032273866 -0.217641950 0.104092024 -0.028013460 0.994172990 19.471715927
0.992940426 0.042174760 -0.110863373 0.464870214 -0.038914084 0.998748600 0.031413686 -0.214936376 0.112049513 -0.026877768 0.993339002 19.663906097
0.992162704 0.042977661 -0.117328733 0.450535297 -0.039783210 0.998774707 0.029435143 -0.209480166 0.118450053 -0.024536738 0.992656827 19.820510864
0.990718603 0.045209490 -0.128190294 0.424021959 -0.041729130 0.998687267 0.029708322 -0.202951074 0.129365101 -0.024083320 0.991304576 20.053188324
0.989554465 0.046459589 -0.136467725 0.401916027 -0.043041699 0.998683870 0.027891811 -0.198631644 0.137583956 -0.021726664 0.990251780 20.209819794
0.988489091 0.048252050 -0.143391132 0.386914253 -0.044808671 0.998626590 0.027148908 -0.199041188 0.144504189 -0.020411229 0.989293575 20.324228287
0.987360477 0.050860703 -0.150108099 0.369436026 -0.047507297 0.998536408 0.025844323 -0.197970510 0.151202872 -0.018386435 0.988331735 20.432954788
0.984885216 0.052010022 -0.165215060 0.336056471 -0.049953293 0.998613834 0.016582461 -0.192465842 0.165848523 -0.008078781 0.986118257 20.642831802
0.983541608 0.051409520 -0.173213750 0.311148643 -0.050373472 0.998676538 0.010374964 -0.194688469 0.173517928 -0.001478830 0.984829545 20.760181427
0.981238306 0.050815508 -0.185982183 0.279819965 -0.051044844 0.998689950 0.003558402 -0.196522474 0.185919389 0.006001789 0.982546687 20.935146332
0.979572594 0.050139397 -0.194739878 0.260446072 -0.051118672 0.998692572 -0.000003093 -0.199392259 0.194485098 0.009957873 0.980854869 21.055828094
0.977434397 0.049209781 -0.205427065 0.229998589 -0.051323220 0.998669744 -0.004969014 -0.195229158 0.204909265 0.015400064 0.978659749 21.192676544
0.974292576 0.049272284 -0.219832122 0.186975956 -0.052850369 0.998548090 -0.010421477 -0.193778574 0.218999445 0.021771777 0.975482047 21.373477936
0.971946716 0.050138507 -0.229795501 0.165848255 -0.054056812 0.998479605 -0.010783711 -0.196093678 0.228905454 0.022903202 0.973179162 21.482393265
0.969211459 0.052067261 -0.240661874 0.125852585 -0.056866575 0.998296618 -0.013035549 -0.190937459 0.239573225 0.026319819 0.970521569 21.625072479
0.964975536 0.053900354 -0.256742954 0.078735352 -0.058218624 0.998261034 -0.009242415 -0.188882411 0.255798340 0.023865925 0.966435552 21.801935196
0.961053014 0.054198738 -0.270997286 0.036388397 -0.057854850 0.998309731 -0.005514605 -0.195440665 0.270240396 0.020978339 0.962564230 21.950658798
0.957905829 0.053087104 -0.282131582 0.004287720 -0.056652665 0.998383820 -0.004489437 -0.197336495 0.281437278 0.020283962 0.959365189 22.052442551
0.952098727 0.051070079 -0.301496059 -0.026926517 -0.055168558 0.998464227 -0.005088865 -0.199067980 0.300773025 0.021478204 0.953453839 22.171810150
0.948023677 0.049616363 -0.314307600 -0.053425312 -0.054255210 0.998508930 -0.006022274 -0.198223367 0.313540101 0.022762084 0.949302077 22.261014938
0.941444397 0.051037721 -0.333283007 -0.079468250 -0.056054726 0.998412848 -0.005447909 -0.201965287 0.332475990 0.023810992 0.942811072 22.374006271
0.935663521 0.049871918 -0.349351585 -0.112457275 -0.055665109 0.998427987 -0.006555835 -0.206094965 0.348475426 0.025580751 0.936968744 22.462692261
0.929496408 0.048934314 -0.365570545 -0.152075291 -0.054628663 0.998492956 -0.005242705 -0.205812797 0.364763081 0.024843710 0.930768847 22.571825027
0.920706809 0.045823343 -0.387555271 -0.183742523 -0.051884871 0.998639584 -0.005185728 -0.203593463 0.386790365 0.024882788 0.921831906 22.654512405
0.912862599 0.041198671 -0.406182885 -0.209002495 -0.047197424 0.998874247 -0.004757635 -0.204222560 0.405529588 0.023513852 0.913779378 22.713695526
0.902892590 0.039749574 -0.428024501 -0.240413666 -0.046610128 0.998897731 -0.005556197 -0.195507944 0.427331746 0.024966931 0.903750002 22.777488708
0.893687308 0.035444569 -0.447287947 -0.273321152 -0.042965766 0.999054253 -0.006677852 -0.187438875 0.446628243 0.025185980 0.894365072 22.871349335
0.887290895 0.034260053 -0.459936023 -0.312813759 -0.042554591 0.999064684 -0.007675617 -0.182558030 0.459242851 0.026382899 0.887918890 22.944786072
0.876985073 0.034120571 -0.479304731 -0.348366737 -0.043899335 0.998993516 -0.009206729 -0.179024056 0.478508174 0.029115323 0.877600253 23.000232697
0.865138650 0.034025315 -0.500377238 -0.390022278 -0.043715309 0.999014735 -0.007650249 -0.175659627 0.499623954 0.028492676 0.865773678 23.075763702
0.852370799 0.031172846 -0.522007883 -0.428748131 -0.041543681 0.999103248 -0.008171765 -0.176219463 0.521285057 0.028651506 0.852901518 23.141338348
0.838634968 0.028968800 -0.543923080 -0.469762802 -0.039517883 0.999189079 -0.007713888 -0.172329187 0.543258429 0.027963825 0.839099586 23.209962845
0.823027551 0.022572370 -0.567552805 -0.508082390 -0.033664092 0.999392033 -0.009070223 -0.168720335 0.567003012 0.026571190 0.823287070 23.284587860
0.805750132 0.019303214 -0.591940939 -0.546506882 -0.031884737 0.999433100 -0.010809965 -0.162074313 0.591396689 0.027584016 0.805908859 23.335464478
0.788290858 0.017258016 -0.615060627 -0.621338844 -0.031387497 0.999433041 -0.012184567 -0.150497481 0.614501715 0.028910203 0.788385570 23.453659058
0.769779086 0.016215984 -0.638104379 -0.692094803 -0.030446442 0.999472201 -0.011329829 -0.145170555 0.637583852 0.028149471 0.769866526 23.545989990
0.751962483 0.016544875 -0.658998132 -0.762036324 -0.032416195 0.999403656 -0.011897988 -0.146743119 0.658408403 0.030309057 0.752050459 23.615619659
0.733618736 0.018707218 -0.679303706 -0.835560799 -0.035121184 0.999328852 -0.010409045 -0.150815085 0.678653002 0.031494223 0.733783424 23.680721283
0.714535952 0.018450599 -0.699355364 -0.910556793 -0.036853392 0.999256909 -0.011290669 -0.151009917 0.698627353 0.033841215 0.714684963 23.749927521
0.695071101 0.018837605 -0.718694091 -0.985716820 -0.037428822 0.999249160 -0.010007358 -0.153042361 0.717966080 0.033855699 0.695254385 23.815864563
0.680112660 0.016242249 -0.732927680 -1.065821648 -0.034067310 0.999374807 -0.009465486 -0.158465222 0.732315660 0.031406477 0.680240691 23.883831024
0.659125745 0.017098878 -0.751838267 -1.117491722 -0.034131266 0.999391437 -0.007193464 -0.157849371 0.751257837 0.030402590 0.659308195 23.929393768
0.633206844 0.018735889 -0.773755789 -1.164940834 -0.036321159 0.999324918 -0.005525731 -0.155768454 0.773129940 0.031602640 0.633459866 23.967018127
0.617450535 0.017658830 -0.786411464 -1.272146225 -0.037253246 0.999282777 -0.006810531 -0.149056882 0.785727084 0.033501551 0.617665470 24.052932739
0.594208062 0.016495913 -0.804142177 -1.340498924 -0.036508728 0.999312341 -0.006477969 -0.151088893 0.803482354 0.033207469 0.594401658 24.108510971
0.566789865 0.016590655 -0.823695302 -1.386815071 -0.037792202 0.999268353 -0.005878049 -0.153159350 0.822995126 0.034460880 0.567002177 24.140861511
0.544718564 0.015154694 -0.838481903 -1.442872047 -0.037948355 0.999257982 -0.006592538 -0.148952246 0.837759852 0.035410091 0.544889390 24.175384521
0.522245646 0.016010718 -0.852644801 -1.503555298 -0.036941845 0.999309957 -0.003862156 -0.145725369 0.851994574 0.033515267 0.522476733 24.207485199
0.497847050 0.015888264 -0.867119253 -1.557890892 -0.034162842 0.999415457 -0.001301894 -0.148208633 0.866591632 0.030271409 0.498098850 24.238861084
0.468666613 0.016847491 -0.883214474 -1.622277260 -0.031061446 0.999514163 0.002583565 -0.150364801 0.882828832 0.026223084 0.468962222 24.273582458
0.441465199 0.017781725 -0.897102177 -1.678834915 -0.030421957 0.999525368 0.004841198 -0.149680793 0.896762490 0.025154380 0.441796660 24.301450729
0.419806927 0.018121108 -0.907432556 -1.767409325 -0.031072520 0.999501526 0.005584569 -0.149812520 0.907081425 0.025851775 0.420160651 24.340524673
0.389454216 0.020940853 -0.920807660 -1.826409340 -0.033248387 0.999409556 0.008666052 -0.151141241 0.920445502 0.027240343 0.389920473 24.364599228
0.363450885 0.021646222 -0.931361854 -1.896708488 -0.033023197 0.999401093 0.010340716 -0.155089453 0.931027889 0.026998201 0.363948047 24.395402908
0.346623331 0.020688558 -0.937776208 -1.969820499 -0.032285720 0.999427497 0.010115133 -0.151712582 0.937448621 0.026770640 0.347092837 24.419261932
0.320125699 0.018877514 -0.947186887 -1.997515202 -0.032782987 0.999423385 0.008838753 -0.144322246 0.946807683 0.028222106 0.320559949 24.417726517
0.294166803 0.019808142 -0.955548942 -2.059360981 -0.033587135 0.999381900 0.010376948 -0.147958845 0.955163896 0.029041588 0.294650286 24.444671631
0.269546926 0.023153465 -0.962708831 -2.118237495 -0.033353236 0.999335587 0.014695842 -0.150749907 0.962409496 0.028148236 0.270140052 24.466630936
0.243314028 0.024120256 -0.969647765 -2.184644222 -0.036090564 0.999223530 0.015799755 -0.149426520 0.969275892 0.031150825 0.243995637 24.488080978
0.224584684 0.023997461 -0.974159062 -2.279483795 -0.036589570 0.999199510 0.016178867 -0.149885550 0.973767400 0.032010540 0.225282937 24.510082245
0.203549057 0.025110701 -0.978742659 -2.363630772 -0.039672967 0.999061406 0.017381217 -0.147917390 0.978260636 0.035291690 0.204354256 24.525871277
0.189272448 0.026665974 -0.981562436 -2.548758507 -0.039891120 0.999014735 0.019447977 -0.149604633 0.981113970 0.035474662 0.190149710 24.570270538
0.172345355 0.027477328 -0.984653294 -2.738061428 -0.040117666 0.998977304 0.020855183 -0.160216033 0.984219313 0.035907697 0.173271403 24.618341446
0.152642772 0.027713953 -0.987892747 -2.893893003 -0.042546850 0.998864174 0.021447681 -0.167438209 0.987365127 0.038757887 0.153648555 24.657052994
0.141740069 0.027868288 -0.989511549 -3.059544325 -0.042708483 0.998845041 0.022013485 -0.174734458 0.988982141 0.039140344 0.142766580 24.687248230
0.128281236 0.030523811 -0.991267979 -3.270990610 -0.044177976 0.998709917 0.025035832 -0.189880520 0.990753293 0.040580589 0.129464239 24.740608215
0.113057271 0.031212490 -0.993098080 -3.547810793 -0.044077985 0.998680115 0.026369948 -0.208943054 0.992610276 0.040792454 0.114283815 24.808012009
0.101945482 0.031135123 -0.994302630 -3.790122509 -0.043947738 0.998675227 0.026766103 -0.222969130 0.993818760 0.040968668 0.103178740 24.850059509
0.093117625 0.032612491 -0.995120883 -3.973557472 -0.043707035 0.998633921 0.028637767 -0.239492029 0.994695306 0.040827110 0.094415814 24.885040283
0.081238635 0.028979167 -0.996273339 -4.302765846 -0.044120897 0.998701930 0.025452077 -0.221294284 0.995717645 0.041888781 0.082411766 24.915950775
0.072161518 0.030712971 -0.996919990 -4.569672585 -0.045165461 0.998601079 0.027495496 -0.212463304 0.996369779 0.043042231 0.073447734 24.940988541
0.064011142 0.030665075 -0.997478008 -4.854303360 -0.046210986 0.998546779 0.027732441 -0.210046440 0.996878684 0.044319250 0.065335169 24.973899841
0.058015075 0.029519787 -0.997879088 -5.111610413 -0.047744017 0.998501003 0.026762426 -0.198838398 0.997173369 0.046090133 0.059337500 24.986738205
0.052996825 0.029669566 -0.998153687 -5.323668957 -0.047818318 0.998487294 0.027140565 -0.200721547 0.997449100 0.046291672 0.054335400 25.011053085
0.048066296 0.028606445 -0.998434424 -5.648225784 -0.048304293 0.998486817 0.026282493 -0.186395347 0.997675478 0.046965368 0.049375374 25.021804810
0.045949325 0.027570164 -0.998563230 -5.854292870 -0.048250414 0.998513639 0.025348531 -0.174974605 0.997777820 0.047016345 0.047211289 25.029628754
0.042409595 0.027666248 -0.998717189 -6.137565136 -0.048729502 0.998484135 0.025590545 -0.174937397 0.997911334 0.047581706 0.043693468 25.052961349
0.037595332 0.027066661 -0.998926401 -6.510927200 -0.048834153 0.998488545 0.025216885 -0.168616146 0.998099089 0.047833689 0.038860288 25.088050842
0.034935262 0.026202118 -0.999045968 -6.818453789 -0.049177665 0.998490274 0.024467871 -0.158544943 0.998178959 0.048275962 0.036171071 25.107530594
0.031589407 0.026175786 -0.999158144 -7.021811485 -0.048028782 0.998541951 0.024641164 -0.162479624 0.998346269 0.047209952 0.032800552 25.134630203
0.030009294 0.025621522 -0.999221265 -7.292676449 -0.048325442 0.998539686 0.024152700 -0.149617851 0.998380721 0.047563002 0.031203637 25.146011353
0.028835649 0.026284674 -0.999238610 -7.518866062 -0.048683677 0.998504817 0.024860468 -0.148300931 0.998397887 0.047929738 0.030072171 25.160345078
0.028196944 0.026097743 -0.999261677 -7.815989017 -0.048396900 0.998522401 0.024712786 -0.141076341 0.998430133 0.047664341 0.029418340 25.174192429
0.028220670 0.024784992 -0.999294400 -8.113654137 -0.049705885 0.998490572 0.023361329 -0.135905236 0.998365104 0.049011547 0.029410027 25.176713943
0.029705361 0.023966150 -0.999271393 -8.406561852 -0.049553666 0.998518586 0.022475015 -0.113715887 0.998329639 0.048849933 0.030848965 25.173347473
0.029636366 0.024869066 -0.999251306 -8.716907501 -0.050811902 0.998435378 0.023341754 -0.115272656 0.998268545 0.050082084 0.030853640 25.190814972
0.029296851 0.024807788 -0.999262869 -8.957498550 -0.051130615 0.998420358 0.023287810 -0.112798035 0.998262227 0.050410662 0.030519012 25.211622238
0.028791899 0.025449762 -0.999261379 -9.167431831 -0.050472673 0.998437703 0.023974502 -0.109741598 0.998310387 0.049745131 0.030031433 25.232631683
0.029383371 0.025930692 -0.999231815 -9.433310509 -0.049592461 0.998470128 0.024452610 -0.100776121 0.998337269 0.048835866 0.030624390 25.243457794
0.028742887 0.027098445 -0.999219477 -9.713428497 -0.048716243 0.998482585 0.025677122 -0.091889620 0.998399019 0.047940191 0.030019406 25.271150589
0.029371569 0.027837988 -0.999180853 -9.933169365 -0.049794830 0.998411775 0.026352810 -0.090156317 0.998327494 0.048980020 0.030711107 25.275707245
0.028713312 0.027162153 -0.999218583 -10.249993324 -0.049833432 0.998426616 0.025708623 -0.087115914 0.998344719 0.049056314 0.030021721 25.305768967
0.027326653 0.026029674 -0.999287605 -10.586965561 -0.048180461 0.998533368 0.024692481 -0.075888306 0.998464823 0.047471378 0.028540701 25.345579147
0.022872970 0.026592311 -0.999384642 -10.876747131 -0.048548196 0.998496354 0.025457544 -0.088317245 0.998558939 0.047936030 0.024129584 25.391193390
0.021337595 0.027588140 -0.999391556 -11.124114990 -0.047665358 0.998510480 0.026546137 -0.084056109 0.998635530 0.047069922 0.022620806 25.430501938
0.021285076 0.026786892 -0.999414504 -11.466840744 -0.046926346 0.998565972 0.025764732 -0.069403827 0.998671591 0.046350464 0.022511562 25.452653885
0.022642627 0.026312863 -0.999397278 -11.848001480 -0.046994098 0.998576581 0.025226543 -0.054528296 0.998638570 0.046394583 0.023846947 25.455659866
0.022765923 0.025970621 -0.999403417 -12.120670319 -0.047753841 0.998549819 0.024860622 -0.041462123 0.998599648 0.047159385 0.023973102 25.468870163
0.021881413 0.025991198 -0.999422669 -12.400712013 -0.047608629 0.998555005 0.024926288 -0.033245713 0.998626351 0.047035716 0.023087204 25.498929977
0.022502376 0.026929364 -0.999384046 -12.662452698 -0.049648196 0.998433888 0.025785873 -0.030959219 0.998513222 0.049037371 0.023804130 25.506809235
0.022538565 0.027448630 -0.999369025 -12.959797859 -0.050450176 0.998380601 0.026283691 -0.019026488 0.998472214 0.049825948 0.023886856 25.521287918
0.022761568 0.028076872 -0.999346495 -13.328788757 -0.051025607 0.998335361 0.026886279 -0.003068835 0.998437822 0.050380297 0.024156319 25.541202545
0.022004297 0.029372061 -0.999326289 -13.610220909 -0.051437527 0.998277783 0.028208628 -0.001613081 0.998433709 0.050782163 0.023477221 25.566440582
0.022707360 0.028947368 -0.999322891 -13.906299591 -0.052313633 0.998245656 0.027727453 0.012019128 0.998372436 0.051648598 0.024181865 25.576017380
0.022599285 0.029587982 -0.999306619 -14.265342712 -0.053435765 0.998168886 0.028345846 0.015434325 0.998315454 0.052758113 0.024138955 25.598171234
0.022382239 0.029269490 -0.999320924 -14.486564636 -0.053773608 0.998159647 0.028031088 0.024359435 0.998302281 0.053109694 0.023914974 25.612808228
0.021219099 0.029093210 -0.999351442 -14.757177353 -0.053677633 0.998167872 0.027919030 0.025719434 0.998332798 0.053050406 0.022741884 25.643800735
0.021742318 0.029290529 -0.999334455 -15.097985268 -0.055246320 0.998078644 0.028051740 0.033949792 0.998235941 0.054599639 0.023318736 25.659870148
0.022814214 0.028495640 -0.999333501 -15.370013237 -0.056030665 0.998059034 0.027180148 0.048264652 0.998168409 0.055373225 0.024366567 25.668550491
0.023301007 0.028140789 -0.999332309 -15.746615410 -0.056939974 0.998018503 0.026776142 0.060581177 0.998105645 0.056278046 0.024857171 25.691917419
0.023725882 0.028160989 -0.999321759 -15.983634949 -0.057291500 0.997998655 0.026763489 0.064166546 0.998075485 0.056617655 0.025291784 25.707738876
0.024489185 0.027814979 -0.999313116 -16.271467209 -0.057760250 0.997982383 0.026362464 0.073811650 0.998030126 0.057074975 0.026046373 25.725845337
0.025268570 0.027654758 -0.999298096 -16.566926956 -0.058837980 0.997925580 0.026128978 0.080958575 0.997947633 0.058136441 0.026843300 25.745468140
0.026814211 0.027684880 -0.999256968 -16.865238190 -0.058738101 0.997932971 0.026072001 0.083347648 0.997913241 0.057995364 0.028384943 25.763961792
0.027502166 0.027532384 -0.999242485 -17.104030609 -0.058575183 0.997947335 0.025884541 0.095306486 0.997904062 0.057818938 0.029058423 25.781770706
0.027945202 0.026632432 -0.999254584 -17.447797775 -0.058711808 0.997962952 0.024956074 0.100042880 0.997883737 0.057970636 0.029451907 25.812507629
0.029093491 0.026348777 -0.999229372 -17.705139160 -0.059030190 0.997953117 0.024596401 0.105779529 0.997832119 0.058269106 0.030589312 25.826585770
