1.000000000 0.000000000 0.000000000 0.000000000 0.000000000 1.000000000 0.000000000 0.000000000 0.000000000 0.000000000 1.000000000 0.000000000
1.000000000 0.000034720 0.000034422 -0.000053603 -0.000034713 1.000000000 -0.000201243 -0.000109582 -0.000034429 0.000201241 1.000000000 0.000232928
1.000000000 -0.000100572 0.000006067 -0.000093886 0.000100574 1.000000000 -0.000199754 -0.000099741 -0.000006047 0.000199754 1.000000000 0.000242023
1.000000000 -0.000095108 -0.000012576 -0.000182889 0.000095108 1.000000000 0.000018528 0.000096591 0.000012574 -0.000018529 1.000000000 -0.000391657
1.000000000 -0.000105756 -0.000033985 -0.000100597 0.000105758 1.000000000 0.000085911 0.000035080 0.000033976 -0.000085914 1.000000000 0.000201008
1.000000000 -0.000121984 0.000004888 -0.000212408 0.000121984 1.000000000 -0.000021915 0.000077290 -0.000004886 0.000021916 1.000000000 0.000128011
1.000000000 -0.000042099 -0.000007307 -0.000154549 0.000042097 0.999999940 -0.000351867 0.000027075 0.000007322 0.000351867 0.999999940 0.000255689
1.000000000 -0.000129963 -0.000016871 -0.000284913 0.000129962 1.000000000 -0.000044702 -0.000001984 0.000016876 0.000044700 1.000000000 -0.000085411
1.000000000 -0.000166431 -0.000029147 -0.000202997 0.000166434 1.000000000 0.000097949 -0.000076812 0.000029131 -0.000097954 1.000000000 -0.000135129
1.000000000 -0.000072181 0.000003503 -0.000135689 0.000072182 1.000000000 -0.000018392 0.000067230 -0.000003501 0.000018393 1.000000000 0.000591072
1.000000000 0.000015421 0.000011778 -0.000170065 -0.000015420 1.000000000 -0.000097948 -0.000003703 -0.000011780 0.000097948 1.000000000 0.000111514
0.999999940 0.000323307 0.000049689 0.000033616 -0.000323296 0.999999940 -0.000227836 0.000520611 -0.000049763 0.000227820 1.000000000 -0.001516378
1.000000000 0.000193397 0.000002913 0.000075064 -0.000193397 1.000000000 0.000020885 0.000163580 -0.000002909 -0.000020886 1.000000000 -0.000158643
1.000000000 -0.000130518 -0.000001789 0.000026581 0.000130518 1.000000000 0.000110572 -0.000047942 0.000001774 -0.000110572 1.000000000 0.000190065
1.000000000 0.000051973 -0.000013427 -0.000115045 -0.000051973 1.000000000 -0.000025032 0.000085910 0.000013426 0.000025032 1.000000000 -0.000104300
1.000000000 -0.000012894 0.000049931 0.000115165 0.000012905 1.000000000 -0.000229760 -0.000043721 -0.000049928 0.000229761 1.000000000 0.001095282
1.000000000 -0.000116697 0.000039071 0.000096579 0.000116703 1.000000000 -0.000152711 -0.000134875 -0.000039053 0.000152716 1.000000000 0.000619694
1.000000000 -0.000001261 -0.000014434 0.000119343 0.000001263 1.000000000 0.000146098 -0.000015282 0.000014433 -0.000146098 1.000000000 0.000740266
1.000000000 0.000090930 0.000003053 0.000016594 -0.000090930 1.000000000 0.000043887 0.000062554 -0.000003049 -0.000043888 1.000000000 0.000195020
1.000000000 0.000101208 0.000055832 0.000068542 -0.000101196 1.000000000 -0.000212726 0.000019357 -0.000055854 0.000212721 1.000000000 0.000868947
1.000000000 0.000043131 0.000062295 0.000262159 -0.000043115 0.999999940 -0.000245093 -0.000059981 -0.000062306 0.000245091 0.999999940 0.001752126
1.000000000 0.000016990 0.000004933 -0.000050642 -0.000016990 1.000000000 -0.000017455 0.000142779 -0.000004933 0.000017455 1.000000000 -0.000102770
1.000000000 0.000081453 -0.000019375 0.000031851 -0.000081451 1.000000000 0.000119888 0.000024964 0.000019385 -0.000119886 1.000000000 0.000494350
1.000000000 -0.000023044 0.000033334 0.000051565 0.000023044 1.000000000 -0.000009860 0.000033182 -0.000033334 0.000009861 1.000000000 0.000510002
1.000000000 -0.000021391 0.000030652 0.000069844 0.000021399 1.000000000 -0.000239991 -0.000144533 -0.000030647 0.000239991 1.000000000 0.001284768
1.000000000 0.000122706 0.000012045 0.000116228 -0.000122703 0.999999940 -0.000251807 -0.000086341 -0.000012076 0.000251806 0.999999940 0.000863857
1.000000000 -0.000088016 0.000035800 -0.000068171 0.000088020 1.000000000 -0.000111942 -0.000011912 -0.000035790 0.000111945 1.000000000 0.000366536
1.000000000 -0.000190646 -0.000003765 0.000022731 0.000190647 1.000000000 0.000103668 -0.000056907 0.000003745 -0.000103668 1.000000000 0.000497640
1.000000000 0.000141659 -0.000007898 0.000052055 -0.000141657 1.000000000 0.000134062 -0.000067027 0.000007917 -0.000134061 1.000000000 0.000600839
1.000000000 -0.000047183 -0.000001199 0.000333093 0.000047183 1.000000000 -0.000054614 -0.000215891 0.000001201 0.000054614 1.000000000 0.001499560
1.000000000 -0.000181233 0.000047776 0.000069617 0.000181242 0.999999940 -0.000191295 -0.000231564 -0.000047742 0.000191304 1.000000000 0.000793481
0.999999940 -0.000265157 0.000060373 -0.000087477 0.000265170 0.999999940 -0.000223999 -0.000060568 -0.000060314 0.000224015 1.000000000 0.000758910
1.000000000 0.000099809 0.000006113 -0.000056749 -0.000099809 1.000000000 0.000036340 0.000214166 -0.000006110 -0.000036341 1.000000000 0.000763208
1.000000000 0.000070232 0.000006059 -0.000034486 -0.000070233 1.000000000 0.000186888 -0.000042410 -0.000006046 -0.000186888 1.000000000 0.000666426
1.000000000 -0.000104661 0.000015256 0.000031416 0.000104661 1.000000000 0.000008027 -0.000053069 -0.000015257 -0.000008025 1.000000000 0.000626211
1.000000000 -0.000188897 0.000084651 -0.000341783 0.000188916 0.999999940 -0.000222848 0.000011662 -0.000084609 0.000222864 1.000000000 -0.000353901
1.000000000 -0.000120124 0.000064512 -0.000026120 0.000120139 0.999999940 -0.000235440 0.000053844 -0.000064484 0.000235448 1.000000000 0.000527261
1.000000000 0.000027849 0.000028416 -0.000036998 -0.000027849 1.000000000 0.000012937 0.000259128 -0.000028416 -0.000012938 1.000000000 0.000532962
1.000000000 -0.000083079 0.000006473 0.000294262 0.000083078 1.000000000 0.000158519 -0.000091151 -0.000006486 -0.000158519 1.000000000 0.001666222
1.000000000 -0.000149459 0.000038050 0.000054161 0.000149460 1.000000000 -0.000037298 0.000077682 -0.000038045 0.000037304 1.000000000 0.000501876
1.000000000 -0.000123802 0.000098790 -0.000311242 0.000123826 0.999999940 -0.000239089 0.000180726 -0.000098760 0.000239101 0.999999940 -0.000615634
1.000000000 -0.000152705 0.000076142 0.000218681 0.000152716 1.000000000 -0.000146058 -0.000328467 -0.000076120 0.000146070 1.000000000 0.001731219
1.000000000 -0.000108879 0.000014257 0.000010258 0.000108878 1.000000000 0.000069490 0.000116276 -0.000014264 -0.000069488 1.000000000 0.000330210
1.000000000 -0.000017921 0.000028308 -0.000068070 0.000017918 1.000000000 0.000119508 -0.000033551 -0.000028310 -0.000119507 1.000000000 0.000645159
1.000000000 -0.000204616 0.000095493 -0.000444339 0.000204636 0.999999940 -0.000209431 0.000071429 -0.000095451 0.000209450 1.000000000 -0.000358455
1.000000000 -0.000120028 0.000082650 -0.000152860 0.000120048 0.999999940 -0.000234921 0.000147585 -0.000082622 0.000234931 0.999999940 -0.000211074
1.000000000 0.000003684 0.000073666 -0.000064631 -0.000003683 1.000000000 -0.000008266 0.000055778 -0.000073666 0.000008266 1.000000000 0.000184028
1.000000000 -0.000099985 0.000032548 0.000012963 0.000099981 1.000000000 0.000124496 0.000028710 -0.000032560 -0.000124493 1.000000000 0.000593008
1.000000000 -0.000114240 0.000045853 -0.000178867 0.000114241 1.000000000 -0.000009191 0.000043399 -0.000045852 0.000009196 1.000000000 0.000220336
1.000000000 0.000092755 0.000079331 0.000194072 -0.000092736 0.999999940 -0.000247455 -0.000028210 -0.000079354 0.000247448 0.999999940 0.001555252
1.000000000 0.000054298 0.000095734 0.000069338 -0.000054273 0.999999940 -0.000257508 0.000129175 -0.000095748 0.000257503 0.999999940 0.001085363
1.000000000 -0.000042204 0.000054602 -0.000060472 0.000042207 1.000000000 -0.000056480 0.000226121 -0.000054600 0.000056482 1.000000000 0.000122923
1.000000000 0.000114444 0.000024600 -0.000263519 -0.000114447 1.000000000 0.000119239 0.000060610 -0.000024586 -0.000119242 1.000000000 -0.000257491
1.000000000 -0.000056549 0.000036213 -0.000000183 0.000056547 1.000000000 0.000056896 -0.000003567 -0.000036216 -0.000056894 1.000000000 0.000386154
1.000000000 -0.000119029 0.000089786 0.000102992 0.000119044 1.000000000 -0.000166523 -0.000289789 -0.000089766 0.000166534 1.000000000 0.001177341
1.000000000 -0.000118602 0.000064524 0.000085937 0.000118619 0.999999940 -0.000253742 0.000057446 -0.000064494 0.000253749 0.999999940 0.001075547
1.000000000 -0.000088086 0.000097525 0.000070135 0.000088105 1.000000000 -0.000192956 -0.000252124 -0.000097508 0.000192965 1.000000000 0.000946182
1.000000000 -0.000089747 0.000032118 0.000047886 0.000089746 1.000000000 0.000030685 0.000075222 -0.000032121 -0.000030682 1.000000000 0.000638771
1.000000000 -0.000000930 0.000030379 0.000053953 0.000000927 1.000000000 0.000097381 0.000049191 -0.000030379 -0.000097381 1.000000000 0.000810305
1.000000000 -0.000068684 0.000069523 -0.000103275 0.000068681 1.000000000 0.000035202 0.000068594 -0.000069526 -0.000035197 1.000000000 0.000351845
0.999999940 -0.000315666 0.000053589 0.000135065 0.000315674 0.999999940 -0.000149396 -0.000076570 -0.000053542 0.000149413 1.000000000 0.000982971
0.999999940 -0.000265624 0.000072098 0.000239756 0.000265646 0.999999940 -0.000302561 0.000182018 -0.000072018 0.000302580 0.999999940 0.001160772
0.999999940 -0.000293893 0.000026048 -0.000043442 0.000293892 0.999999940 0.000017956 0.000042651 -0.000026053 -0.000017948 1.000000000 0.000314848
0.999999881 -0.000540027 0.000024985 0.000177003 0.000540022 0.999999821 0.000202074 -0.000096341 -0.000025094 -0.000202060 1.000000000 0.001041792
0.999999762 -0.000726164 0.000050380 -0.000358226 0.000726155 0.999999702 0.000163233 0.000240408 -0.000050499 -0.000163197 1.000000000 -0.000202395
0.999999583 -0.000907821 0.000033541 0.000084722 0.000907819 0.999999583 0.000042358 0.000129684 -0.000033579 -0.000042327 1.000000000 0.000837247
0.999999762 -0.000723217 0.000060100 0.000155244 0.000723217 0.999999762 0.000008467 0.000102120 -0.000060106 -0.000008423 1.000000000 0.001131617
0.999999464 -0.001048272 0.000042805 -0.000339358 0.001048259 0.999999404 0.000310025 -0.000020174 -0.000043130 -0.000309980 0.999999940 -0.000023746
0.999998689 -0.001620910 0.000082865 0.000014792 0.001620845 0.999998391 0.000777377 -0.000075313 -0.000084125 -0.000777242 0.999999702 0.000447350
0.999997437 -0.002245424 0.000162300 0.000019956 0.002245259 0.999996960 0.001011193 -0.000120170 -0.000164570 -0.001010826 0.999999464 0.000640231
0.999996364 -0.002701913 0.000105181 -0.000520044 0.002701805 0.999995828 0.001012864 -0.000043602 -0.000107917 -0.001012576 0.999999464 -0.001971120
0.999996781 -0.002531249 0.000132874 0.000393764 0.002531138 0.999996483 0.000824690 0.000069298 -0.000134961 -0.000824351 0.999999642 0.001494958
0.999997735 -0.002133918 0.000153244 0.000108398 0.002133818 0.999997497 0.000649116 0.000035465 -0.000154629 -0.000648787 0.999999762 0.001256481
0.999998391 -0.001807274 0.000093783 0.000317888 0.001807206 0.999998093 0.000716959 -0.000058732 -0.000095079 -0.000716789 0.999999762 0.001369865
0.999998152 -0.001928700 0.000122852 0.000270649 0.001928575 0.999997616 0.001013001 -0.000116536 -0.000124805 -0.001012762 0.999999464 0.002111431
0.999998093 -0.001965402 0.000078260 0.000479472 0.001965321 0.999997556 0.001021084 0.000151845 -0.000080267 -0.001020929 0.999999464 0.001278428
0.999997675 -0.002160020 0.000178973 0.000688016 0.002159868 0.999997318 0.000849309 0.000213546 -0.000180807 -0.000848920 0.999999642 0.002814929
0.999997377 -0.002282124 0.000194898 0.000661142 0.002281978 0.999997139 0.000742851 0.000301978 -0.000196593 -0.000742404 0.999999702 0.001951928
0.999998033 -0.001968414 0.000051465 0.000071231 0.001968378 0.999997795 0.000692164 -0.000048437 -0.000052827 -0.000692061 0.999999762 0.000502406
0.999998212 -0.001879533 0.000157948 0.000240780 0.001879383 0.999997795 0.000942259 0.000185766 -0.000159718 -0.000941960 0.999999523 0.000821753
0.999998331 -0.001822618 0.000154447 -0.000055308 0.001822440 0.999997675 0.001146220 0.000063033 -0.000156535 -0.001145936 0.999999344 0.000377322
0.999997854 -0.002081069 0.000043197 0.000039769 0.002081012 0.999997020 0.001286653 0.000405219 -0.000045875 -0.001286561 0.999999166 0.000715139
0.999998450 -0.001745135 0.000161585 0.000183214 0.001744953 0.999997854 0.001116758 0.000425663 -0.000163533 -0.001116474 0.999999344 0.001376665
0.999997914 -0.002048864 0.000169384 0.000255841 0.002048714 0.999997497 0.000882352 0.000165601 -0.000171192 -0.000882004 0.999999583 0.000985342
0.999997139 -0.002395292 0.000111276 0.000185204 0.002395198 0.999996781 0.000841454 -0.000201574 -0.000113291 -0.000841185 0.999999642 0.001433846
0.999997437 -0.002248752 0.000145577 -0.000583931 0.002248612 0.999997020 0.000959709 0.000538569 -0.000147735 -0.000959379 0.999999523 -0.001392625
0.999997079 -0.002400293 0.000142709 0.000269450 0.002400117 0.999996364 0.001220136 0.000006977 -0.000145637 -0.001219789 0.999999225 0.000763974
0.999996841 -0.002505524 0.000094591 0.000287079 0.002505400 0.999996006 0.001290064 -0.000178799 -0.000097823 -0.001289823 0.999999166 0.002311033
0.999997377 -0.002281580 0.000131026 0.000065455 0.002281430 0.999996781 0.001130952 0.000176964 -0.000133606 -0.001130650 0.999999344 0.001084348
0.999997258 -0.002339221 0.000172777 -0.000033131 0.002339057 0.999996841 0.000942936 -0.000114486 -0.000174982 -0.000942529 0.999999523 0.001300045
0.999997973 -0.002000637 0.000171774 0.000087876 0.002000521 0.999997795 0.000671155 -0.000033728 -0.000173117 -0.000670810 0.999999762 0.001012396
0.999998510 -0.001717903 0.000099744 0.000388046 0.001717828 0.999998271 0.000747204 0.000020877 -0.000101027 -0.000747031 0.999999702 0.001720985
0.999998510 -0.001724538 0.000167900 0.000240014 0.001724363 0.999997973 0.001033501 0.000034130 -0.000169682 -0.001033210 0.999999464 0.000921466
0.999998212 -0.001891227 0.000119902 -0.000108929 0.001891095 0.999997616 0.001086771 -0.000051019 -0.000121957 -0.001086543 0.999999404 0.001148205
0.999998331 -0.001810488 0.000134780 0.000066940 0.001810369 0.999997973 0.000880062 -0.000084000 -0.000136373 -0.000879817 0.999999583 0.001408811
0.999998689 -0.001624645 0.000195629 -0.000085367 0.001624521 0.999998510 0.000627551 0.000074084 -0.000196649 -0.000627232 0.999999762 0.000142946
0.999998391 -0.001788018 0.000107885 0.000095879 0.001787946 0.999998212 0.000655292 0.000034979 -0.000109056 -0.000655098 0.999999762 0.000318340
0.999998689 -0.001621525 0.000168046 -0.000064957 0.001621368 0.999998271 0.000929313 -0.000061657 -0.000169552 -0.000929039 0.999999583 0.000489737
0.999998569 -0.001675881 0.000171550 -0.000034478 0.001675702 0.999998033 0.001038289 -0.000160612 -0.000173290 -0.001038000 0.999999464 0.000062558
0.999998808 -0.001537574 0.000139089 0.000099400 0.001537460 0.999998510 0.000814233 0.000026791 -0.000140341 -0.000814019 0.999999642 0.000898092
0.999998927 -0.001459053 0.000179622 0.000002644 0.001458961 0.999998808 0.000512775 0.000054554 -0.000180370 -0.000512512 0.999999881 0.001063967
0.999999046 -0.001387976 0.000166844 -0.000449177 0.001387887 0.999998868 0.000528443 0.000451827 -0.000167577 -0.000528211 0.999999821 -0.000186230
0.999999821 -0.000564710 -0.000032090 0.000092819 0.000564704 0.999999821 -0.000167600 0.000145927 0.000032185 0.000167582 1.000000000 0.000084995
0.999999702 -0.000725766 0.000125639 0.000103399 0.000725617 0.999999046 0.001181663 -0.000048408 -0.000126497 -0.001181571 0.999999285 0.000831475
0.999999344 -0.001115770 0.000129795 -0.000053889 0.001115666 0.999999046 0.000800072 0.000015553 -0.000130687 -0.000799927 0.999999642 0.000326037
0.999999166 -0.001297058 0.000113840 0.000041880 0.001296996 0.999998987 0.000546474 0.000086293 -0.000114549 -0.000546326 0.999999821 0.001508040
0.999999583 -0.000922754 0.000127875 -0.000137717 0.000922649 0.999999225 0.000820571 0.000264230 -0.000128632 -0.000820453 0.999999642 -0.000130665
0.999999583 -0.000909191 0.000141935 0.000114430 0.000909105 0.999999404 0.000603235 0.000325149 -0.000142484 -0.000603106 0.999999821 0.000905380
0.999999642 -0.000847589 0.000101354 0.000382711 0.000847573 0.999999642 0.000158105 0.000120750 -0.000101488 -0.000158019 1.000000000 0.002062724
0.999999404 -0.001099640 0.000151429 -0.000024647 0.001099577 0.999999285 0.000412877 0.000066908 -0.000151883 -0.000412710 0.999999881 0.000794497
0.999999404 -0.001062965 0.000119953 0.000015468 0.001062885 0.999999225 0.000664433 0.000194701 -0.000120659 -0.000664305 0.999999762 0.001267132
0.999999464 -0.001029700 0.000126335 0.000377369 0.001029608 0.999999225 0.000727740 0.000068962 -0.000127084 -0.000727610 0.999999702 0.002752597
0.999999523 -0.000960812 0.000204676 0.000158769 0.000960767 0.999999523 0.000218362 0.000134397 -0.000204886 -0.000218165 0.999999940 0.001613258
0.999998868 -0.001470119 0.000275300 -0.000276509 0.001470350 0.999998569 -0.000839075 0.000292583 -0.000274066 0.000839479 0.999999583 -0.000125801
0.999998927 -0.001422645 0.000369208 0.000438695 0.001423545 0.999996006 -0.002447309 0.000116016 -0.000365725 0.002447832 0.999996960 0.003875449
0.999999046 -0.001329230 0.000338931 0.001448669 0.001330625 0.999990523 -0.004152007 0.000111358 -0.000333409 0.004152454 0.999991298 0.007385968
0.999999464 -0.000983394 0.000361147 0.004729952 0.000985285 0.999985635 -0.005273698 -0.000401489 -0.000355955 0.005274051 0.999986053 0.026053792
0.999999821 -0.000422662 0.000388787 0.010132985 0.000424926 0.999982834 -0.005839538 0.004644114 -0.000386313 0.005839703 0.999982893 0.071391478
0.999999702 -0.000390654 0.000684628 0.003068654 0.000394466 0.999984384 -0.005577821 0.007819330 -0.000682438 0.005578089 0.999984205 0.125045449
0.999999285 -0.000907664 0.000795477 0.000495200 0.000911697 0.999986649 -0.005084374 0.010780506 -0.000790852 0.005085096 0.999986768 0.176639289
0.999999642 -0.000231399 0.000820345 0.003426526 0.000235790 0.999985635 -0.005357475 0.010996649 -0.000819093 0.005357667 0.999985337 0.225262240
0.999999523 -0.000366309 0.000916207 0.001937564 0.000371134 0.999986053 -0.005271072 0.012544638 -0.000914264 0.005271409 0.999985695 0.294133455
0.999999404 -0.000354892 0.001055872 -0.002516868 0.000360200 0.999987304 -0.005030571 0.014879034 -0.001054073 0.005030948 0.999986768 0.374063432
0.999999344 0.000359927 0.001081587 -0.001834858 -0.000354448 0.999987125 -0.005061764 0.021372899 -0.001083395 0.005061378 0.999986529 0.442343920
0.999999225 0.000828030 0.000895954 0.002318074 -0.000823610 0.999987543 -0.004923034 0.022007860 -0.000900019 0.004922294 0.999987423 0.525077462
0.999999464 0.000606682 0.000926640 0.001124009 -0.000602371 0.999989033 -0.004645824 0.022293091 -0.000929449 0.004645263 0.999988735 0.624773562
0.999999285 0.000496266 0.001103901 -0.001536451 -0.000491369 0.999989986 -0.004432380 0.023903469 -0.001106090 0.004431835 0.999989569 0.721896708
0.999999285 0.000476832 0.001090607 -0.000333318 -0.000472109 0.999990523 -0.004325887 0.025624061 -0.001092659 0.004325370 0.999990046 0.825418830
0.999999404 0.000131573 0.001131053 -0.002507346 -0.000126872 0.999991357 -0.004155118 0.024747510 -0.001131590 0.004154971 0.999990761 0.941582799
0.999999523 -0.000126733 0.000964718 -0.002979347 0.000130888 0.999990702 -0.004307896 0.031925280 -0.000964163 0.004308021 0.999990225 1.061667204
0.999999523 -0.000105113 0.000966450 -0.003776917 0.000109134 0.999991357 -0.004162142 0.033812273 -0.000966004 0.004162246 0.999990880 1.184498072
0.999999702 0.000166263 0.000803085 -0.002620230 -0.000163120 0.999992311 -0.003911546 0.037489563 -0.000803729 0.003911414 0.999992013 1.314475656
0.999999821 0.000226836 0.000571402 -0.002514966 -0.000224426 0.999991059 -0.004213670 0.042109195 -0.000572353 0.004213541 0.999990940 1.452107072
0.999999940 0.000275867 0.000470945 -0.005104601 -0.000273838 0.999990761 -0.004303848 0.043452226 -0.000472128 0.004303719 0.999990642 1.594008327
0.999999583 0.000825234 0.000256956 -0.004556527 -0.000824162 0.999991000 -0.004146073 0.046369653 -0.000260375 0.004145858 0.999991357 1.737418771
0.999999523 0.000937991 -0.000023498 -0.006674710 -0.000938076 0.999991715 -0.003924846 0.048160564 0.000019816 0.003924866 0.999992251 1.888559937
0.999999642 0.000915472 -0.000337442 -0.007832573 -0.000916813 0.999991596 -0.003995735 0.054641820 0.000333782 0.003996043 0.999991953 2.051787138
0.999999583 0.000798931 -0.000396385 -0.008989201 -0.000800371 0.999993026 -0.003646240 0.056648470 0.000393469 0.003646555 0.999993324 2.215641499
0.999999702 0.000403358 -0.000638576 -0.008993932 -0.000405840 0.999992371 -0.003891488 0.060343146 0.000637002 0.003891746 0.999992251 2.381743193
0.999999464 0.000111215 -0.000959794 -0.010340385 -0.000115133 0.999991596 -0.004082751 0.062088531 0.000959332 0.004082859 0.999991238 2.553276539
0.999999166 0.000454058 -0.001194817 -0.010169239 -0.000460485 0.999985397 -0.005384112 0.067824751 0.001192354 0.005384658 0.999984741 2.732856274
0.999999046 0.000549613 -0.001308872 -0.011933763 -0.000559056 0.999973774 -0.007224934 0.071725309 0.001304867 0.007225658 0.999973059 2.918366432
0.999998808 0.000332751 -0.001526559 -0.013444931 -0.000346242 0.999960780 -0.008845713 0.076809205 0.001523556 0.008846232 0.999959707 3.121092558
0.999998689 0.000228366 -0.001591999 -0.015824702 -0.000242338 0.999961436 -0.008781733 0.081781216 0.001589932 0.008782107 0.999960184 3.346760273
0.999998331 0.000199259 -0.001856946 -0.016917121 -0.000215625 0.999961138 -0.008817096 0.084483787 0.001855117 0.008817484 0.999959409 3.581746340
0.999997556 0.000187044 -0.002202855 -0.018485416 -0.000205618 0.999964476 -0.008434571 0.090871125 0.002201199 0.008435004 0.999962032 3.831611872
0.999996483 0.000167928 -0.002648039 -0.021463679 -0.000189542 0.999966621 -0.008164255 0.097121209 0.002646580 0.008164730 0.999963164 4.089203358
0.999994695 0.000668682 -0.003186652 -0.023592323 -0.000689827 0.999977648 -0.006639109 0.103414111 0.003182141 0.006641273 0.999972880 4.364156723
0.999992847 0.001175555 -0.003599380 -0.028657837 -0.001194100 0.999985993 -0.005154465 0.111578390 0.003593269 0.005158726 0.999980271 4.646595478
0.999990702 0.001576918 -0.004004314 -0.032285355 -0.001590810 0.999992728 -0.003468386 0.119049907 0.003998815 0.003474724 0.999985993 4.928733826
0.999988437 0.001741381 -0.004479703 -0.033811741 -0.001750643 0.999996305 -0.002064352 0.124972671 0.004476092 0.002072171 0.999987841 5.220821857
0.999987662 0.001771583 -0.004640922 -0.036624361 -0.001778091 0.999997437 -0.001398517 0.132384926 0.004638433 0.001406752 0.999988317 5.510918140
0.999986768 0.001297491 -0.004964363 -0.039296865 -0.001303639 0.999998450 -0.001235525 0.138894543 0.004962751 0.001241981 0.999986947 5.794895649
0.999985039 0.001091443 -0.005362517 -0.040968951 -0.001096744 0.999998927 -0.000985640 0.146018907 0.005361435 0.000991506 0.999985099 6.093574524
0.999981165 0.000962717 -0.006060914 -0.038403038 -0.000963417 0.999999642 -0.000112550 0.152089551 0.006060802 0.000118388 0.999981642 6.386811256
0.999980092 0.000710812 -0.006272581 -0.043981228 -0.000708301 0.999999642 0.000402568 0.160410360 0.006272865 -0.000398117 0.999980271 6.685868263
0.999978065 0.000731268 -0.006596406 -0.046210881 -0.000728575 0.999999642 0.000410610 0.169971049 0.006596704 -0.000405795 0.999978185 6.986004829
0.999976099 0.001047079 -0.006846067 -0.048989393 -0.001043474 0.999999344 0.000530148 0.174718991 0.006846617 -0.000522991 0.999976456 7.279073238
0.999977767 0.000518532 -0.006656649 -0.056014627 -0.000513983 0.999999523 0.000684977 0.180501923 0.006657001 -0.000681540 0.999977708 7.579690456
0.999976277 0.000957794 -0.006820277 -0.057048511 -0.000954180 0.999999344 0.000533234 0.188670039 0.006820784 -0.000526714 0.999976635 7.883646965
0.999978304 0.000642903 -0.006552928 -0.060999427 -0.000638051 0.999999523 0.000742529 0.197104648 0.006553402 -0.000738332 0.999978244 8.189138412
0.999979198 0.000674335 -0.006412706 -0.062151767 -0.000673219 0.999999702 0.000176262 0.202143937 0.006412823 -0.000171941 0.999979496 8.500408173
0.999982059 0.001552840 -0.005800311 -0.064068742 -0.001561086 0.999997735 -0.001417363 0.213982910 0.005798098 0.001426393 0.999982178 8.811972618
0.999987900 0.002249492 -0.004371380 -0.065781966 -0.002263078 0.999992549 -0.003105612 0.217621177 0.004364362 0.003115468 0.999985695 9.139844894
0.999993801 0.002499323 -0.002486700 -0.068357348 -0.002510569 0.999986589 -0.004529598 0.227646321 0.002475346 0.004535813 0.999986589 9.468770027
0.999997854 0.001925351 -0.000760735 -0.068759866 -0.001928692 0.999988437 -0.004416578 0.232963070 0.000752223 0.004418036 0.999989986 9.807127953
0.999998450 0.001641844 0.000552788 -0.059285589 -0.001639550 0.999990106 -0.004125646 0.244925261 -0.000559557 0.004124733 0.999991298 10.157008171
0.999995410 0.001538812 0.002611069 -0.060814686 -0.001527445 0.999989271 -0.004350064 0.254733562 -0.002617736 0.004346055 0.999987125 10.515070915
0.999990702 0.001345517 0.004090115 -0.058101252 -0.001325555 0.999987245 -0.004879433 0.263040453 -0.004096628 0.004873965 0.999979734 10.874330521
0.999981999 0.001948548 0.005664736 -0.056028821 -0.001923467 0.999988317 -0.004429537 0.268794715 -0.005673300 0.004418562 0.999974132 11.246545792
0.999969482 0.002184693 0.007505399 -0.052030027 -0.002156833 0.999990761 -0.003718061 0.280033171 -0.007513451 0.003701760 0.999964952 11.620664597
0.999955058 0.002195856 0.009220294 -0.042063788 -0.002168224 0.999993145 -0.003005771 0.289844632 -0.009226833 0.002985644 0.999952912 12.003724098
0.999935329 0.002137330 0.011170845 -0.038848609 -0.002121243 0.999996662 -0.001451779 0.298000902 -0.011173910 0.001427989 0.999936581 12.383053780
0.999915659 0.000479672 0.012977566 -0.035320923 -0.000471949 0.999999642 -0.000598166 0.306854814 -0.012977849 0.000591991 0.999915600 12.774946213
0.999890625 0.000022258 0.014790076 -0.032095626 -0.000013222 0.999999762 -0.000611021 0.316283464 -0.014790086 0.000610758 0.999890387 13.159034729
0.999870062 0.000210115 0.016118342 -0.020337448 -0.000215095 0.999999881 0.000307265 0.326368988 -0.016118279 -0.000310692 0.999870002 13.544934273
0.999846756 0.000027008 0.017504783 -0.011240095 -0.000041609 0.999999583 0.000833760 0.335675776 -0.017504754 -0.000834360 0.999846458 13.935078621
0.999820590 -0.000400824 0.018938810 -0.001782894 0.000368454 0.999998450 0.001712640 0.343661904 -0.018939469 -0.001705355 0.999819160 14.318931580
0.999794662 -0.001268565 0.020221706 0.008934587 0.001232169 0.999997616 0.001812177 0.352547556 -0.020223957 -0.001786889 0.999793887 14.713178635
0.999773562 -0.002556548 0.021120055 0.019305170 0.002511129 0.999994516 0.002176778 0.362504244 -0.021125503 -0.002123251 0.999774575 15.098628998
0.999763310 -0.002787955 0.021575928 0.033209622 0.002735092 0.999993265 0.002479207 0.376004070 -0.021582693 -0.002419607 0.999764144 15.492034912
0.999745250 -0.004711105 0.022073220 0.034178674 0.004634439 0.999983072 0.003523163 0.383097231 -0.022089444 -0.003419969 0.999750137 15.883579254
0.999742687 -0.005512393 0.022003133 0.045917779 0.005424051 0.999976993 0.004072654 0.393760026 -0.022025073 -0.003952259 0.999749541 16.273366928
0.999727190 -0.006743984 0.022359943 0.052640051 0.006654678 0.999969661 0.004066045 0.401119947 -0.022386683 -0.003916137 0.999741673 16.663978577
0.999729514 -0.006869762 0.022220751 0.065113008 0.006805783 0.999972463 0.002953621 0.414086789 -0.022240430 -0.002801592 0.999748707 17.058483124
0.999732733 -0.006788743 0.022097889 0.073575020 0.006730429 0.999973714 0.002712222 0.426442206 -0.022115720 -0.002562769 0.999752164 17.460765839
0.999731660 -0.007161574 0.022029979 0.081273794 0.007086420 0.999968827 0.003487617 0.436011702 -0.022054270 -0.003330567 0.999751210 17.868999481
0.999729693 -0.007086056 0.022143789 0.087249875 0.007008754 0.999969065 0.003566562 0.445473909 -0.022168377 -0.003410398 0.999748409 18.288373947
0.999727547 -0.006937100 0.022288125 0.094509900 0.006882700 0.999973118 0.002516538 0.457808673 -0.022304980 -0.002362450 0.999748409 18.700069427
0.999734223 -0.006302767 0.022176653 0.101842970 0.006267239 0.999978840 0.001671209 0.470636219 -0.022186719 -0.001531778 0.999752641 19.108778000
0.999727786 -0.007499821 0.022093773 0.112195849 0.007472476 0.999971151 0.001319959 0.477403522 -0.022103034 -0.001154505 0.999754965 19.528310776
0.999734282 -0.007101375 0.021926375 0.123847514 0.007083677 0.999974549 0.000884717 0.489687204 -0.021932097 -0.000729162 0.999759197 19.956701279
0.999744594 -0.006507756 0.021640858 0.134600520 0.006504399 0.999978900 0.000225487 0.499883026 -0.021641867 -0.000084669 0.999765813 20.387844086
0.999746978 -0.005380071 0.021835824 0.138023436 0.005395753 0.999985278 -0.000659367 0.511258602 -0.021831952 0.000777021 0.999761343 20.827121735
0.999754369 -0.004314119 0.021738384 0.145814061 0.004344127 0.999989688 -0.001333341 0.522664905 -0.021732409 0.001427448 0.999762952 21.271833420
0.999756038 -0.003483176 0.021807423 0.151645273 0.003517140 0.999992669 -0.001519308 0.534640670 -0.021801971 0.001595637 0.999761105 21.721923828
0.999764860 -0.002955317 0.021481099 0.161231637 0.003001580 0.999993265 -0.002121727 0.544866979 -0.021474684 0.002185705 0.999767065 22.187469482
0.999770880 -0.002542087 0.021254489 0.169868410 0.002586380 0.999994457 -0.002056696 0.554063261 -0.021249138 0.002111197 0.999771893 22.637838364
0.999768138 -0.002073890 0.021432389 0.178305089 0.002117061 0.999995649 -0.001991773 0.563241243 -0.021428168 0.002036684 0.999768257 23.104267120
0.999769449 -0.000028050 0.021471085 0.183258891 0.000068947 0.999998093 -0.001904037 0.576608837 -0.021470986 0.001905079 0.999767601 23.575435638
0.999772608 0.000411382 0.021316623 0.190191150 -0.000373366 0.999998331 -0.001787322 0.590942144 -0.021317320 0.001778956 0.999771178 24.055494308
0.999777973 0.001001248 0.021046400 0.197145313 -0.000975411 0.999998689 -0.001237845 0.602839947 -0.021047611 0.001217041 0.999777734 24.532321930
0.999780238 0.001281820 0.020920357 0.207740426 -0.001266999 0.999998927 -0.000721688 0.612112463 -0.020921262 0.000695023 0.999780893 25.021711349
0.999776602 0.001727295 0.021066045 0.215381593 -0.001718451 0.999998450 -0.000437938 0.622867286 -0.021066768 0.000401640 0.999777973 25.507087708
0.999780834 0.001542480 0.020877849 0.226649106 -0.001541911 0.999998808 -0.000043332 0.635432243 -0.020877890 0.000011130 0.999782026 26.005474091
0.999785185 0.001836122 0.020641292 0.235162050 -0.001850853 0.999998033 0.000694547 0.647017837 -0.020639971 -0.000732602 0.999786615 26.502552032
0.999787033 0.001704085 0.020567391 0.245508492 -0.001725088 0.999998152 0.001003510 0.659282506 -0.020565640 -0.001038776 0.999787986 26.999578476
0.999782801 0.001471518 0.020789668 0.256172359 -0.001497904 0.999998093 0.001253686 0.671379268 -0.020787779 -0.001284554 0.999783099 27.507314682
0.999780238 0.001357046 0.020920897 0.265217483 -0.001389821 0.999997854 0.001552139 0.684222102 -0.020918740 -0.001580874 0.999779940 28.003351212
0.999775767 -0.000331799 0.021169895 0.279298037 0.000294080 0.999998510 0.001784817 0.695098698 -0.021170449 -0.001778192 0.999774218 28.520164490
0.999772072 -0.000504778 0.021344226 0.288722634 0.000475304 0.999998927 0.001385931 0.713622868 -0.021344902 -0.001375470 0.999771237 29.046142578
0.999763072 -0.001862084 0.021687297 0.303544432 0.001841409 0.999997854 0.000973269 0.723797619 -0.021689067 -0.000933103 0.999764323 29.568788528
0.999749541 -0.002038490 0.022286579 0.312425703 0.002042170 0.999997914 -0.000142355 0.732939541 -0.022286247 0.000187832 0.999751627 30.080497742
0.999742985 -0.002447604 0.022538267 0.326265872 0.002488108 0.999995351 -0.001769259 0.741687000 -0.022533832 0.001824882 0.999744415 30.604072571
0.999737024 -0.003730251 0.022627911 0.340374082 0.003796711 0.999988616 -0.002894853 0.753814995 -0.022616860 0.002980003 0.999739766 31.128025055
0.999727190 -0.004588732 0.022895353 0.355687946 0.004673486 0.999982417 -0.003649679 0.768928885 -0.022878204 0.003755685 0.999731123 31.676202774
0.999710500 -0.005384349 0.023450756 0.367868483 0.005463448 0.999979615 -0.003310222 0.788485050 -0.023432452 0.003437386 0.999719441 32.208702087
0.999709785 -0.004915962 0.023580952 0.384256274 0.004914199 0.999987841 0.000132687 0.807476223 -0.023581322 -0.000016767 0.999721944 32.760322571
0.999704301 -0.005509868 0.023680719 0.396603882 0.005402428 0.999974847 0.004598586 0.822662055 -0.023705462 -0.004469293 0.999709010 33.316082001
0.999684691 -0.006593470 0.024235103 0.409507185 0.006409463 0.999950111 0.007662391 0.836839318 -0.024284415 -0.007504641 0.999676943 33.876911163
0.999672115 -0.007236596 0.024561575 0.423612475 0.007029684 0.999939144 0.008500097 0.853107333 -0.024621589 -0.008324649 0.999662101 34.438068390
0.999651730 -0.008547998 0.024967222 0.442653060 0.008332375 0.999927223 0.008727604 0.869925320 -0.025040008 -0.008516528 0.999650180 34.997871399
0.999652803 -0.006858164 0.025437716 0.457540274 0.006642840 0.999941468 0.008539557 0.888746262 -0.025494795 -0.008367617 0.999639928 35.550815582
0.999654472 -0.004162989 0.025950914 0.464472443 0.003821768 0.999905765 0.013184453 0.916457653 -0.026003353 -0.013080723 0.999576271 36.121303558
0.999635696 -0.005597137 0.026397998 0.478839248 0.005023720 0.999751210 0.021738481 0.941861272 -0.026513092 -0.021597946 0.999415100 36.683315277
0.999606073 -0.007395571 0.027079444 0.500352979 0.006562572 0.999506414 0.030722015 0.973955154 -0.027293289 -0.030532192 0.999161065 37.271442413
0.999593019 -0.005683321 0.027955826 0.510363162 0.004594727 0.999234438 0.038851026 1.001243949 -0.028155226 -0.038706768 0.998853803 37.844680786
0.999578953 -0.004297320 0.028696548 0.528392196 0.003127385 0.999166906 0.040690333 1.033906341 -0.028847501 -0.040583454 0.998759627 38.425510406
0.999543667 -0.001523346 0.030169073 0.539544761 0.000419933 0.999331772 0.036546905 1.066159725 -0.030204589 -0.036517564 0.998876452 38.995086670
0.999510825 -0.000933119 0.031261235 0.551938891 -0.000029560 0.999526322 0.030780045 1.098347783 -0.031275146 -0.030765917 0.999037206 39.557357788
0.999484956 -0.002352937 0.032002330 0.574610889 0.001460523 0.999610186 0.027880751 1.131387353 -0.032055464 -0.027819652 0.999098837 40.133171082
0.999425709 -0.001687207 0.033843569 0.591493368 0.000854801 0.999697268 0.024595091 1.164793611 -0.033874817 -0.024552042 0.999124467 40.709461212
0.999373794 -0.001680070 0.035344057 0.612422884 0.000847301 0.999722004 0.023563582 1.195250750 -0.035373818 -0.023518879 0.999097347 41.290821075
0.999349475 -0.000778492 0.036053527 0.631511986 -0.000045145 0.999739170 0.022838388 1.219097137 -0.036061898 -0.022825159 0.999088883 41.867782593
0.999293387 -0.000750014 0.037576471 0.647343457 -0.000089010 0.999750853 0.022321787 1.241557121 -0.037583847 -0.022309365 0.999044418 42.449520111
0.999231100 -0.000742454 0.039200168 0.669782400 -0.000060109 0.999790490 0.020468334 1.271715999 -0.039207142 -0.020454952 0.999021709 43.036869049
0.999147356 -0.001174574 0.041269872 0.693156362 0.000399821 0.999823630 0.018776093 1.296396852 -0.041284647 -0.018743582 0.998971581 43.621959686
0.999072969 -0.000714354 0.043041319 0.718948007 -0.000058006 0.999839067 0.017940681 1.322329998 -0.043047205 -0.017926548 0.998912215 44.206859589
0.998974025 -0.000802815 0.045280084 0.742775798 -0.000030703 0.999830544 0.018404359 1.347722650 -0.045287192 -0.018386863 0.998804808 44.789360046
0.998865604 -0.000386659 0.047617238 0.771829247 -0.000507767 0.999823689 0.018770128 1.375708699 -0.047616102 -0.018773017 0.998689294 45.378936768
0.998742342 -0.001409211 0.050117150 0.803683519 0.000514638 0.999840319 0.017858073 1.400947571 -0.050134316 -0.017809819 0.998583674 45.966350555
0.998630047 -0.001724059 0.052298144 0.832807779 0.000803088 0.999844253 0.017625920 1.421596408 -0.052320391 -0.017559772 0.998475969 46.533370972
0.998512566 -0.002302919 0.054471843 0.866664290 0.001368668 0.999851465 0.017182175 1.442406416 -0.054503307 -0.017082060 0.998367608 47.113910675
0.998383522 -0.002662444 0.056773931 0.896607161 0.001719493 0.999859810 0.016651250 1.466183662 -0.056810308 -0.016526714 0.998248219 47.688613892
0.998267889 -0.002986994 0.058756631 0.934505939 0.001996144 0.999854863 0.016915105 1.491878510 -0.058798626 -0.016768519 0.998129010 48.276756287
0.998167753 -0.003461315 0.060408451 0.967997432 0.002376112 0.999834597 0.018027011 1.514674664 -0.060460865 -0.017850444 0.998010874 48.853939056
0.998072982 -0.003765313 0.061935436 1.005294323 0.002573152 0.999810100 0.019316960 1.536631823 -0.061996404 -0.019120364 0.997893214 49.437206268
0.997977316 -0.003719460 0.063462220 1.043812752 0.002479775 0.999804795 0.019601814 1.563692331 -0.063522719 -0.019404789 0.997791708 50.013111115
0.997902632 -0.003715578 0.064626120 1.085218906 0.002407620 0.999790907 0.020304959 1.593195438 -0.064688049 -0.020106778 0.997702956 50.609687805
0.997854888 -0.002939824 0.065398976 1.115745544 0.001470896 0.999745727 0.022497850 1.617612362 -0.065448478 -0.022353394 0.997605562 51.178833008
0.997830331 -0.003045763 0.065767810 1.155237675 0.001449658 0.999703586 0.024302898 1.643431067 -0.065822333 -0.024154820 0.997539103 51.759708405
0.997821450 -0.002315013 0.065931611 1.187286377 0.000599269 0.999660969 0.026030969 1.666727304 -0.065969519 -0.025934748 0.997484565 52.330257416
0.997837484 -0.002307183 0.065687805 1.222526550 0.000531925 0.999634385 0.027030349 1.694164753 -0.065726131 -0.026936963 0.997474074 52.910053253
0.997917056 -0.001824810 0.064484581 1.259024382 0.000064200 0.999627352 0.027294341 1.723568678 -0.064510360 -0.027233345 0.997545362 53.482280731
0.997978628 -0.000752866 0.063546240 1.290727139 -0.001011798 0.999614775 0.027733026 1.752344131 -0.063542634 -0.027741263 0.997593403 54.064693451
0.998037577 0.001505364 0.062602058 1.322864771 -0.003227243 0.999619007 0.027413132 1.781884432 -0.062536947 -0.027561365 0.997662008 54.645542145
0.998097301 0.002207972 0.061621346 1.352485895 -0.003963639 0.999589264 0.028383525 1.812773943 -0.061533377 -0.028573753 0.997695863 55.230541229
0.998170674 0.001585259 0.060438346 1.387154341 -0.003320965 0.999584615 0.028628998 1.840830088 -0.060367852 -0.028777335 0.997761309 55.813522339
0.998215318 0.001298840 0.059701875 1.420430779 -0.002935238 0.999622166 0.027329979 1.867389441 -0.059643824 -0.027456446 0.997842073 56.390480042
0.998251557 0.001350903 0.059093323 1.452255845 -0.002888955 0.999659061 0.025949823 1.895948529 -0.059038103 -0.026075164 0.997915268 56.970539093
0.998307943 0.002826832 0.058082227 1.480599880 -0.004281789 0.999679744 0.024940800 1.924659252 -0.057993133 -0.025147291 0.998000205 57.546001434
0.998406708 0.003581938 0.056313258 1.512007356 -0.004980298 0.999682248 0.024711102 1.957932353 -0.056206848 -0.024952183 0.998107314 58.127498627
0.998473227 0.003977707 0.055092957 1.538125515 -0.005386632 0.999661624 0.025448775 1.984431863 -0.054973088 -0.025706686 0.998156786 58.711833954
0.998538136 0.003489703 0.053941682 1.567584515 -0.005007075 0.999594808 0.028020369 2.011421204 -0.053822052 -0.028249493 0.998150885 59.301162720
0.998621583 0.003521186 0.052367549 1.594133139 -0.005191608 0.999481022 0.031796314 2.044804335 -0.052228399 -0.032024372 0.998121560 59.880573273
0.998698711 0.003889525 0.050850108 1.622656107 -0.005707833 0.999347627 0.035662021 2.079274654 -0.050678223 -0.035905857 0.998069525 60.474975586
0.998758614 0.003516704 0.049690600 1.648358226 -0.005409250 0.999262989 0.038003579 2.111154079 -0.049520329 -0.038225193 0.998041391 61.051555634
0.998824358 0.003913152 0.048317868 1.673089862 -0.005793890 0.999228418 0.038845785 2.139657736 -0.048128564 -0.039080076 0.998076260 61.632083893
0.998897374 0.004643724 0.046717018 1.695822239 -0.006420652 0.999258697 0.037958097 2.176146030 -0.046506122 -0.038216189 0.998186707 62.228736877
0.998967290 0.004907692 0.045169640 1.717645288 -0.006600327 0.999278545 0.037400331 2.214527369 -0.044953506 -0.037659850 0.998278975 62.812744141
