1.000000000 0.000000000 0.000000000 0.000000000 0.000000000 1.000000000 0.000000000 0.000000000 0.000000000 0.000000000 1.000000000 0.000000000
1.000000000 -0.000103879 0.000029395 0.000128537 0.000103885 1.000000000 -0.000209038 -0.000194755 -0.000029373 0.000209041 1.000000000 0.000570347
1.000000000 -0.000119048 0.000014443 -0.000057878 0.000119051 0.999999940 -0.000216701 -0.000094283 -0.000014417 0.000216703 1.000000000 0.000284448
1.000000000 -0.000025364 -0.000001230 -0.000153598 0.000025364 1.000000000 0.000024773 0.000061897 0.000001230 -0.000024773 1.000000000 0.000016644
1.000000000 -0.000142038 -0.000008783 -0.000151613 0.000142039 1.000000000 0.000089883 0.000042976 0.000008770 -0.000089884 1.000000000 -0.000205953
1.000000000 -0.000112153 0.000015336 -0.000330931 0.000112154 1.000000000 -0.000017102 0.000075186 -0.000015334 0.000017103 1.000000000 -0.000383084
1.000000000 -0.000115851 0.000014078 -0.000178812 0.000115855 0.999999940 -0.000317432 -0.000195024 -0.000014041 0.000317433 0.999999940 0.000306650
1.000000000 -0.000088249 -0.000011181 -0.000325655 0.000088249 1.000000000 -0.000055269 0.000052508 0.000011186 0.000055268 1.000000000 -0.000123909
1.000000000 -0.000232129 -0.000007392 -0.000222686 0.000232130 0.999999940 0.000102702 -0.000287472 0.000007368 -0.000102703 1.000000000 -0.000069680
1.000000000 -0.000105067 0.000005180 -0.000225969 0.000105067 1.000000000 -0.000016222 -0.000034904 -0.000005178 0.000016223 1.000000000 0.000666038
1.000000000 -0.000017348 0.000005597 0.000072942 0.000017348 1.000000000 -0.000118344 0.000089471 -0.000005595 0.000118344 1.000000000 0.000372642
0.999999940 0.000264734 0.000052753 -0.000011573 -0.000264723 0.999999940 -0.000209083 0.000457966 -0.000052808 0.000209069 1.000000000 -0.001536627
1.000000000 0.000178426 0.000017718 0.000077526 -0.000178426 1.000000000 0.000025700 -0.000066390 -0.000017714 -0.000025703 1.000000000 -0.000118213
1.000000000 -0.000116677 0.000005679 0.000083160 0.000116677 1.000000000 0.000105477 -0.000146127 -0.000005691 -0.000105476 1.000000000 0.000447660
1.000000000 0.000066840 -0.000021775 0.000009611 -0.000066840 1.000000000 -0.000011564 -0.000209825 0.000021774 0.000011565 1.000000000 -0.000098623
1.000000000 -0.000091922 0.000029166 0.000491616 0.000091929 0.999999940 -0.000244080 -0.000022282 -0.000029143 0.000244083 0.999999940 0.001795124
1.000000000 -0.000156031 0.000033686 0.000046507 0.000156037 1.000000000 -0.000161069 0.000130152 -0.000033660 0.000161075 1.000000000 0.000142332
1.000000000 -0.000065505 -0.000021669 0.000324777 0.000065509 1.000000000 0.000158174 -0.000065909 0.000021658 -0.000158175 1.000000000 0.001562073
1.000000000 0.000067820 -0.000007040 -0.000004775 -0.000067819 1.000000000 0.000054503 0.000053631 0.000007043 -0.000054502 1.000000000 0.000244430
1.000000000 0.000071795 0.000044982 0.000282323 -0.000071785 1.000000000 -0.000216226 0.000033747 -0.000044997 0.000216223 1.000000000 0.001344908
1.000000000 0.000055403 0.000067074 0.000258860 -0.000055386 0.999999940 -0.000246372 -0.000053585 -0.000067088 0.000246368 0.999999940 0.001239128
1.000000000 0.000044123 -0.000003053 -0.000003263 -0.000044123 1.000000000 -0.000013194 0.000162839 0.000003053 0.000013194 1.000000000 -0.000047231
1.000000000 0.000018422 -0.000020262 -0.000032910 -0.000018420 1.000000000 0.000123900 0.000002751 0.000020264 -0.000123900 1.000000000 0.000090325
1.000000000 -0.000116025 0.000041271 -0.000032054 0.000116026 1.000000000 -0.000014797 0.000011864 -0.000041269 0.000014802 1.000000000 0.000317450
1.000000000 -0.000019557 0.000019795 0.000296493 0.000019561 1.000000000 -0.000215507 -0.000260243 -0.000019791 0.000215507 1.000000000 0.001897442
1.000000000 0.000066259 0.000028143 0.000277038 -0.000066252 0.999999940 -0.000253073 -0.000037544 -0.000028160 0.000253071 0.999999940 0.000987362
1.000000000 -0.000168562 0.000033097 -0.000019775 0.000168566 1.000000000 -0.000133126 -0.000014430 -0.000033074 0.000133132 1.000000000 0.000455919
1.000000000 -0.000200641 0.000001092 -0.000164650 0.000200641 1.000000000 0.000087441 0.000015009 -0.000001109 -0.000087441 1.000000000 -0.000129902
1.000000000 -0.000005137 0.000002894 0.000038411 0.000005137 1.000000000 0.000134591 -0.000122838 -0.000002895 -0.000134591 1.000000000 0.001184513
1.000000000 -0.000204401 -0.000007318 -0.000160521 0.000204401 1.000000000 -0.000079757 -0.000087345 0.000007335 0.000079755 1.000000000 -0.000097794
1.000000000 -0.000173048 0.000043205 0.000271394 0.000173057 0.999999940 -0.000209075 -0.000081658 -0.000043169 0.000209083 1.000000000 0.001480214
0.999999940 -0.000278249 0.000053818 -0.000154315 0.000278262 0.999999940 -0.000224692 -0.000169107 -0.000053756 0.000224707 1.000000000 0.000220320
1.000000000 0.000059239 -0.000003169 0.000168554 -0.000059239 1.000000000 0.000034969 0.000246541 0.000003171 -0.000034968 1.000000000 0.001440947
1.000000000 -0.000017037 -0.000001613 0.000109370 0.000017037 1.000000000 0.000183850 -0.000056973 0.000001610 -0.000183850 1.000000000 0.000528882
1.000000000 -0.000172527 0.000019551 0.000038899 0.000172526 1.000000000 0.000006260 -0.000078501 -0.000019552 -0.000006256 1.000000000 0.000597377
0.999999940 -0.000268367 0.000068880 0.000035686 0.000268382 0.999999940 -0.000207292 -0.000227244 -0.000068824 0.000207311 1.000000000 0.001105961
1.000000000 -0.000133358 0.000069608 -0.000016502 0.000133374 0.999999940 -0.000233585 0.000083250 -0.000069577 0.000233594 1.000000000 0.000477611
1.000000000 -0.000076157 0.000013702 0.000069219 0.000076157 1.000000000 0.000018702 0.000140897 -0.000013703 -0.000018701 1.000000000 0.000747607
1.000000000 -0.000083021 0.000008238 0.000343454 0.000083019 1.000000000 0.000166731 -0.000116184 -0.000008252 -0.000166730 1.000000000 0.001611043
0.999999940 -0.000241821 0.000033867 -0.000066842 0.000241823 0.999999940 -0.000052994 0.000319453 -0.000033854 0.000053002 1.000000000 0.000447339
1.000000000 -0.000012962 0.000091485 -0.000046705 0.000012984 1.000000000 -0.000240151 0.000454422 -0.000091482 0.000240152 0.999999940 -0.000194058
1.000000000 -0.000215288 0.000061578 0.000246281 0.000215298 0.999999940 -0.000158312 -0.000293998 -0.000061544 0.000158326 1.000000000 0.001517365
1.000000000 -0.000218541 0.000036204 -0.000090786 0.000218538 1.000000000 0.000078626 0.000029451 -0.000036221 -0.000078618 1.000000000 0.000194933
1.000000000 -0.000222938 0.000055328 0.000036612 0.000222931 0.999999940 0.000117055 -0.000121666 -0.000055354 -0.000117043 1.000000000 0.000948148
0.999999940 -0.000303519 0.000092842 0.000033210 0.000303539 0.999999940 -0.000216859 -0.000137876 -0.000092776 0.000216887 1.000000000 0.000963957
1.000000000 -0.000137681 0.000088349 0.000115376 0.000137702 0.999999940 -0.000240143 -0.000015218 -0.000088316 0.000240155 0.999999940 0.000777524
1.000000000 0.000008399 0.000057782 0.000180325 -0.000008398 1.000000000 -0.000026154 0.000194735 -0.000057782 0.000026153 1.000000000 0.000674265
1.000000000 -0.000194127 0.000012458 0.000061151 0.000194125 1.000000000 0.000121546 0.000066505 -0.000012482 -0.000121543 1.000000000 0.000598804
1.000000000 -0.000151102 0.000044881 0.000022076 0.000151103 1.000000000 -0.000028128 0.000277517 -0.000044876 0.000028135 1.000000000 0.001031973
1.000000000 0.000105272 0.000099330 -0.000239209 -0.000105248 0.999999940 -0.000244755 0.000243121 -0.000099355 0.000244744 0.999999940 -0.000465200
1.000000000 -0.000157292 0.000094817 0.000074189 0.000157315 0.999999940 -0.000239443 -0.000177232 -0.000094780 0.000239458 0.999999940 0.000887287
1.000000000 -0.000188029 0.000057271 -0.000009288 0.000188033 1.000000000 -0.000069010 0.000207393 -0.000057258 0.000069021 1.000000000 0.000166429
1.000000000 0.000042327 0.000023073 -0.000148993 -0.000042330 1.000000000 0.000106647 0.000049335 -0.000023069 -0.000106648 1.000000000 -0.000038757
1.000000000 -0.000006789 0.000044964 -0.000043244 0.000006787 1.000000000 0.000042721 0.000277995 -0.000044965 -0.000042720 1.000000000 0.000967589
0.999999940 -0.000274115 0.000078127 0.000140859 0.000274129 0.999999940 -0.000180101 -0.000100505 -0.000078078 0.000180122 1.000000000 0.001429217
1.000000000 -0.000080757 0.000084878 0.000055980 0.000080777 0.999999940 -0.000231155 0.000062673 -0.000084860 0.000231162 0.999999940 0.000755322
1.000000000 -0.000176498 0.000081842 -0.000064847 0.000176515 0.999999940 -0.000198465 -0.000159109 -0.000081807 0.000198479 1.000000000 0.000158260
1.000000000 -0.000025605 0.000044505 0.000093853 0.000025604 1.000000000 0.000030041 0.000138942 -0.000044506 -0.000030040 1.000000000 0.001005038
1.000000000 -0.000073285 0.000008868 0.000257038 0.000073284 1.000000000 0.000072898 0.000161346 -0.000008874 -0.000072898 1.000000000 0.000991401
1.000000000 -0.000070327 0.000060586 0.000082938 0.000070325 1.000000000 0.000029548 0.000093386 -0.000060588 -0.000029544 1.000000000 0.000637549
0.999999940 -0.000289358 0.000058595 0.000137788 0.000289368 0.999999940 -0.000164302 0.000111073 -0.000058548 0.000164319 1.000000000 0.000716662
0.999999940 -0.000399574 0.000079274 0.000261641 0.000399597 0.999999881 -0.000286231 0.000039230 -0.000079159 0.000286262 0.999999940 0.001216867
0.999999940 -0.000317287 0.000004730 0.000046348 0.000317287 0.999999940 0.000016865 -0.000000463 -0.000004735 -0.000016864 1.000000000 0.000258921
0.999999881 -0.000494049 0.000033340 0.000047839 0.000494041 0.999999821 0.000240872 -0.000237792 -0.000033459 -0.000240856 1.000000000 0.000507871
0.999999702 -0.000731079 0.000047264 -0.000161883 0.000731070 0.999999702 0.000191172 0.000137114 -0.000047404 -0.000191137 1.000000000 0.000139187
0.999999583 -0.000941762 0.000037990 0.000088312 0.000941761 0.999999583 0.000049231 0.000097898 -0.000038036 -0.000049195 1.000000000 0.000623382
0.999999702 -0.000734700 0.000065967 0.000161295 0.000734698 0.999999702 0.000022803 0.000011126 -0.000065984 -0.000022755 1.000000000 0.000805144
0.999999404 -0.001090040 0.000037588 -0.000357345 0.001090028 0.999999344 0.000323626 0.000089811 -0.000037940 -0.000323585 0.999999940 -0.000149492
0.999998450 -0.001748756 0.000092694 0.000076659 0.001748686 0.999998212 0.000746800 -0.000045941 -0.000094000 -0.000746637 0.999999702 0.001163217
0.999997258 -0.002327274 0.000169896 0.000155501 0.002327102 0.999996781 0.001009644 0.000062635 -0.000172246 -0.001009246 0.999999464 0.000937174
0.999996483 -0.002643238 0.000105431 0.000439394 0.002643131 0.999996006 0.000997752 0.000184775 -0.000108068 -0.000997470 0.999999523 0.001523243
0.999996245 -0.002727742 0.000121139 0.000601710 0.002727641 0.999995947 0.000823319 -0.000134916 -0.000123384 -0.000822985 0.999999642 0.002308687
0.999997377 -0.002274176 0.000150332 0.000255669 0.002274081 0.999997199 0.000626460 0.000051575 -0.000151756 -0.000626116 0.999999821 0.001138457
0.999998093 -0.001965371 0.000080442 0.000345674 0.001965314 0.999997795 0.000701057 -0.000105930 -0.000081820 -0.000700897 0.999999762 0.001274713
0.999997914 -0.002050313 0.000115504 0.000352283 0.002050193 0.999997377 0.001027311 -0.000307020 -0.000117610 -0.001027072 0.999999464 0.001780358
0.999997854 -0.002068291 0.000077964 0.000422759 0.002068210 0.999997318 0.001020818 0.000035725 -0.000080075 -0.001020655 0.999999464 0.001629339
0.999997199 -0.002362767 0.000165717 0.001335435 0.002362628 0.999996841 0.000832618 0.000061840 -0.000167684 -0.000832224 0.999999642 0.004691364
0.999997020 -0.002424671 0.000199479 0.000364689 0.002424525 0.999996781 0.000726871 0.000419183 -0.000201240 -0.000726385 0.999999702 0.001121849
0.999997616 -0.002180847 0.000041562 0.000081079 0.002180818 0.999997377 0.000684000 -0.000024170 -0.000043054 -0.000683908 0.999999762 0.000938659
0.999997973 -0.002019819 0.000165918 0.000219634 0.002019662 0.999997497 0.000942047 0.000030495 -0.000167820 -0.000941710 0.999999523 0.001381773
0.999998391 -0.001787398 0.000151175 0.000970729 0.001787224 0.999997735 0.001143184 0.000362653 -0.000153218 -0.001142912 0.999999344 0.003687151
0.999997735 -0.002128225 0.000042474 0.000115278 0.002128168 0.999996901 0.001307761 0.000169975 -0.000045257 -0.001307668 0.999999166 0.000745453
0.999998152 -0.001913664 0.000188063 0.000267192 0.001913451 0.999997556 0.001124393 0.000105839 -0.000190214 -0.001124031 0.999999344 0.001364288
0.999997735 -0.002131427 0.000178817 0.000282609 0.002131273 0.999997377 0.000860187 0.000305649 -0.000180650 -0.000859804 0.999999642 0.002156937
0.999996722 -0.002557945 0.000089969 0.000291272 0.002557869 0.999996364 0.000830166 -0.000238719 -0.000092092 -0.000829934 0.999999642 0.001732349
0.999997258 -0.002340826 0.000145137 -0.000476041 0.002340685 0.999996781 0.000962707 0.000240529 -0.000147390 -0.000962365 0.999999523 -0.001333781
0.999996960 -0.002461780 0.000138244 0.000423210 0.002461612 0.999996245 0.001200606 0.000340221 -0.000141199 -0.001200262 0.999999285 0.001273633
0.999996841 -0.002519806 0.000038924 0.001453437 0.002519754 0.999996006 0.001269167 0.000113910 -0.000042122 -0.001269065 0.999999166 0.005030937
0.999997139 -0.002376521 0.000123623 0.000209755 0.002376379 0.999996543 0.001134290 0.000087778 -0.000126318 -0.001133993 0.999999344 0.000529745
0.999996722 -0.002553253 0.000158088 0.000563419 0.002553106 0.999996305 0.000917714 -0.000002983 -0.000160430 -0.000917307 0.999999583 0.003322378
0.999997735 -0.002111623 0.000158738 0.000345451 0.002111517 0.999997556 0.000661128 0.000115987 -0.000160133 -0.000660792 0.999999762 0.001606524
0.999998271 -0.001868040 0.000089305 0.000854613 0.001867974 0.999997973 0.000739095 0.000060808 -0.000090686 -0.000738927 0.999999702 0.003065224
0.999998271 -0.001857698 0.000180218 0.000327130 0.001857512 0.999997735 0.001027104 -0.000096829 -0.000182126 -0.001026768 0.999999464 0.001781255
0.999998212 -0.001899124 0.000135596 0.000173359 0.001898973 0.999997616 0.001104470 0.000020124 -0.000137694 -0.001104211 0.999999404 0.001536199
0.999997973 -0.002024122 0.000123989 0.000300288 0.002024012 0.999997556 0.000877400 -0.000215766 -0.000125765 -0.000877147 0.999999583 0.001712505
0.999998629 -0.001642945 0.000201043 0.000091656 0.001642819 0.999998450 0.000624901 0.000259465 -0.000202070 -0.000624570 0.999999762 0.000713565
0.999998152 -0.001905659 0.000104260 0.000081859 0.001905589 0.999997973 0.000661307 0.000186234 -0.000105520 -0.000661107 0.999999762 0.000265064
0.999998510 -0.001701423 0.000177675 0.000225009 0.001701258 0.999998152 0.000924116 -0.000165742 -0.000179247 -0.000923812 0.999999583 0.001856861
0.999998450 -0.001747087 0.000178910 0.000075645 0.001746897 0.999997914 0.001053191 -0.000087092 -0.000180749 -0.001052877 0.999999404 0.000452992
0.999998808 -0.001555846 0.000126613 0.000206653 0.001555743 0.999998450 0.000810204 0.000073049 -0.000127873 -0.000810006 0.999999642 0.001347353
0.999998748 -0.001558868 0.000178715 0.000318032 0.001558773 0.999998629 0.000526927 0.000008431 -0.000179536 -0.000526648 0.999999821 0.001400240
0.999998868 -0.001510264 0.000145296 -0.000080101 0.001510188 0.999998748 0.000519758 0.000477103 -0.000146080 -0.000519538 0.999999881 -0.000230263
0.999999821 -0.000612821 -0.000008506 0.000020135 0.000612819 0.999999821 -0.000183552 0.000260555 0.000008619 0.000183547 1.000000000 -0.000353641
0.999999642 -0.000835433 0.000099055 0.000327177 0.000835316 0.999998987 0.001175163 -0.000213556 -0.000100036 -0.001175080 0.999999285 0.001531890
0.999999344 -0.001153600 0.000125182 0.000010098 0.001153502 0.999999046 0.000777960 0.000079853 -0.000126079 -0.000777815 0.999999702 0.000627494
0.999998987 -0.001429357 0.000113025 0.000015886 0.001429292 0.999998808 0.000573601 -0.000008042 -0.000113845 -0.000573439 0.999999821 0.001372068
0.999999523 -0.001002185 0.000074526 0.001198051 0.001002125 0.999999166 0.000797175 0.000060362 -0.000075325 -0.000797100 0.999999702 0.004669880
0.999999344 -0.001132902 0.000128527 0.000186940 0.001132820 0.999999166 0.000629462 0.000149205 -0.000129240 -0.000629316 0.999999821 0.000335443
0.999999523 -0.000971932 0.000093124 0.000362803 0.000971916 0.999999523 0.000179254 -0.000124946 -0.000093298 -0.000179164 1.000000000 0.001396892
0.999999344 -0.001142420 0.000126221 0.000359548 0.001142365 0.999999225 0.000433381 0.000008520 -0.000126716 -0.000433236 0.999999881 0.001516848
0.999999106 -0.001331476 0.000090676 0.000205426 0.001331416 0.999998868 0.000658425 0.000105847 -0.000091552 -0.000658304 0.999999762 0.001472882
0.999999464 -0.001050983 0.000133022 0.000676233 0.001050888 0.999999225 0.000709090 0.000134222 -0.000133767 -0.000708950 0.999999762 0.002597503
0.999999464 -0.001035828 0.000213628 0.000263022 0.001035776 0.999999464 0.000240250 0.000010719 -0.000213877 -0.000240029 0.999999940 0.002412937
0.999998748 -0.001564667 0.000257530 0.000187670 0.001564883 0.999998450 -0.000842139 -0.000029345 -0.000256211 0.000842541 0.999999583 0.000740932
0.999998808 -0.001514407 0.000361156 0.000121993 0.001515280 0.999995887 -0.002428986 0.000022542 -0.000357476 0.002429530 0.999996960 0.002425519
0.999998808 -0.001505049 0.000404252 -0.000301900 0.001506714 0.999990225 -0.004149849 -0.000006122 -0.000398002 0.004150453 0.999991298 0.001706866
0.999999285 -0.001132085 0.000405678 0.003100356 0.001134213 0.999985397 -0.005285516 -0.000661884 -0.000399689 0.005285972 0.999985933 0.021350753
0.999999523 -0.000840717 0.000457054 0.006592407 0.000843323 0.999983251 -0.005730529 0.001871761 -0.000452229 0.005730912 0.999983490 0.060276739
0.999999344 -0.000930915 0.000683464 0.002097606 0.000934649 0.999984503 -0.005483910 0.004373132 -0.000678349 0.005484546 0.999984741 0.122977629
0.999999404 -0.000982307 0.000460244 0.007097700 0.000984537 0.999987543 -0.004870911 0.004917835 -0.000455454 0.004871360 0.999988019 0.165966928
0.999999166 -0.000977242 0.000811217 0.004061855 0.000981496 0.999985635 -0.005260500 0.007400665 -0.000806065 0.005261292 0.999985814 0.230261177
0.999999523 -0.000466749 0.000879188 0.002276076 0.000471453 0.999985456 -0.005357765 0.013653360 -0.000876675 0.005358177 0.999985278 0.291821986
0.999999583 -0.000367941 0.000895718 0.000250125 0.000372445 0.999987185 -0.005033489 0.014509466 -0.000893854 0.005033820 0.999986947 0.368520439
0.999999464 -0.000206794 0.001011906 0.000261071 0.000211612 0.999988616 -0.004763538 0.011520883 -0.001010909 0.004763749 0.999988079 0.444868773
0.999999583 0.000103768 0.000888692 0.003355070 -0.000099687 0.999989390 -0.004590222 0.011837211 -0.000889159 0.004590130 0.999989033 0.529493988
0.999999464 -0.000069781 0.000957007 0.001671327 0.000073902 0.999990702 -0.004306674 0.012236076 -0.000956698 0.004306742 0.999990225 0.624923587
0.999999225 -0.000113495 0.001197761 -0.001995807 0.000118251 0.999992013 -0.003972181 0.011859503 -0.001197301 0.003972318 0.999991417 0.725564480
0.999999225 -0.000137732 0.001219781 -0.000723849 0.000142439 0.999992490 -0.003858911 0.014050004 -0.001219240 0.003859080 0.999991834 0.829014957
0.999999404 -0.000132791 0.001072675 -0.000717361 0.000137136 0.999991715 -0.004051367 0.019896112 -0.001072128 0.004051511 0.999991179 0.945310414
0.999999523 -0.000283455 0.000859838 -0.000728936 0.000286881 0.999992013 -0.003986940 0.024047753 -0.000858701 0.003987186 0.999991655 1.055033207
0.999999583 -0.000309006 0.000844166 -0.001544177 0.000312297 0.999992371 -0.003900114 0.026922438 -0.000842954 0.003900376 0.999992013 1.178696036
0.999999642 -0.000347268 0.000812425 -0.002484214 0.000350107 0.999993861 -0.003497238 0.027092298 -0.000811205 0.003497521 0.999993503 1.313107133
0.999999821 -0.000251897 0.000498966 -0.000432547 0.000253795 0.999992728 -0.003808551 0.031246010 -0.000498003 0.003808677 0.999992549 1.451206923
0.999999881 -0.000138257 0.000413756 -0.004017492 0.000139876 0.999992371 -0.003913985 0.033856258 -0.000413211 0.003914042 0.999992192 1.592655301
0.999999940 0.000288694 0.000206569 -0.003375093 -0.000287898 0.999992549 -0.003843654 0.037594981 -0.000207677 0.003843594 0.999992609 1.735169888
0.999999881 0.000449056 -0.000071199 -0.005247212 -0.000449308 0.999993443 -0.003573106 0.038578808 0.000069594 0.003573138 0.999993563 1.886594653
0.999999762 0.000408308 -0.000448699 -0.005143120 -0.000409948 0.999993205 -0.003662675 0.045014676 0.000447200 0.003662858 0.999993205 2.048957109
0.999999762 0.000241674 -0.000456540 -0.007468419 -0.000243219 0.999994159 -0.003386545 0.048600901 0.000455719 0.003386655 0.999994159 2.213089943
0.999999702 0.000020299 -0.000720226 -0.006314833 -0.000022908 0.999993384 -0.003623279 0.052328806 0.000720147 0.003623294 0.999993205 2.379694700
0.999999344 -0.000378275 -0.001022262 -0.008506442 0.000374341 0.999992490 -0.003845578 0.053643707 0.001023709 0.003845193 0.999992132 2.552592278
0.999999225 -0.000116568 -0.001243968 -0.009124991 0.000110280 0.999987185 -0.005053539 0.058757495 0.001244541 0.005053398 0.999986470 2.730539322
0.999998987 -0.000047749 -0.001358861 -0.011622636 0.000038245 0.999975562 -0.006993494 0.063021377 0.001359162 0.006993435 0.999974608 2.915039062
0.999998450 0.000099902 -0.001695807 -0.010775957 -0.000114293 0.999963999 -0.008488150 0.067629673 0.001694898 0.008488332 0.999962509 3.117060900
0.999998331 -0.000135723 -0.001781752 -0.013912896 0.000120630 0.999964178 -0.008468292 0.073437788 0.001782838 0.008468065 0.999962509 3.339312792
0.999998093 -0.000285684 -0.001944657 -0.016370831 0.000269008 0.999963224 -0.008569940 0.076984942 0.001947034 0.008569401 0.999961436 3.577868223
0.999997556 -0.000106948 -0.002209128 -0.018712509 0.000088803 0.999966264 -0.008212091 0.083492436 0.002209932 0.008211874 0.999963880 3.829443216
0.999996364 -0.000191893 -0.002692190 -0.020371314 0.000170654 0.999968886 -0.007887005 0.088984340 0.002693620 0.007886518 0.999965250 4.091663361
0.999994636 0.000140473 -0.003263414 -0.023131598 -0.000161274 0.999979675 -0.006374633 0.095380187 0.003262452 0.006375125 0.999974370 4.355913639
0.999992430 0.000792132 -0.003775727 -0.025679886 -0.000810466 0.999987841 -0.004856728 0.102210797 0.003771834 0.004859751 0.999981105 4.640810013
0.999990582 0.001017606 -0.004215678 -0.029898359 -0.001030616 0.999994755 -0.003084982 0.108594522 0.004212517 0.003089298 0.999986410 4.929418087
0.999988735 0.001033445 -0.004636217 -0.032784194 -0.001040867 0.999998212 -0.001598724 0.113077663 0.004634556 0.001603532 0.999988019 5.214615822
0.999988079 0.000859108 -0.004796513 -0.036940098 -0.000863660 0.999999106 -0.000947025 0.121037781 0.004795696 0.000951156 0.999988079 5.505466461
0.999986649 0.000646339 -0.005123014 -0.039445695 -0.000650867 0.999999344 -0.000882180 0.130218908 0.005122441 0.000885503 0.999986470 5.791804314
0.999984086 0.000422592 -0.005615680 -0.040243424 -0.000425684 0.999999702 -0.000549390 0.135523453 0.005615447 0.000551772 0.999984086 6.085949421
0.999981344 0.000569987 -0.006075939 -0.041527092 -0.000570000 0.999999821 -0.000000463 0.148444042 0.006075936 0.000003926 0.999981523 6.377224445
0.999980032 0.000489807 -0.006297025 -0.046339907 -0.000484908 0.999999642 0.000779365 0.152272582 0.006297405 -0.000776296 0.999979913 6.669896603
0.999978125 0.000185733 -0.006607596 -0.049680807 -0.000180185 0.999999642 0.000840129 0.159592241 0.006607750 -0.000838920 0.999977827 6.963685036
0.999976695 0.000561186 -0.006805047 -0.052055545 -0.000555327 0.999999583 0.000862941 0.167998895 0.006805528 -0.000859142 0.999976397 7.269104958
0.999976516 0.000018336 -0.006853931 -0.056630064 -0.000011128 0.999999523 0.001051702 0.173472628 0.006853946 -0.001051601 0.999975920 7.564020634
0.999976277 0.000163290 -0.006882953 -0.060150385 -0.000157116 0.999999523 0.000897455 0.180431560 0.006883097 -0.000896352 0.999975920 7.876798153
0.999978364 -0.000087875 -0.006583937 -0.063257314 0.000097077 0.999998987 0.001397306 0.184224844 0.006583808 -0.001397915 0.999977410 8.181709290
0.999979377 0.000124565 -0.006418401 -0.064667523 -0.000121132 0.999999821 0.000535292 0.194506451 0.006418467 -0.000534503 0.999979258 8.492685318
0.999981999 0.001014457 -0.005908677 -0.064814143 -0.001020035 0.999999046 -0.000941104 0.204880863 0.005907717 0.000947115 0.999982119 8.804744720
0.999989986 0.001301242 -0.004281063 -0.069545984 -0.001312278 0.999995828 -0.002576042 0.206168741 0.004277693 0.002581634 0.999987483 9.130540848
0.999995589 0.001692343 -0.002436227 -0.071473673 -0.001701954 0.999990761 -0.003948415 0.216195151 0.002429523 0.003952544 0.999989212 9.457286835
0.999998450 0.001492355 -0.000926774 -0.068087585 -0.001496225 0.999990106 -0.004189063 0.227205560 0.000920514 0.004190444 0.999990761 9.800148010
0.999999046 0.001158983 0.000740059 -0.066055030 -0.001156275 0.999992609 -0.003648811 0.237679839 -0.000744283 0.003647951 0.999993086 10.141700745
0.999996066 0.001027613 0.002600398 -0.064588718 -0.001017811 0.999992430 -0.003767665 0.245116323 -0.002604251 0.003765004 0.999989510 10.492858887
0.999990821 0.000631278 0.004235231 -0.063859627 -0.000612332 0.999989808 -0.004473096 0.255705506 -0.004238012 0.004470462 0.999981046 10.859082222
0.999983013 0.000921725 0.005753078 -0.061132811 -0.000898091 0.999991119 -0.004109370 0.263066769 -0.005756814 0.004104133 0.999974966 11.222723007
0.999970734 0.000666804 0.007625091 -0.058028758 -0.000640653 0.999993920 -0.003431455 0.272818029 -0.007627333 0.003426469 0.999965012 11.604497910
0.999952912 0.000987609 0.009657545 -0.052605525 -0.000961688 0.999995887 -0.002688329 0.283208877 -0.009660160 0.002678914 0.999949813 11.987750053
0.999934733 0.001076529 0.011371919 -0.046047613 -0.001062706 0.999998689 -0.001221467 0.294227868 -0.011373218 0.001209302 0.999934614 12.367189407
0.999917269 0.000400374 0.012857562 -0.035381392 -0.000394831 0.999999762 -0.000433620 0.304227740 -0.012857733 0.000428508 0.999917209 12.753345490
0.999892175 -0.000006322 0.014686035 -0.031603545 0.000009109 0.999999940 -0.000189692 0.311360151 -0.014686033 0.000189805 0.999892175 13.144145966
0.999867976 -0.000408287 0.016239945 -0.025645316 0.000398372 0.999999762 0.000613762 0.321210831 -0.016240191 -0.000607212 0.999867857 13.532389641
0.999844491 -0.000275857 0.017629011 -0.016603127 0.000251101 0.999999046 0.001406497 0.328477144 -0.017629381 -0.001401852 0.999843478 13.915834427
0.999813855 -0.001045095 0.019263394 -0.009037852 0.001003494 0.999997139 0.002169132 0.337110788 -0.019265607 -0.002149397 0.999812007 14.306568146
0.999790967 -0.001696235 0.020372575 0.004005224 0.001651883 0.999996305 0.002193695 0.346118331 -0.020376218 -0.002159583 0.999790013 14.691660881
0.999766767 -0.003048328 0.021380978 0.012348622 0.002999611 0.999992907 0.002310201 0.360220015 -0.021387868 -0.002245527 0.999768734 15.081186295
0.999755085 -0.003311866 0.021884922 0.024345309 0.003250620 0.999990702 0.002833546 0.371987760 -0.021894099 -0.002761712 0.999756515 15.472644806
0.999742448 -0.004727189 0.022194723 0.031000823 0.004643230 0.999981880 0.003832825 0.380180031 -0.022212435 -0.003728783 0.999746323 15.870800018
0.999740183 -0.005501925 0.022120593 0.042109370 0.005403876 0.999975383 0.004489789 0.389497936 -0.022144750 -0.004369086 0.999745190 16.262985229
0.999725521 -0.006963434 0.022373246 0.050681740 0.006863288 0.999966085 0.004549818 0.395716310 -0.022404172 -0.004395015 0.999739349 16.661064148
0.999722898 -0.007025202 0.022469569 0.059785336 0.006952048 0.999970257 0.003332168 0.410705596 -0.022492314 -0.003175036 0.999741971 17.049875259
0.999730647 -0.007204739 0.022059798 0.072891653 0.007129844 0.999968588 0.003471822 0.417997181 -0.022084117 -0.003313605 0.999750614 17.452451706
0.999726653 -0.007113136 0.022269938 0.076638401 0.007027491 0.999967635 0.003921679 0.433579057 -0.022297112 -0.003764106 0.999744236 17.861940384
0.999721885 -0.007193481 0.022456795 0.080925703 0.007108545 0.999967277 0.003859644 0.444270909 -0.022483822 -0.003698935 0.999740362 18.270389557
0.999722183 -0.006918697 0.022530675 0.089979440 0.006856031 0.999972403 0.002857418 0.456068873 -0.022549823 -0.002702153 0.999742091 18.685459137
0.999729395 -0.006648741 0.022290312 0.099192590 0.006603538 0.999975979 0.002100934 0.466753066 -0.022303747 -0.001953171 0.999749362 19.098186493
0.999725044 -0.007348366 0.022265295 0.108823627 0.007314953 0.999971926 0.001581734 0.477368593 -0.022276292 -0.001418430 0.999750853 19.514205933
0.999731660 -0.006762555 0.022156024 0.122203290 0.006740267 0.999976695 0.001080480 0.490014166 -0.022162816 -0.000930853 0.999753952 19.942499161
0.999741554 -0.006035929 0.021917354 0.129951626 0.006032319 0.999981761 0.000230846 0.503922462 -0.021918349 -0.000098574 0.999759734 20.375150681
0.999743760 -0.005195228 0.022032190 0.136283576 0.005207121 0.999986351 -0.000482502 0.511574626 -0.022029387 0.000597102 0.999757171 20.814271927
0.999750137 -0.003973540 0.021997133 0.143758625 0.004002851 0.999991179 -0.001288641 0.524892390 -0.021991821 0.001376370 0.999757230 21.261543274
0.999755740 -0.003162049 0.021873031 0.151088923 0.003190767 0.999994099 -0.001278138 0.534912288 -0.021868858 0.001347617 0.999759853 21.712755203
0.999762356 -0.002998857 0.021593472 0.160337597 0.003040047 0.999993622 -0.001874947 0.545154572 -0.021587713 0.001940147 0.999765038 22.173452377
0.999766409 -0.002284510 0.021488905 0.166579992 0.002323855 0.999995649 -0.001806155 0.553896964 -0.021484688 0.001855670 0.999767423 22.629341125
0.999761760 -0.001543827 0.021772133 0.172740459 0.001586261 0.999996901 -0.001931835 0.568339229 -0.021769082 0.001965911 0.999761105 23.100717545
0.999765456 -0.000303140 0.021653375 0.182377815 0.000337308 0.999998748 -0.001574306 0.576977491 -0.021652872 0.001581241 0.999764323 23.567163467
0.999770641 0.000630411 0.021407692 0.190032065 -0.000597361 0.999998629 -0.001550186 0.592704535 -0.021408640 0.001537042 0.999769628 24.043920517
0.999775231 0.001308272 0.021164164 0.196882248 -0.001286829 0.999998689 -0.001026795 0.604629576 -0.021165479 0.000999329 0.999775469 24.518697739
0.999777973 0.001331621 0.021025760 0.207346559 -0.001322976 0.999999046 -0.000425080 0.612737834 -0.021026308 0.000397169 0.999778867 24.999853134
0.999771237 0.002099831 0.021284427 0.212302864 -0.002097162 0.999997795 -0.000147748 0.623419642 -0.021284696 0.000103078 0.999773443 25.489143372
0.999776542 0.001813739 0.021060862 0.224739224 -0.001819617 0.999998331 0.000259956 0.637028575 -0.021060353 -0.000298221 0.999778152 25.985147476
0.999782801 0.001852203 0.020758672 0.235114694 -0.001873414 0.999997735 0.001002432 0.647711873 -0.020756768 -0.001041104 0.999783993 26.483152390
0.999783218 0.001861476 0.020736938 0.243361175 -0.001891452 0.999997199 0.001426045 0.658362091 -0.020734226 -0.001464958 0.999783933 26.975452423
0.999779582 0.001840209 0.020921195 0.254953682 -0.001872521 0.999997079 0.001524982 0.672967613 -0.020918326 -0.001563821 0.999779880 27.495006561
0.999776781 0.001621470 0.021066841 0.263450086 -0.001659630 0.999997020 0.001794030 0.686346054 -0.021063864 -0.001828593 0.999776483 28.000806808
0.999772489 0.000356364 0.021326568 0.275706589 -0.000399034 0.999997854 0.001996549 0.699583411 -0.021325817 -0.002004605 0.999770582 28.513734818
0.999769151 -0.000732717 0.021473281 0.288690478 0.000696459 0.999998331 0.001695912 0.714385152 -0.021474484 -0.001680565 0.999767900 29.034025192
0.999757528 -0.001268589 0.021979727 0.299323797 0.001241675 0.999998450 0.001238094 0.726571500 -0.021981265 -0.001210502 0.999757648 29.557853699
0.999743521 -0.001603694 0.022590550 0.308255136 0.001605476 0.999998629 -0.000060755 0.740986049 -0.022590425 0.000097008 0.999744713 30.077951431
0.999736369 -0.002102387 0.022863893 0.322499126 0.002140431 0.999996364 -0.001639608 0.750213742 -0.022860363 0.001688115 0.999737263 30.614322662
0.999730766 -0.002948572 0.023015808 0.334151834 0.003010701 0.999991834 -0.002665189 0.759848237 -0.023007764 0.002733765 0.999731541 31.136175156
0.999724030 -0.003433613 0.023240518 0.347099066 0.003507549 0.999988914 -0.003141337 0.766205847 -0.023229470 0.003221987 0.999724984 31.659666061
0.999710500 -0.004468350 0.023639398 0.366023451 0.004543546 0.999984801 -0.003128246 0.793825507 -0.023625057 0.003234747 0.999715686 32.203205109
0.999705017 -0.004411073 0.023877490 0.377972156 0.004397597 0.999990165 0.000616872 0.805594027 -0.023879979 -0.000511686 0.999714613 32.753253937
0.999700487 -0.003988062 0.024151878 0.385584056 0.003865252 0.999979377 0.005129460 0.819387496 -0.024171840 -0.005034568 0.999695122 33.304347992
0.999679983 -0.006047359 0.024559820 0.403310269 0.005850962 0.999950409 0.008060695 0.833713949 -0.024607355 -0.007914416 0.999665856 33.864711761
0.999669671 -0.006798078 0.024785891 0.420782298 0.006581556 0.999939561 0.008806913 0.855484307 -0.024844263 -0.008640876 0.999653995 34.428401947
0.999655485 -0.007485240 0.025154116 0.440480620 0.007258994 0.999932408 0.009073678 0.871032238 -0.025220342 -0.008887961 0.999642432 34.993797302
0.999649107 -0.006391493 0.025703490 0.452955723 0.006163052 0.999940813 0.008956916 0.888633490 -0.025759216 -0.008795363 0.999629498 35.542724609
0.999646723 -0.004085198 0.026263464 0.460348219 0.003726404 0.999899268 0.013695770 0.915166616 -0.026316764 -0.013593061 0.999561250 36.115745544
0.999627829 -0.005444554 0.026728777 0.476599097 0.004848907 0.999739587 0.022299275 0.941169381 -0.026843233 -0.022161376 0.999394000 36.683998108
0.999597192 -0.006777031 0.027559049 0.495092869 0.005920828 0.999500871 0.031031761 0.979645252 -0.027755601 -0.030856093 0.999138415 37.276081085
0.999587476 -0.006321218 0.028013468 0.515854597 0.005220747 0.999218285 0.039184108 1.005080581 -0.028239256 -0.039021682 0.998839259 37.855381012
0.999569237 -0.003747016 0.029108416 0.526008427 0.002544271 0.999145746 0.041247174 1.033496380 -0.029238109 -0.041155338 0.998724878 38.421188354
0.999534845 -0.001451190 0.030462416 0.539911687 0.000325007 0.999317348 0.036942013 1.068192840 -0.030495230 -0.036914937 0.998853028 38.997814178
0.999505401 -0.000785621 0.031438071 0.553319037 -0.000195411 0.999513388 0.031189995 1.100136995 -0.031447284 -0.031180708 0.999018848 39.554172516
0.999480665 -0.001998029 0.032166585 0.573562384 0.001087385 0.999598801 0.028302899 1.131413221 -0.032210235 -0.028253224 0.999081731 40.119583130
0.999418557 -0.001342034 0.034069613 0.591908574 0.000492584 0.999689102 0.024928929 1.165910482 -0.034092478 -0.024897650 0.999108434 40.695121765
0.999365628 -0.001451442 0.035584193 0.611334085 0.000599137 0.999712884 0.023950752 1.195953369 -0.035608750 -0.023914240 0.999079645 41.278160095
0.999341369 -0.000627993 0.036280349 0.630916238 -0.000213687 0.999731183 0.023190793 1.219006777 -0.036285151 -0.023183275 0.999072552 41.846595764
0.999290884 -0.000844411 0.037641618 0.650708497 -0.000007349 0.999743998 0.022622271 1.246404886 -0.037651092 -0.022606496 0.999035180 42.437091827
0.999225557 -0.000778787 0.039338574 0.672905564 -0.000040373 0.999783278 0.020818226 1.273372173 -0.039346255 -0.020803688 0.999009073 43.011596680
0.999143839 -0.000825653 0.041361328 0.695468783 0.000034892 0.999817312 0.019115448 1.297884226 -0.041369550 -0.019097636 0.998961389 43.596290588
0.999067605 -0.000613635 0.043172214 0.720690608 -0.000173441 0.999833822 0.018224966 1.324279308 -0.043176237 -0.018215455 0.998901427 44.179126740
0.998964489 -0.000667554 0.045491863 0.744050264 -0.000182682 0.999825358 0.018683132 1.350758791 -0.045496386 -0.018672094 0.998789966 44.763778687
0.998854876 -0.000407426 0.047840841 0.774234891 -0.000489877 0.999824226 0.018742777 1.386640072 -0.047840081 -0.018744748 0.998679042 45.367866516
0.998736143 -0.001117154 0.050247755 0.805657029 0.000204112 0.999834776 0.018172266 1.403436899 -0.050259758 -0.018139036 0.998571455 45.945198059
0.998620808 -0.001691799 0.052475050 0.836171031 0.000753850 0.999839723 0.017888846 1.428471327 -0.052496903 -0.017824614 0.998462141 46.529655457
0.998506486 -0.002247158 0.054585952 0.870125532 0.001297178 0.999847114 0.017432574 1.449559689 -0.054616787 -0.017335728 0.998356819 47.110816956
0.998374999 -0.002812303 0.056914940 0.901496410 0.001849163 0.999854326 0.016968040 1.472438931 -0.056954358 -0.016835224 0.998234749 47.687469482
0.998257041 -0.003011999 0.058939196 0.938428164 0.002011106 0.999852896 0.017033746 1.501618385 -0.058981813 -0.016885523 0.998116374 48.279663086
0.998150647 -0.003566351 0.060684394 0.969669461 0.002470107 0.999832511 0.018130131 1.525071383 -0.060738891 -0.017946701 0.997992337 48.857082367
0.998054326 -0.003449820 0.062253464 1.006237268 0.002253937 0.999811769 0.019269908 1.551378489 -0.062308222 -0.019092096 0.997874320 49.436809540
0.997958541 -0.003011573 0.063794240 1.044172525 0.001755400 0.999803662 0.019737903 1.578318357 -0.063841172 -0.019585624 0.997767866 50.029106140
0.997889698 -0.003453252 0.064840332 1.085543394 0.002128829 0.999787927 0.020483915 1.602437496 -0.064897306 -0.020302655 0.997685313 50.595436096
0.997848570 -0.002664349 0.065508679 1.122540236 0.001185109 0.999743700 0.022609327 1.631313324 -0.065552130 -0.022483042 0.997595847 51.190837860
0.997817993 -0.002579215 0.065974556 1.158702850 0.000973626 0.999702871 0.024357067 1.657173276 -0.066017777 -0.024239676 0.997523963 51.766422272
0.997801065 -0.002044996 0.066248380 1.191153049 0.000322087 0.999661624 0.026007047 1.684390426 -0.066279151 -0.025928523 0.997464180 52.347370148
0.997826576 -0.001884914 0.065867893 1.227498531 0.000096754 0.999631643 0.027140321 1.708384991 -0.065894797 -0.027074959 0.997459114 52.924900055
0.997897983 -0.001928164 0.064776212 1.263781548 0.000151938 0.999624074 0.027414704 1.736957073 -0.064804725 -0.027347237 0.997523189 53.498435974
0.997967541 -0.000786399 0.063718207 1.297389984 -0.001001676 0.999606729 0.028025437 1.763118505 -0.063715160 -0.028032301 0.997574329 54.082630157
0.998024106 0.001688143 0.062808417 1.328258276 -0.003417940 0.999617517 0.027443606 1.797908545 -0.062738046 -0.027604055 0.997648358 54.659164429
0.998085976 0.002343674 0.061797131 1.358006001 -0.004120819 0.999581039 0.028645970 1.825172067 -0.061704099 -0.028845793 0.997677565 55.248146057
0.998152077 0.001779437 0.060739543 1.390020132 -0.003538069 0.999577165 0.028858393 1.852314234 -0.060662523 -0.029019963 0.997736394 55.829578400
0.998203516 0.001426663 0.059895985 1.424675107 -0.003078396 0.999617159 0.027493484 1.880000591 -0.059833832 -0.027628476 0.997825921 56.407203674
0.998240113 0.001804227 0.059274059 1.456884980 -0.003361982 0.999651313 0.026191343 1.908666015 -0.059206136 -0.026344527 0.997898102 56.984260559
0.998297334 0.002916892 0.058257379 1.486223698 -0.004397116 0.999670327 0.025296358 1.933886170 -0.058164384 -0.025509447 0.997981071 57.555240631
0.998385429 0.003532513 0.056692638 1.516673207 -0.004948868 0.999678552 0.024862142 1.969345093 -0.056586597 -0.025102565 0.998081982 58.140697479
0.998456836 0.004024498 0.055385783 1.541455865 -0.005450177 0.999657035 0.025613973 1.995226383 -0.055263709 -0.025876306 0.998136461 58.718418121
0.998521268 0.003801418 0.054229449 1.571676254 -0.005335351 0.999588847 0.028169325 2.023174047 -0.054100074 -0.028417004 0.998131096 59.309371948
0.998613238 0.003664881 0.052516583 1.602071285 -0.005346250 0.999476433 0.031911343 2.057511568 -0.052372139 -0.032147851 0.998110056 59.899616241
0.998681426 0.004043405 0.051176440 1.627526641 -0.005878482 0.999343097 0.035758302 2.093482256 -0.050998241 -0.036011979 0.998049259 60.484745026
0.998741448 0.003497666 0.050035618 1.655215383 -0.005424716 0.999246597 0.038429759 2.119912148 -0.049863514 -0.038652822 0.998007953 61.070137024
0.998807013 0.004213823 0.048647996 1.679450870 -0.006119697 0.999216795 0.039094634 2.152709723 -0.048445143 -0.039345700 0.998050570 61.658767700
0.998880565 0.004785827 0.047060821 1.701005220 -0.006587393 0.999248266 0.038201381 2.188092232 -0.046842612 -0.038468629 0.998161256 62.239765167
0.998950660 0.005243586 0.045498446 1.723536968 -0.006962048 0.999265015 0.037693795 2.225599766 -0.045267355 -0.037970994 0.998252928 62.827640533
