1.000000000 0.000000000 0.000000000 0.000000000 0.000000000 1.000000000 0.000000000 0.000000000 0.000000000 0.000000000 1.000000000 0.000000000
0.999999940 0.000347980 0.000032865 0.000268679 -0.000347974 0.999999940 -0.000191758 -0.000231879 -0.000032932 0.000191746 1.000000000 0.000896394
1.000000000 0.000099109 0.000017094 -0.000206706 -0.000099106 1.000000000 -0.000218273 -0.000143512 -0.000017116 0.000218271 1.000000000 -0.000991479
1.000000000 -0.000022915 0.000031586 -0.000689105 0.000022914 1.000000000 0.000033350 0.000129061 -0.000031587 -0.000033349 1.000000000 -0.001286006
1.000000000 -0.000150929 0.000003820 -0.000608206 0.000150929 1.000000000 0.000076328 -0.000068396 -0.000003831 -0.000076327 1.000000000 -0.001331383
1.000000000 0.000068308 0.000034049 -0.000546095 -0.000068308 1.000000000 -0.000007321 0.000103073 -0.000034049 0.000007319 1.000000000 -0.000836203
1.000000000 0.000048525 0.000021759 -0.000189693 -0.000048518 0.999999940 -0.000320668 -0.000340306 -0.000021775 0.000320667 0.999999940 0.000021788
1.000000000 0.000021601 0.000046569 -0.000734926 -0.000021599 1.000000000 -0.000028678 -0.000298942 -0.000046570 0.000028677 1.000000000 -0.000370615
0.999999940 -0.000250694 -0.000025972 -0.000261330 0.000250695 0.999999940 0.000072733 0.000025548 0.000025954 -0.000072739 1.000000000 -0.000143763
1.000000000 0.000030252 0.000033037 -0.000269324 -0.000030252 1.000000000 0.000010636 -0.000019585 -0.000033036 -0.000010637 1.000000000 0.000189700
1.000000000 -0.000022697 0.000022123 -0.000171782 0.000022700 1.000000000 -0.000110512 -0.000035808 -0.000022121 0.000110512 1.000000000 -0.000149767
0.999999821 0.000569763 0.000070446 0.000166181 -0.000569748 0.999999821 -0.000222020 0.000983795 -0.000070572 0.000221980 1.000000000 -0.003594132
1.000000000 0.000205320 0.000037514 -0.000241830 -0.000205321 1.000000000 0.000024965 0.000330594 -0.000037509 -0.000024972 1.000000000 -0.002065906
1.000000000 0.000008341 -0.000009065 0.000406742 -0.000008341 1.000000000 0.000065563 0.000048014 0.000009066 -0.000065562 1.000000000 0.000953212
1.000000000 0.000064066 0.000011170 -0.000181624 -0.000064066 1.000000000 -0.000009724 -0.000076081 -0.000011170 0.000009723 1.000000000 -0.000933433
0.999999940 0.000324707 0.000074798 0.000071118 -0.000324685 0.999999821 -0.000293225 0.000433692 -0.000074893 0.000293201 0.999999940 -0.000316542
1.000000000 0.000095244 0.000128980 -0.000537507 -0.000095217 0.999999940 -0.000210938 0.000259712 -0.000129001 0.000210926 0.999999940 -0.002039612
1.000000000 0.000062986 -0.000024676 0.000027157 -0.000062981 1.000000000 0.000179359 0.000308571 0.000024688 -0.000179357 1.000000000 -0.001128821
1.000000000 0.000103568 -0.000029472 0.000423134 -0.000103566 1.000000000 0.000074438 0.000385195 0.000029480 -0.000074435 1.000000000 0.000174349
0.999999940 0.000398404 0.000092172 0.000092142 -0.000398377 0.999999881 -0.000297700 0.000345058 -0.000092291 0.000297663 0.999999881 -0.000031476
0.999999881 0.000449363 0.000091205 -0.000028449 -0.000449333 0.999999940 -0.000326374 0.000437520 -0.000091352 0.000326333 0.999999881 -0.001041097
0.999999940 0.000224878 0.000023149 -0.000076714 -0.000224876 0.999999881 -0.000070038 0.000471330 -0.000023165 0.000070033 1.000000000 -0.001990225
1.000000000 0.000109276 0.000009003 -0.000405137 -0.000109277 1.000000000 0.000132888 0.000497597 -0.000008989 -0.000132889 1.000000000 -0.002335619
1.000000000 0.000143465 0.000074492 -0.000030474 -0.000143463 1.000000000 -0.000024975 0.000396864 -0.000074496 0.000024964 1.000000000 -0.000937709
0.999999881 0.000411553 0.000042862 0.000541662 -0.000411539 0.999999821 -0.000326533 0.000480988 -0.000042996 0.000326516 0.999999881 0.000456010
0.999999881 0.000447474 0.000048231 0.000322137 -0.000447458 0.999999762 -0.000331604 0.000479763 -0.000048380 0.000331583 0.999999881 0.000092166
1.000000000 0.000189723 0.000092864 0.000013626 -0.000189708 1.000000000 -0.000167662 0.000248185 -0.000092896 0.000167644 1.000000000 -0.000778041
1.000000000 -0.000162512 0.000031976 -0.000441378 0.000162510 1.000000000 0.000068142 0.000427446 -0.000031987 -0.000068137 1.000000000 -0.002480704
1.000000000 0.000124146 0.000024605 -0.000997436 -0.000124150 1.000000000 0.000152361 0.000313009 -0.000024586 -0.000152364 1.000000000 -0.004244743
1.000000000 0.000046075 0.000039155 0.000228481 -0.000046071 1.000000000 -0.000095445 0.000086973 -0.000039159 0.000095444 1.000000000 0.000383863
1.000000000 0.000207122 0.000051678 0.000055528 -0.000207109 0.999999940 -0.000256926 0.000337848 -0.000051731 0.000256915 0.999999940 -0.000836704
1.000000000 0.000085122 0.000025277 0.000651778 -0.000085114 0.999999881 -0.000310223 0.000337664 -0.000025303 0.000310221 0.999999881 0.000834852
1.000000000 0.000200327 0.000045443 -0.000040260 -0.000200328 1.000000000 0.000016903 0.000502123 -0.000045440 -0.000016913 1.000000000 -0.001325290
1.000000000 0.000111748 0.000031066 -0.000413539 -0.000111753 1.000000000 0.000181215 0.000553451 -0.000031046 -0.000181219 1.000000000 -0.002153815
1.000000000 0.000141858 0.000068214 -0.000112672 -0.000141857 1.000000000 -0.000016455 0.000308988 -0.000068217 0.000016445 1.000000000 -0.000999801
1.000000000 -0.000008518 0.000094530 0.000081106 0.000008541 1.000000000 -0.000242797 0.000259761 -0.000094528 0.000242797 1.000000000 -0.000302588
1.000000000 0.000175124 0.000095012 0.000087986 -0.000175101 1.000000000 -0.000242974 0.000322991 -0.000095054 0.000242957 1.000000000 -0.000246247
1.000000000 -0.000060289 0.000033309 -0.000171711 0.000060289 1.000000000 0.000020791 0.000295952 -0.000033310 -0.000020789 1.000000000 -0.001880564
1.000000000 -0.000102535 0.000027837 0.000197799 0.000102532 1.000000000 0.000121004 0.000412631 -0.000027850 -0.000121001 1.000000000 -0.000595419
1.000000000 0.000097358 0.000089814 -0.000105943 -0.000097353 1.000000000 -0.000057225 0.000385255 -0.000089819 0.000057216 1.000000000 -0.000757603
1.000000000 0.000206825 0.000099820 0.000341800 -0.000206799 1.000000000 -0.000261436 0.000377285 -0.000099874 0.000261415 0.999999940 0.000353469
1.000000000 0.000237124 0.000120049 -0.000075874 -0.000237103 1.000000000 -0.000170929 0.000282194 -0.000120089 0.000170901 1.000000000 -0.000935665
1.000000000 -0.000150462 0.000029062 -0.000227408 0.000150460 1.000000000 0.000060725 0.000421526 -0.000029071 -0.000060720 1.000000000 -0.001773984
1.000000000 0.000030614 0.000062398 -0.000288612 -0.000030620 1.000000000 0.000099915 0.000330783 -0.000062395 -0.000099917 1.000000000 -0.002136279
1.000000000 0.000096214 0.000128309 -0.000022374 -0.000096184 1.000000000 -0.000230478 0.000257498 -0.000128331 0.000230465 1.000000000 -0.000527144
1.000000000 0.000178304 0.000121881 0.000045743 -0.000178272 1.000000000 -0.000261935 0.000400938 -0.000121928 0.000261913 0.999999940 -0.000293907
1.000000000 0.000180248 0.000090708 -0.000000770 -0.000180245 1.000000000 -0.000035679 0.000356257 -0.000090714 0.000035662 1.000000000 -0.001055300
1.000000000 0.000090677 0.000060125 -0.000201906 -0.000090685 1.000000000 0.000129732 0.000620547 -0.000060113 -0.000129737 1.000000000 -0.001877375
1.000000000 0.000074224 0.000069790 -0.000187462 -0.000074222 1.000000000 -0.000018513 0.000358087 -0.000069791 0.000018508 1.000000000 -0.001847965
0.999999940 0.000368848 0.000100034 0.000380312 -0.000368821 0.999999940 -0.000267159 0.000448796 -0.000100132 0.000267122 0.999999940 0.000810290
1.000000000 0.000098732 0.000140349 0.000053730 -0.000098694 1.000000000 -0.000269289 0.000286799 -0.000140376 0.000269275 0.999999940 -0.000075300
1.000000000 0.000047120 0.000082903 -0.000196024 -0.000047114 1.000000000 -0.000074530 0.000401750 -0.000082907 0.000074526 1.000000000 -0.001724860
1.000000000 0.000153981 0.000046723 -0.000244433 -0.000153986 1.000000000 0.000105948 0.000432948 -0.000046706 -0.000105955 1.000000000 -0.001954042
1.000000000 0.000088206 0.000046478 -0.000175472 -0.000088209 1.000000000 0.000045844 0.000439988 -0.000046474 -0.000045848 1.000000000 -0.001725608
1.000000000 0.000051958 0.000099485 -0.000108203 -0.000051939 1.000000000 -0.000185193 0.000169105 -0.000099494 0.000185188 1.000000000 -0.000843522
1.000000000 0.000205819 0.000109984 0.000210321 -0.000205789 1.000000000 -0.000272414 0.000355923 -0.000110041 0.000272391 0.999999940 0.000131155
1.000000000 0.000231925 0.000115709 -0.000293296 -0.000231901 1.000000000 -0.000210711 0.000328224 -0.000115758 0.000210684 1.000000000 -0.001491424
1.000000000 0.000118583 0.000072096 -0.000144246 -0.000118584 1.000000000 0.000007984 0.000596525 -0.000072095 -0.000007993 1.000000000 -0.001217698
1.000000000 0.000104594 0.000045151 -0.000099240 -0.000104598 1.000000000 0.000088694 0.000436994 -0.000045142 -0.000088699 1.000000000 -0.001159422
1.000000000 -0.000036458 0.000049624 -0.000131848 0.000036459 1.000000000 -0.000008629 0.000417760 -0.000049623 0.000008631 1.000000000 -0.001919388
1.000000000 -0.000033446 0.000117189 -0.000010393 0.000033468 1.000000000 -0.000187361 0.000247393 -0.000117182 0.000187365 1.000000000 -0.000433062
1.000000000 -0.000060290 0.000092833 0.000283986 0.000060318 0.999999940 -0.000303670 0.000299386 -0.000092815 0.000303676 0.999999940 0.000231007
0.999999940 -0.000337157 0.000042354 -0.000180417 0.000337159 0.999999940 -0.000041042 0.000463715 -0.000042340 0.000041056 1.000000000 -0.001942661
1.000000000 -0.000220899 0.000099524 -0.000705594 0.000220879 0.999999940 0.000196182 0.000705763 -0.000099567 -0.000196160 1.000000000 -0.003118871
1.000000000 -0.000488777 0.000072526 -0.000315018 0.000488765 0.999999940 0.000172018 0.000543095 -0.000072610 -0.000171983 1.000000000 -0.002455234
0.999999821 -0.000666917 0.000054322 0.000024114 0.000666916 0.999999821 0.000024490 0.000406041 -0.000054338 -0.000024454 1.000000000 -0.000960857
0.999999821 -0.000703857 0.000050354 0.000217413 0.000703859 0.999999821 -0.000048516 0.000400762 -0.000050320 0.000048551 1.000000000 -0.000333600
0.999999642 -0.000848031 0.000036855 -0.000324737 0.000848019 0.999999583 0.000321995 0.000433808 -0.000037128 -0.000321964 0.999999940 -0.001695271
0.999999583 -0.000874616 0.000177536 0.000229291 0.000874477 0.999999404 0.000780515 0.000716238 -0.000178219 -0.000780360 0.999999702 -0.000244336
0.999999046 -0.001382183 0.000290858 0.000020941 0.001381880 0.999998510 0.001039601 0.000603759 -0.000292294 -0.001039198 0.999999464 -0.001238755
0.999998391 -0.001781571 0.000177607 0.000427180 0.001781384 0.999997795 0.001048202 0.000543174 -0.000179474 -0.001047884 0.999999404 -0.000317527
0.999998510 -0.001718694 0.000205671 0.000318874 0.001718510 0.999998152 0.000887879 0.000218125 -0.000207197 -0.000887524 0.999999583 -0.000361185
0.999998629 -0.001650810 0.000237337 0.000484227 0.001650650 0.999998331 0.000672720 0.000454750 -0.000238447 -0.000672327 0.999999762 0.001081302
0.999999166 -0.001253400 0.000197890 0.000218455 0.001253247 0.999998868 0.000771591 0.000490619 -0.000198857 -0.000771342 0.999999702 -0.000179276
0.999999106 -0.001265230 0.000237115 -0.000318335 0.001264978 0.999998510 0.001060259 0.000298261 -0.000238456 -0.001059959 0.999999464 -0.001766506
0.999998629 -0.001642376 0.000167496 0.000085780 0.001642196 0.999998093 0.001069838 0.000056212 -0.000169252 -0.001069562 0.999999404 -0.000781183
0.999998331 -0.001841508 0.000298703 -0.001450464 0.001841242 0.999997973 0.000890938 -0.000000009 -0.000300343 -0.000890386 0.999999583 -0.005712612
0.999997914 -0.002036626 0.000236374 -0.000047260 0.002036449 0.999997616 0.000743418 0.000110540 -0.000237887 -0.000742935 0.999999702 -0.001681973
0.999998510 -0.001712117 0.000090826 0.000107494 0.001712051 0.999998271 0.000713160 0.000232716 -0.000092047 -0.000713004 0.999999762 -0.001137818
0.999998808 -0.001538305 0.000219850 0.000203889 0.001538089 0.999998331 0.000978776 -0.000022719 -0.000221355 -0.000978436 0.999999523 -0.000422401
0.999998808 -0.001540827 0.000185440 0.000201486 0.001540600 0.999998093 0.001217664 0.000068253 -0.000187316 -0.001217377 0.999999225 -0.001198199
0.999998808 -0.001540677 0.000125325 0.000351630 0.001540504 0.999997854 0.001373621 0.000158653 -0.000127442 -0.001373426 0.999999046 -0.000645553
0.999998748 -0.001578378 0.000246914 0.000044948 0.001578092 0.999998093 0.001153353 0.000167968 -0.000248734 -0.001152962 0.999999285 -0.001807394
0.999998093 -0.001947926 0.000207346 -0.000106156 0.001947739 0.999997675 0.000895734 0.000148613 -0.000209091 -0.000895329 0.999999583 -0.000744494
0.999997735 -0.002101886 0.000142110 0.000148127 0.002101761 0.999997377 0.000876835 -0.000049109 -0.000143953 -0.000876535 0.999999583 -0.000586061
0.999997795 -0.002087018 0.000158548 0.000324259 0.002086858 0.999997318 0.001004556 -0.000128428 -0.000160645 -0.001004223 0.999999464 -0.000802787
0.999998331 -0.001853232 0.000177629 -0.000266617 0.001853000 0.999997497 0.001299019 0.000063513 -0.000180036 -0.001298688 0.999999166 -0.002471815
0.999998569 -0.001703634 0.000170515 0.000283966 0.001703401 0.999997616 0.001356176 0.000380005 -0.000172825 -0.001355884 0.999999046 0.000195049
0.999998033 -0.001977116 0.000194314 -0.000185320 0.001976878 0.999997258 0.001216552 0.000092711 -0.000196719 -0.001216165 0.999999225 -0.001793108
0.999998212 -0.001909583 0.000242643 -0.000703294 0.001909347 0.999997735 0.000965055 0.000042786 -0.000244485 -0.000964590 0.999999523 -0.002365073
0.999998629 -0.001665914 0.000199107 0.001143721 0.001665784 0.999998391 0.000648903 0.000437967 -0.000200188 -0.000648571 0.999999762 0.002768842
0.999998987 -0.001417140 0.000155593 0.000270860 0.001417018 0.999998689 0.000779069 0.000250101 -0.000156696 -0.000778848 0.999999702 -0.000199531
0.999998868 -0.001487719 0.000220664 -0.000064663 0.001487493 0.999998391 0.001019711 0.000121281 -0.000222181 -0.001019382 0.999999464 -0.000762082
0.999999046 -0.001386111 0.000225465 -0.000105807 0.001385859 0.999998450 0.001115515 0.000073523 -0.000227011 -0.001115201 0.999999344 -0.001564733
0.999999106 -0.001360028 0.000209619 0.000006264 0.001359841 0.999998689 0.000891531 0.000153473 -0.000210831 -0.000891245 0.999999583 -0.001055443
0.999999166 -0.001257521 0.000219437 0.000295785 0.001257384 0.999998987 0.000624169 0.000543330 -0.000220222 -0.000623892 0.999999762 -0.000200291
0.999998927 -0.001455771 0.000155504 0.000068070 0.001455667 0.999998748 0.000667565 0.000347277 -0.000156476 -0.000667338 0.999999762 -0.001082304
0.999999046 -0.001365774 0.000238325 -0.000424388 0.001365554 0.999998689 0.000920378 0.000255176 -0.000239581 -0.000920052 0.999999523 -0.002850749
0.999998868 -0.001507167 0.000225124 -0.000717170 0.001506939 0.999998391 0.001005263 0.000479563 -0.000226639 -0.001004923 0.999999464 -0.004081150
0.999999106 -0.001328160 0.000116935 -0.000017827 0.001328061 0.999998748 0.000841085 0.000138191 -0.000118052 -0.000840929 0.999999642 -0.001214646
0.999999583 -0.000863274 0.000232408 0.000079189 0.000863134 0.999999464 0.000601126 0.000612761 -0.000232927 -0.000600925 0.999999821 -0.000773214
0.999999583 -0.000872322 0.000174867 -0.000274848 0.000872214 0.999999464 0.000613730 0.000822774 -0.000175402 -0.000613578 0.999999821 -0.001836820
1.000000000 -0.000062959 0.000019673 -0.000292933 0.000062962 1.000000119 -0.000113383 0.000814444 -0.000019666 0.000113384 1.000000000 -0.002393996
0.999999940 -0.000112868 0.000167980 -0.000152255 0.000112663 0.999999225 0.001219678 0.000799580 -0.000168117 -0.001219659 0.999999225 -0.000529381
0.999999940 -0.000347694 0.000165209 0.001092443 0.000347557 0.999999583 0.000831116 0.000692491 -0.000165498 -0.000831058 0.999999583 0.004251738
0.999999642 -0.000851817 0.000174322 -0.000697195 0.000851714 0.999999464 0.000591485 0.000260545 -0.000174826 -0.000591336 0.999999821 -0.003240006
0.999999821 -0.000643292 0.000168283 -0.000475074 0.000643156 0.999999523 0.000809050 0.000367774 -0.000168804 -0.000808941 0.999999642 -0.002051938
0.999999821 -0.000646564 0.000224652 -0.000526557 0.000646426 0.999999642 0.000616572 0.000327175 -0.000225051 -0.000616427 0.999999821 -0.002562227
0.999999583 -0.000876820 0.000160923 -0.000626530 0.000876791 0.999999583 0.000176465 0.000384239 -0.000161078 -0.000176323 1.000000000 -0.003131660
0.999999583 -0.000943622 0.000179688 -0.000372130 0.000943548 0.999999523 0.000411934 0.000369634 -0.000180077 -0.000411764 0.999999881 -0.002730059
0.999999583 -0.000927272 0.000128516 -0.000085876 0.000927191 0.999999404 0.000632685 0.000339643 -0.000129102 -0.000632566 0.999999821 -0.001546693
0.999999642 -0.000825243 0.000161328 -0.000464055 0.000825127 0.999999404 0.000718558 0.000451433 -0.000161921 -0.000718425 0.999999762 -0.002782463
0.999999464 -0.001022793 0.000296770 -0.001204801 0.001022722 0.999999464 0.000237362 0.000217998 -0.000297013 -0.000237058 0.999999940 -0.004410478
0.999999523 -0.000907040 0.000334192 -0.000368950 0.000907304 0.999999285 -0.000792202 0.000284929 -0.000333473 0.000792505 0.999999583 -0.002954822
0.999999523 -0.000990775 0.000366469 0.000093578 0.000991658 0.999996603 -0.002417637 0.000407508 -0.000364072 0.002417999 0.999997020 -0.000466596
0.999999464 -0.001036644 0.000412680 0.000861964 0.001038334 0.999991000 -0.004116669 0.000348845 -0.000408409 0.004117095 0.999991417 0.004189123
0.999999583 -0.000927784 0.000388244 0.002809403 0.000929809 0.999985874 -0.005248794 -0.000268881 -0.000383368 0.005249152 0.999986172 0.014604707
0.999999762 -0.000647891 0.000226524 0.008968145 0.000649151 0.999984205 -0.005604338 -0.000000818 -0.000222889 0.005604484 0.999984205 0.065834664
0.999999821 -0.000531822 0.000165061 0.015824884 0.000532691 0.999985754 -0.005311204 0.001442389 -0.000162234 0.005311291 0.999985874 0.149805799
0.999999821 -0.000229411 0.000609548 0.007992712 0.000232447 0.999987602 -0.004984688 0.009402860 -0.000608397 0.004984830 0.999987423 0.204656422
0.999999523 -0.000489954 0.000845058 0.002374710 0.000494256 0.999986947 -0.005098407 0.005127964 -0.000842549 0.005098823 0.999986708 0.223057270
0.999999821 -0.000363974 0.000403163 0.009926812 0.000365967 0.999987721 -0.004953288 0.006102646 -0.000401355 0.004953434 0.999987721 0.282059133
0.999999583 0.000040985 0.000908789 0.000832933 -0.000036518 0.999987900 -0.004914814 0.011015891 -0.000908979 0.004914778 0.999987483 0.361621350
0.999999404 0.000452516 0.000887825 0.002623967 -0.000448359 0.999988973 -0.004676463 0.010734431 -0.000889931 0.004676061 0.999988616 0.428322703
0.999999464 0.000375601 0.000970562 0.000143558 -0.000371096 0.999989092 -0.004638040 0.012715640 -0.000972294 0.004637678 0.999988735 0.523656070
0.999999523 0.000237764 0.000952631 0.000412564 -0.000233785 0.999991238 -0.004175243 0.010221172 -0.000953616 0.004175018 0.999990821 0.614775002
0.999999344 0.000528287 0.001024873 0.000134629 -0.000524000 0.999991119 -0.004178722 0.016882692 -0.001027072 0.004178182 0.999990761 0.716146648
0.999999166 0.000584663 0.001134282 -0.000524127 -0.000580114 0.999991834 -0.004006353 0.018229203 -0.001136615 0.004005692 0.999991357 0.820944071
0.999999344 0.000427947 0.001062757 -0.000973490 -0.000423629 0.999991715 -0.004059988 0.020590520 -0.001064486 0.004059536 0.999991179 0.933206797
0.999999583 0.000079429 0.000866811 -0.000733915 -0.000076026 0.999992371 -0.003924328 0.023795500 -0.000867116 0.003924261 0.999991953 1.053865671
0.999999583 0.000166707 0.000881656 -0.001853327 -0.000163344 0.999992669 -0.003812862 0.025997225 -0.000882285 0.003812716 0.999992311 1.176583648
0.999999702 0.000164136 0.000741836 -0.001197020 -0.000161529 0.999993801 -0.003512881 0.027120624 -0.000742407 0.003512760 0.999993503 1.295301318
0.999999762 0.000273757 0.000602188 -0.002491908 -0.000271478 0.999992788 -0.003780601 0.031290457 -0.000603219 0.003780437 0.999992669 1.440986037
0.999999881 0.000331987 0.000335433 -0.002394285 -0.000330682 0.999992371 -0.003883220 0.033867497 -0.000336720 0.003883108 0.999992371 1.582879066
0.999999821 0.000578886 0.000177041 -0.003365779 -0.000578206 0.999992549 -0.003815695 0.037485197 -0.000179248 0.003815592 0.999992669 1.728589773
0.999999583 0.000997135 -0.000055077 -0.005380008 -0.000997329 0.999992847 -0.003651411 0.041192014 0.000051435 0.003651464 0.999993324 1.881928802
0.999999583 0.000723002 -0.000462549 -0.005578789 -0.000724647 0.999993324 -0.003564870 0.044438630 0.000459969 0.003565205 0.999993563 2.037707567
0.999999404 0.000858917 -0.000567492 -0.006039066 -0.000860772 0.999994278 -0.003277310 0.048185702 0.000564674 0.003277796 0.999994397 2.201263666
0.999999762 0.000403775 -0.000743766 -0.006773988 -0.000406414 0.999993622 -0.003551761 0.051901191 0.000742327 0.003552062 0.999993384 2.370703459
0.999999404 0.000288833 -0.001058032 -0.008507509 -0.000292839 0.999992788 -0.003787637 0.054612312 0.001056930 0.003787945 0.999992311 2.543763876
0.999999285 0.000337277 -0.001142052 -0.011789065 -0.000342899 0.999987721 -0.004926348 0.057543114 0.001140376 0.004926736 0.999987125 2.723904848
0.999999166 0.000364843 -0.001225259 -0.013207439 -0.000373340 0.999975801 -0.006941368 0.062051982 0.001222697 0.006941820 0.999975145 2.912328482
0.999998808 0.000367982 -0.001510245 -0.014343502 -0.000380625 0.999964833 -0.008379593 0.065792814 0.001507108 0.008380159 0.999963760 3.118794680
0.999998629 0.000289641 -0.001610499 -0.016963398 -0.000303170 0.999964654 -0.008406339 0.073017508 0.001608007 0.008406818 0.999963343 3.338269949
0.999998033 0.000049140 -0.001997425 -0.016102418 -0.000066148 0.999963820 -0.008515709 0.076347470 0.001996934 0.008515823 0.999961793 3.573910475
0.999997497 0.000331778 -0.002248934 -0.019617517 -0.000349875 0.999967635 -0.008050943 0.080815993 0.002246190 0.008051707 0.999965131 3.825958014
0.999996185 0.000034514 -0.002740848 -0.020347320 -0.000056072 0.999969006 -0.007865637 0.089175083 0.002740491 0.007865760 0.999965310 4.082660675
0.999994755 0.000479416 -0.003200018 -0.024677763 -0.000499604 0.999979973 -0.006310693 0.094343811 0.003196929 0.006312258 0.999974906 4.356378078
0.999992371 0.001074797 -0.003748851 -0.027118400 -0.001092806 0.999987841 -0.004805053 0.101957709 0.003743641 0.004809114 0.999981403 4.639373779
0.999990284 0.001159561 -0.004251346 -0.030369747 -0.001172658 0.999994576 -0.003079484 0.108293325 0.004247752 0.003084440 0.999986231 4.926188946
0.999988556 0.001708357 -0.004459071 -0.035956148 -0.001715742 0.999997139 -0.001652929 0.115094289 0.004456234 0.001660561 0.999988616 5.218466759
0.999987841 0.001462940 -0.004703869 -0.037450157 -0.001467315 0.999998510 -0.000927014 0.121765003 0.004702505 0.000933905 0.999988496 5.506595135
0.999987006 0.001169924 -0.004944761 -0.041448981 -0.001173418 0.999998987 -0.000703726 0.127144113 0.004943932 0.000709519 0.999987543 5.797044754
0.999984384 0.001006728 -0.005502167 -0.041614607 -0.001008757 0.999999344 -0.000365979 0.133126557 0.005501796 0.000371523 0.999984801 6.092935085
0.999982476 0.001065455 -0.005827394 -0.045534328 -0.001063525 0.999999285 0.000334217 0.142350063 0.005827746 -0.000328013 0.999982953 6.391124725
0.999980211 0.000631557 -0.006262514 -0.046393014 -0.000624755 0.999999166 0.001088028 0.147018388 0.006263196 -0.001084094 0.999979734 6.682998657
0.999978423 0.000469422 -0.006564090 -0.050076120 -0.000462412 0.999999285 0.001069302 0.156587765 0.006564589 -0.001066244 0.999977827 6.981617451
0.999976754 0.000788932 -0.006769896 -0.053240482 -0.000781534 0.999999106 0.001095340 0.163362011 0.006770755 -0.001090023 0.999976397 7.281308651
0.999975979 0.000300361 -0.006917879 -0.053687315 -0.000292411 0.999999285 0.001150083 0.170890987 0.006918221 -0.001148032 0.999975383 7.579102516
0.999976993 0.000653203 -0.006755689 -0.061771505 -0.000645491 0.999999166 0.001143702 0.177326858 0.006756430 -0.001139315 0.999976516 7.885638237
0.999978602 0.000321343 -0.006538250 -0.062829770 -0.000312099 0.999998927 0.001414860 0.183289066 0.006538698 -0.001412788 0.999977648 8.200240135
0.999980509 0.000603245 -0.006215320 -0.069108047 -0.000599546 0.999999642 0.000597025 0.194184050 0.006215679 -0.000593287 0.999980450 8.504983902
0.999984026 0.001390710 -0.005488462 -0.069801107 -0.001396121 0.999998510 -0.000982070 0.202677771 0.005487088 0.000989717 0.999984443 8.822904587
0.999990463 0.001964882 -0.003913200 -0.074550159 -0.001974935 0.999994636 -0.002566740 0.206145093 0.003908137 0.002574443 0.999989033 9.137193680
0.999995291 0.002281383 -0.002006158 -0.076727219 -0.002289263 0.999989688 -0.003934087 0.214565814 0.001997162 0.003938661 0.999990284 9.472824097
0.999998212 0.001860270 -0.000307690 -0.076838814 -0.001861351 0.999991953 -0.003551711 0.216027647 0.000301080 0.003552277 0.999993622 9.816996574
0.999998748 0.001239474 0.000959937 -0.068064176 -0.001236012 0.999992728 -0.003599415 0.234274492 -0.000964392 0.003598225 0.999993086 10.154721260
0.999995291 0.001146979 0.002819573 -0.069426708 -0.001136949 0.999993026 -0.003556350 0.242462441 -0.002823632 0.003553128 0.999989629 10.513038635
0.999989271 0.001425095 0.004418611 -0.067027599 -0.001406611 0.999990284 -0.004183524 0.253383070 -0.004424530 0.004177263 0.999981523 10.879602432
0.999980867 0.001255127 0.006051770 -0.064414896 -0.001232769 0.999992430 -0.003696748 0.254734963 -0.006056365 0.003689217 0.999974847 11.251565933
0.999969661 0.001273818 0.007687708 -0.058010943 -0.001248547 0.999993801 -0.003291156 0.270752579 -0.007691854 0.003281458 0.999965012 11.626999855
0.999951780 0.001331238 0.009728860 -0.054752603 -0.001307836 0.999996185 -0.002411396 0.279476672 -0.009732036 0.002398555 0.999949753 12.007247925
0.999930620 0.001761193 0.011649735 -0.048885405 -0.001750037 0.999997973 -0.000967754 0.292486548 -0.011651415 0.000947299 0.999931693 12.387518883
0.999910772 0.000193383 0.013356516 -0.044767976 -0.000194751 0.999999940 0.000101097 0.295634985 -0.013356498 -0.000103689 0.999910712 12.779982567
0.999888539 0.000360293 0.014927208 -0.037114382 -0.000360236 1.000000000 -0.000006502 0.307816029 -0.014927206 0.000001124 0.999888599 13.165507317
0.999866188 -0.000045277 0.016357409 -0.027595013 0.000036100 0.999999821 0.000561314 0.320606083 -0.016357427 -0.000560649 0.999866009 13.556555748
0.999839664 0.000192619 0.017907877 -0.020436898 -0.000208208 0.999999583 0.000868636 0.333873481 -0.017907701 -0.000872225 0.999839306 13.947691917
0.999810219 -0.000649929 0.019471196 -0.013513565 0.000610768 0.999997795 0.002017084 0.339153856 -0.019472465 -0.002004808 0.999808371 14.328757286
0.999788761 -0.001033774 0.020527540 -0.000177950 0.000995617 0.999997735 0.001868907 0.352824479 -0.020529423 -0.001848075 0.999787509 14.717534065
0.999761820 -0.003022511 0.021612575 0.007535785 0.002966820 0.999992132 0.002608378 0.356427163 -0.021620290 -0.002543637 0.999762952 15.105099678
0.999744475 -0.003827441 0.022280399 0.016139627 0.003758895 0.999988079 0.003117579 0.367446184 -0.022292066 -0.003033033 0.999746799 15.497263908
0.999740958 -0.004769560 0.022255387 0.027310312 0.004679622 0.999980628 0.004091565 0.377812862 -0.022274476 -0.003986358 0.999743879 15.889078140
0.999740601 -0.005431153 0.022119250 0.040225208 0.005329453 0.999974966 0.004654198 0.387591660 -0.022143977 -0.004535108 0.999744475 16.283174515
0.999720752 -0.006577415 0.022695847 0.044322520 0.006471379 0.999967813 0.004742301 0.396343589 -0.022726305 -0.004594102 0.999731183 16.680662155
0.999715269 -0.007015504 0.022803836 0.052887350 0.006936298 0.999969602 0.003550626 0.409370184 -0.022828057 -0.003391442 0.999733627 17.076122284
0.999725282 -0.007276446 0.022275968 0.066683173 0.007202676 0.999968231 0.003390068 0.421029270 -0.022299929 -0.003228690 0.999746084 17.483423233
0.999716878 -0.007847873 0.022463551 0.069332302 0.007755411 0.999961078 0.004200210 0.430333555 -0.022495640 -0.004024807 0.999738812 17.891042709
0.999718964 -0.007437562 0.022506993 0.077522904 0.007347511 0.999964654 0.004081042 0.443307281 -0.022536546 -0.003914526 0.999738336 18.301759720
0.999716580 -0.007361346 0.022639522 0.085238963 0.007290692 0.999968231 0.003201826 0.454793334 -0.022662370 -0.003035861 0.999738574 18.716678619
0.999723494 -0.006741967 0.022528067 0.092235923 0.006693183 0.999975085 0.002240202 0.466926575 -0.022542613 -0.002088798 0.999743700 19.133441925
0.999719262 -0.007796143 0.022371210 0.102984160 0.007759787 0.999968410 0.001711478 0.477473855 -0.022383846 -0.001537402 0.999748290 19.558706284
0.999719441 -0.007955655 0.022310285 0.111437380 0.007925573 0.999967575 0.001436462 0.488019437 -0.022320988 -0.001259238 0.999750078 19.987367630
0.999723971 -0.007340277 0.022313088 0.118855000 0.007327053 0.999973059 0.000674295 0.500742733 -0.022317434 -0.000510620 0.999750733 20.423294067
0.999734998 -0.006043876 0.022212047 0.126268297 0.006049239 0.999981701 -0.000174249 0.511379600 -0.022210587 0.000308569 0.999753296 20.863370895
0.999741197 -0.004773573 0.022243127 0.131830752 0.004795512 0.999988019 -0.000933107 0.523760557 -0.022238405 0.001039532 0.999752104 21.307456970
0.999746680 -0.003953514 0.022158373 0.138722956 0.003977378 0.999991536 -0.001033024 0.534204364 -0.022154104 0.001120895 0.999753892 21.760149002
0.999751985 -0.003859306 0.021931116 0.147325963 0.003897685 0.999990940 -0.001707504 0.545511246 -0.021924322 0.001792561 0.999758005 22.219493866
0.999757648 -0.003428063 0.021745317 0.155007660 0.003464431 0.999992669 -0.001635005 0.555833399 -0.021739548 0.001709944 0.999762118 22.677545547
0.999754727 -0.002427830 0.022012409 0.161834359 0.002463525 0.999995708 -0.001594620 0.567320406 -0.022008440 0.001648457 0.999756455 23.148418427
0.999756336 -0.001375446 0.022032509 0.169127077 0.001408049 0.999997914 -0.001464352 0.579378724 -0.022030449 0.001495018 0.999756157 23.621057510
0.999759853 -0.000717033 0.021903375 0.176361769 0.000743362 0.999998987 -0.001193941 0.591330647 -0.021902494 0.001209937 0.999759316 24.097967148
0.999769807 0.000157717 0.021454364 0.184770435 -0.000144319 0.999999762 -0.000625999 0.602152884 -0.021454457 0.000622759 0.999769568 24.573894501
0.999770701 0.000541630 0.021406494 0.193821967 -0.000538679 0.999999762 -0.000143614 0.613467813 -0.021406565 0.000132050 0.999770820 25.059801102
0.999767542 0.000706493 0.021549683 0.202381790 -0.000710423 0.999999702 0.000174743 0.623842120 -0.021549553 -0.000190012 0.999767780 25.549722672
0.999773324 0.000347840 0.021286510 0.213964671 -0.000362442 0.999999702 0.000682120 0.635818601 -0.021286266 -0.000689681 0.999773145 26.044445038
0.999774694 0.000931901 0.021205740 0.220186055 -0.000958847 0.999998689 0.001260523 0.649710655 -0.021204539 -0.001280572 0.999774337 26.541866302
0.999775290 0.000769038 0.021180835 0.228745222 -0.000801831 0.999998510 0.001539758 0.663681567 -0.021179616 -0.001556395 0.999774456 27.045415878
0.999771237 0.000794691 0.021373531 0.237849563 -0.000831051 0.999998331 0.001692330 0.677617610 -0.021372143 -0.001709706 0.999770105 27.555267334
0.999769807 0.000735031 0.021444168 0.248236388 -0.000778452 0.999997675 0.002016605 0.689997971 -0.021442639 -0.002032834 0.999768019 28.065778732
0.999770284 -0.000535813 0.021426111 0.261159450 0.000485235 0.999997139 0.002365727 0.700797915 -0.021427315 -0.002354787 0.999767721 28.585172653
0.999761999 -0.001551090 0.021761278 0.275271982 0.001511532 0.999997139 0.001834132 0.719877660 -0.021764060 -0.001800803 0.999761522 29.107666016
0.999742448 -0.002477901 0.022561355 0.283301383 0.002447636 0.999996006 0.001368976 0.733254850 -0.022564661 -0.001313401 0.999744475 29.633989334
0.999737382 -0.002767837 0.022746833 0.300279230 0.002764519 0.999996185 0.000177297 0.743953824 -0.022747237 -0.000114367 0.999741256 30.159767151
0.999723256 -0.003698280 0.023230053 0.311608523 0.003731043 0.999992192 -0.001367237 0.756732762 -0.023224812 0.001453531 0.999729216 30.680347443
0.999716997 -0.004269864 0.023401335 0.323070228 0.004331581 0.999987304 -0.002587268 0.772126555 -0.023389988 0.002687900 0.999722779 31.237539291
0.999711692 -0.004853319 0.023514844 0.336755931 0.004935243 0.999982059 -0.003427122 0.787219584 -0.023497786 0.003542186 0.999717593 31.771291733
0.999696374 -0.004994241 0.024124792 0.346126884 0.005060028 0.999983668 -0.002666709 0.804883659 -0.024111077 0.002787973 0.999705374 32.333839417
0.999699295 -0.004410313 0.024121905 0.363483399 0.004399409 0.999990284 0.000505076 0.821099043 -0.024123896 -0.000398802 0.999708891 32.862915039
0.999693334 -0.005386855 0.024169508 0.381374449 0.005270298 0.999974132 0.004883604 0.840428293 -0.024195187 -0.004754726 0.999696076 33.427452087
0.999672651 -0.006643701 0.024706347 0.393724293 0.006452892 0.999948740 0.007794809 0.855388641 -0.024756873 -0.007632832 0.999664366 33.982101440
0.999657154 -0.007480341 0.025091585 0.408123136 0.007261758 0.999934912 0.008791223 0.867581487 -0.025155714 -0.008605999 0.999646485 34.538284302
0.999641478 -0.008109338 0.025518524 0.424170852 0.007880657 0.999927938 0.009049219 0.882582426 -0.025590066 -0.008844871 0.999633372 35.099357605
0.999636352 -0.006270621 0.026223443 0.433942378 0.006041064 0.999942839 0.008823894 0.906332135 -0.026277274 -0.008662270 0.999617159 35.670959473
0.999632716 -0.004252178 0.026763277 0.441504717 0.003888133 0.999899328 0.013639767 0.932411253 -0.026818587 -0.013530697 0.999548733 36.241802216
0.999619126 -0.005482920 0.027045842 0.465262055 0.004884697 0.999743044 0.022135586 0.961364985 -0.027160259 -0.021995045 0.999389112 36.818279266
0.999587536 -0.006503481 0.027972342 0.481574953 0.005637344 0.999505579 0.030932263 0.997934341 -0.028159676 -0.030761817 0.999130070 37.392765045
0.999582589 -0.006180405 0.028221251 0.512088239 0.005079746 0.999229848 0.038907565 1.029595494 -0.028439987 -0.038747974 0.998844206 38.022850037
0.999568284 -0.003815327 0.029131515 0.524655700 0.002618927 0.999155819 0.040997177 1.056374073 -0.029263340 -0.040903177 0.998734474 38.588718414
0.999535620 -0.000900230 0.030457538 0.525583863 -0.000209368 0.999336958 0.036408197 1.082702518 -0.030470122 -0.036397673 0.998872757 39.104324341
0.999494851 -0.001871728 0.031726833 0.552694380 0.000878368 0.999509811 0.031294841 1.118273139 -0.031769861 -0.031251162 0.999006510 39.731678009
0.999471307 -0.002166644 0.032441035 0.571860909 0.001262771 0.999611259 0.027856626 1.160054922 -0.032488775 -0.027800933 0.999085367 40.309143066
0.999403417 -0.002838507 0.034418728 0.595552266 0.001987495 0.999692142 0.024734288 1.191470385 -0.034478340 -0.024651125 0.999101341 40.897312164
0.999350607 -0.001388756 0.036005516 0.605800629 0.000539546 0.999721706 0.023584552 1.219868422 -0.036028251 -0.023549808 0.999073207 41.463150024
0.999329329 -0.000775286 0.036610778 0.627009213 -0.000057245 0.999741554 0.022733510 1.244199395 -0.036618941 -0.022720363 0.999070942 42.038948059
0.999279737 -0.001119430 0.037930142 0.647909582 0.000276156 0.999752760 0.022230230 1.268112659 -0.037945654 -0.022203742 0.999033093 42.624027252
0.999203682 -0.000926539 0.039888255 0.666277409 0.000114916 0.999792993 0.020344902 1.296746492 -0.039898854 -0.020324115 0.998996973 43.195968628
0.999120355 -0.001092530 0.041918457 0.688388109 0.000297189 0.999819934 0.018975070 1.316495299 -0.041931633 -0.018945919 0.998940825 43.779357910
0.999049842 -0.000461823 0.043579806 0.715840101 -0.000313970 0.999841571 0.017793128 1.346929550 -0.043581121 -0.017789908 0.998891473 44.368877411
0.998958170 -0.001305885 0.045617592 0.745658636 0.000466947 0.999830604 0.018396497 1.369858265 -0.045633890 -0.018356031 0.998789549 44.950012207
0.998841465 -0.000726230 0.048116174 0.771329641 -0.000177917 0.999823511 0.018783966 1.395036936 -0.048121318 -0.018770769 0.998665035 45.528404236
0.998712540 -0.001496306 0.050706364 0.801237702 0.000589207 0.999839544 0.017899478 1.419660568 -0.050725013 -0.017846560 0.998553097 46.109401703
0.998601198 -0.002094002 0.052831601 0.834173918 0.001167059 0.999844909 0.017570015 1.443913937 -0.052860189 -0.017483776 0.998448849 46.702873230
0.998490989 -0.002461822 0.054859951 0.874955773 0.001535707 0.999855638 0.016917191 1.474946976 -0.054893680 -0.016807418 0.998350739 47.293090820
0.998338342 -0.002688655 0.057560269 0.888911605 0.001729115 0.999858737 0.016713489 1.482980251 -0.057597075 -0.016586188 0.998202085 47.843017578
0.998237610 -0.003156919 0.059260901 0.937641501 0.002178093 0.999860287 0.016574565 1.517349958 -0.059304938 -0.016416280 0.998104930 48.440761566
0.998138130 -0.003835402 0.060872238 0.977337360 0.002761131 0.999839067 0.017722266 1.544921160 -0.060930427 -0.017521197 0.997988224 49.040622711
0.998014927 -0.003843927 0.062859438 0.998291969 0.002643593 0.999812722 0.019167550 1.557561398 -0.062921345 -0.018963328 0.997838199 49.565944672
0.997935236 -0.003735669 0.064118207 1.048440933 0.002499166 0.999809504 0.019354122 1.592750788 -0.064178295 -0.019153921 0.997754633 50.199764252
0.997865796 -0.004435467 0.065147035 1.089197159 0.003129448 0.999792337 0.020135641 1.617415667 -0.065222815 -0.019888798 0.997672498 50.774276733
0.997818232 -0.003889090 0.065904543 1.125208616 0.002425358 0.999748886 0.022275362 1.642139792 -0.065974616 -0.022066921 0.997577310 51.350948334
0.997797787 -0.003796250 0.066220917 1.166538715 0.002223213 0.999713838 0.023811929 1.673991084 -0.066292375 -0.023612263 0.997520804 51.937526703
0.997793198 -0.003241949 0.066319205 1.203464270 0.001559159 0.999675870 0.025410129 1.699944019 -0.066380091 -0.025250657 0.997474849 52.518363953
0.997820795 -0.003090002 0.065910257 1.239803314 0.001349138 0.999649465 0.026440809 1.727020979 -0.065968856 -0.026294269 0.997475207 53.104293823
0.997889876 -0.002996893 0.064858757 1.277239323 0.001254104 0.999637485 0.026894573 1.754605770 -0.064915843 -0.026756486 0.997531891 53.677661896
0.997960508 -0.001883259 0.063804381 1.309812546 0.000145092 0.999629021 0.027235819 1.783783317 -0.063831992 -0.027171016 0.997590721 54.256446838
0.998024046 0.000366784 0.062831096 1.340625286 -0.002069470 0.999632299 0.027036484 1.811507940 -0.062798075 -0.027113086 0.997657895 54.831451416
0.998084366 0.001108336 0.061857652 1.371047020 -0.002849085 0.999602199 0.028060103 1.841713428 -0.061801940 -0.028182590 0.997690380 55.415267944
0.998149037 0.000536936 0.060812473 1.404628515 -0.002254356 0.999600410 0.028176161 1.869775057 -0.060773045 -0.028261097 0.997751594 55.997180939
0.998204887 0.000168821 0.059891384 1.439441800 -0.001776146 0.999639750 0.026785120 1.897179604 -0.059865281 -0.026843419 0.997845531 56.569477081
0.998235703 0.000535447 0.059373349 1.469753623 -0.002059480 0.999669850 0.025610428 1.922303438 -0.059340034 -0.025687521 0.997907281 57.152297974
0.998293936 0.001984721 0.058354318 1.498027802 -0.003425605 0.999691427 0.024602337 1.950746298 -0.058287483 -0.024760265 0.997992694 57.731555939
0.998383820 0.002529427 0.056775052 1.524585247 -0.003929795 0.999690473 0.024567124 1.976905584 -0.056695338 -0.024750534 0.998084724 58.309410095
0.998467028 0.002599855 0.055288196 1.555176139 -0.003997883 0.999674678 0.025190642 2.005896091 -0.055204719 -0.025373064 0.998152554 58.898521423
0.998534501 0.002270665 0.054070141 1.584969997 -0.003766351 0.999612629 0.027576150 2.036942005 -0.053986575 -0.027739387 0.998156309 59.481193542
0.998619616 0.002006819 0.052485429 1.613006711 -0.003664647 0.999496639 0.031509306 2.068303823 -0.052395783 -0.031658150 0.998124480 60.071643829
0.998690665 0.002641491 0.051087637 1.638804317 -0.004447508 0.999367833 0.035270035 2.102678299 -0.050962180 -0.035451066 0.998071194 60.651649475
0.998750210 0.002269765 0.049926877 1.663901567 -0.004164065 0.999273956 0.037870258 2.130625486 -0.049804669 -0.038030833 0.998034656 61.220508575
0.998817861 0.002403117 0.048548535 1.690556526 -0.004269494 0.999254167 0.038376499 2.165839672 -0.048420101 -0.038538411 0.998083293 61.815750122
0.998893321 0.002961632 0.046939392 1.712245703 -0.004726060 0.999284685 0.037523203 2.199197531 -0.046794686 -0.037703518 0.998192668 62.401176453
