1.000000000 0.000000000 0.000000000 0.000000000 0.000000000 1.000000000 0.000000000 0.000000000 0.000000000 0.000000000 1.000000000 0.000000000
1.000000000 -0.000050089 0.000025745 0.000104697 0.000050094 1.000000000 -0.000213286 -0.000083298 -0.000025735 0.000213287 1.000000000 0.000571496
1.000000000 -0.000097037 0.000019947 -0.000073095 0.000097042 1.000000000 -0.000202331 -0.000007975 -0.000019928 0.000202333 1.000000000 0.000372714
1.000000000 -0.000065070 -0.000012871 -0.000117913 0.000065071 1.000000000 0.000030980 -0.000030060 0.000012869 -0.000030981 1.000000000 -0.000283479
1.000000000 -0.000069918 -0.000024781 -0.000132520 0.000069920 1.000000000 0.000084115 0.000078983 0.000024775 -0.000084116 1.000000000 -0.000107552
1.000000000 -0.000121977 0.000010363 -0.000267312 0.000121977 1.000000000 -0.000025352 0.000149957 -0.000010360 0.000025354 1.000000000 -0.000232634
1.000000000 -0.000102447 0.000006845 -0.000143583 0.000102449 0.999999940 -0.000334818 0.000007481 -0.000006811 0.000334818 0.999999940 0.000399367
1.000000000 -0.000089374 -0.000014844 -0.000347166 0.000089374 1.000000000 -0.000050511 0.000131646 0.000014849 0.000050510 1.000000000 -0.000292729
1.000000000 -0.000154395 -0.000024767 -0.000149748 0.000154398 1.000000000 0.000090961 0.000014399 0.000024753 -0.000090965 1.000000000 -0.000116362
1.000000000 -0.000026028 0.000006106 -0.000177305 0.000026028 1.000000000 -0.000027166 0.000159386 -0.000006105 0.000027167 1.000000000 0.000653566
1.000000000 -0.000018000 0.000008895 0.000049454 0.000018001 1.000000000 -0.000118259 0.000157765 -0.000008893 0.000118259 1.000000000 0.000612409
0.999999940 0.000285113 0.000052174 0.000198693 -0.000285101 0.999999940 -0.000227989 0.000555175 -0.000052239 0.000227974 1.000000000 -0.001103250
1.000000000 0.000175676 0.000015580 0.000099558 -0.000175676 1.000000000 0.000020640 0.000183741 -0.000015576 -0.000020642 1.000000000 -0.000187240
1.000000000 -0.000105879 0.000005032 0.000117649 0.000105878 1.000000000 0.000101433 -0.000037321 -0.000005043 -0.000101432 1.000000000 0.000400747
1.000000000 0.000024571 -0.000015940 -0.000091029 -0.000024571 1.000000000 -0.000030488 -0.000019730 0.000015939 0.000030489 1.000000000 -0.000203040
1.000000000 -0.000046024 0.000055313 0.000295826 0.000046038 0.999999940 -0.000241703 0.000024072 -0.000055302 0.000241705 0.999999940 0.001350511
1.000000000 -0.000122062 0.000035461 0.000039629 0.000122068 1.000000000 -0.000161273 0.000101088 -0.000035441 0.000161277 1.000000000 0.000279804
1.000000000 -0.000061575 -0.000019131 0.000167562 0.000061578 1.000000000 0.000144480 0.000029578 0.000019122 -0.000144481 1.000000000 0.000808342
1.000000000 0.000049609 -0.000005012 0.000057754 -0.000049609 1.000000000 0.000043094 0.000080156 0.000005014 -0.000043094 1.000000000 0.000355223
1.000000000 0.000010786 0.000047283 0.000173953 -0.000010776 1.000000000 -0.000210486 -0.000047270 -0.000047285 0.000210485 1.000000000 0.000843288
1.000000000 0.000031655 0.000055932 0.000421852 -0.000031642 1.000000000 -0.000237047 -0.000029194 -0.000055940 0.000237045 1.000000000 0.001570827
1.000000000 0.000042030 -0.000006765 -0.000007606 -0.000042031 1.000000000 -0.000019614 0.000198032 0.000006764 0.000019614 1.000000000 0.000019835
1.000000000 0.000030114 -0.000024802 -0.000021387 -0.000030112 1.000000000 0.000109051 0.000049392 0.000024806 -0.000109050 1.000000000 0.000159288
1.000000000 -0.000069021 0.000033384 -0.000014635 0.000069022 1.000000000 -0.000019482 0.000057925 -0.000033383 0.000019485 1.000000000 0.000320962
1.000000000 0.000042291 0.000026715 0.000300123 -0.000042285 1.000000000 -0.000233849 -0.000010691 -0.000026725 0.000233848 1.000000000 0.001927736
1.000000000 0.000133519 0.000019029 0.000241476 -0.000133514 0.999999940 -0.000252438 -0.000005915 -0.000019063 0.000252435 0.999999940 0.001126680
1.000000000 -0.000139185 0.000021023 0.000032578 0.000139188 1.000000000 -0.000126948 0.000089718 -0.000021005 0.000126951 1.000000000 0.000550796
1.000000000 -0.000181052 -0.000016152 0.000064100 0.000181053 1.000000000 0.000091315 0.000032931 0.000016135 -0.000091318 1.000000000 0.000523026
1.000000000 0.000100603 -0.000012457 0.000018362 -0.000100602 1.000000000 0.000131740 0.000060822 0.000012471 -0.000131738 1.000000000 0.000783224
1.000000000 -0.000158733 -0.000014194 0.000412152 0.000158732 1.000000000 -0.000068161 -0.000049792 0.000014205 0.000068158 1.000000000 0.001683900
1.000000000 -0.000185079 0.000049426 0.000108595 0.000185088 0.999999940 -0.000190035 -0.000123071 -0.000049391 0.000190044 1.000000000 0.000996947
0.999999940 -0.000285089 0.000050182 -0.000070361 0.000285101 0.999999940 -0.000231996 -0.000033697 -0.000050116 0.000232010 1.000000000 0.000687740
1.000000000 0.000030099 -0.000009042 0.000074454 -0.000030099 1.000000000 0.000035063 0.000284110 0.000009043 -0.000035063 1.000000000 0.001142354
1.000000000 -0.000000309 -0.000006135 0.000250738 0.000000311 1.000000000 0.000165270 0.000213273 0.000006135 -0.000165270 1.000000000 0.001573812
1.000000000 -0.000143847 0.000007485 0.000061402 0.000143847 1.000000000 -0.000000694 -0.000000219 -0.000007485 0.000000695 1.000000000 0.000631666
0.999999940 -0.000268049 0.000088698 -0.000362701 0.000268069 0.999999940 -0.000226918 0.000099696 -0.000088638 0.000226942 1.000000000 -0.000078599
1.000000000 -0.000166168 0.000064811 -0.000016883 0.000166184 0.999999940 -0.000240649 0.000093554 -0.000064771 0.000240660 0.999999940 0.000315507
1.000000000 -0.000122153 0.000001526 0.000011068 0.000122153 1.000000000 0.000010116 0.000210495 -0.000001527 -0.000010116 1.000000000 0.000434029
1.000000000 -0.000106472 0.000000608 0.000400094 0.000106472 1.000000000 0.000152068 -0.000008902 -0.000000625 -0.000152068 1.000000000 0.001724690
0.999999940 -0.000277694 0.000025976 0.000019875 0.000277696 0.999999940 -0.000066117 0.000321251 -0.000025958 0.000066124 1.000000000 0.000728424
1.000000000 -0.000052076 0.000082093 -0.000039423 0.000052096 1.000000000 -0.000235059 0.000410479 -0.000082081 0.000235063 0.999999940 -0.000147990
1.000000000 -0.000202453 0.000071382 0.000204079 0.000202464 0.999999940 -0.000144896 -0.000301162 -0.000071352 0.000144910 1.000000000 0.001664278
1.000000000 -0.000172566 0.000022240 -0.000063499 0.000172565 1.000000000 0.000061268 0.000241345 -0.000022251 -0.000061264 1.000000000 0.000411216
1.000000000 -0.000086134 0.000028857 -0.000021302 0.000086131 1.000000000 0.000100845 0.000086329 -0.000028866 -0.000100843 1.000000000 0.000605109
1.000000000 -0.000144106 0.000112462 -0.000465100 0.000144130 0.999999940 -0.000214407 0.000149601 -0.000112431 0.000214423 1.000000000 -0.000254362
1.000000000 -0.000051474 0.000093781 -0.000078848 0.000051496 1.000000000 -0.000234718 0.000257012 -0.000093769 0.000234723 0.999999940 -0.000105287
1.000000000 -0.000013127 0.000056259 0.000055228 0.000013128 1.000000000 -0.000021450 0.000186975 -0.000056258 0.000021451 1.000000000 0.000336464
1.000000000 -0.000176406 0.000027544 0.000005863 0.000176403 1.000000000 0.000116496 0.000034402 -0.000027565 -0.000116491 1.000000000 0.000490277
1.000000000 -0.000112995 0.000040787 0.000024459 0.000112996 1.000000000 -0.000029331 0.000228403 -0.000040784 0.000029335 1.000000000 0.000344572
1.000000000 0.000159059 0.000080958 0.000301727 -0.000159040 0.999999940 -0.000235285 0.000116850 -0.000080995 0.000235272 0.999999940 0.001769425
1.000000000 -0.000003947 0.000091466 0.000204222 0.000003969 1.000000000 -0.000238680 0.000081941 -0.000091465 0.000238681 0.999999940 0.001223849
1.000000000 -0.000074444 0.000048035 -0.000020961 0.000074448 1.000000000 -0.000078403 0.000416826 -0.000048029 0.000078407 1.000000000 0.000562381
1.000000000 0.000091227 0.000012510 -0.000080926 -0.000091228 1.000000000 0.000108189 0.000107632 -0.000012500 -0.000108190 1.000000000 0.000140143
1.000000000 -0.000053928 0.000034910 -0.000004035 0.000053927 1.000000000 0.000037759 0.000226424 -0.000034912 -0.000037757 1.000000000 0.000998677
1.000000000 -0.000167734 0.000077598 0.000153437 0.000167747 1.000000000 -0.000171923 -0.000066484 -0.000077569 0.000171936 1.000000000 0.001226706
1.000000000 -0.000146226 0.000075661 0.000158033 0.000146243 0.999999940 -0.000230993 0.000035998 -0.000075628 0.000231004 1.000000000 0.001230912
1.000000000 -0.000068636 0.000091730 0.000027944 0.000068654 1.000000000 -0.000191930 -0.000075608 -0.000091717 0.000191936 1.000000000 0.000566273
1.000000000 -0.000069354 0.000020114 0.000057509 0.000069353 1.000000000 0.000032636 0.000133559 -0.000020116 -0.000032635 1.000000000 0.000734739
1.000000000 -0.000076983 0.000001989 0.000283239 0.000076983 1.000000000 0.000073805 0.000230020 -0.000001994 -0.000073805 1.000000000 0.001164498
1.000000000 -0.000066363 0.000066602 -0.000008841 0.000066361 1.000000000 0.000027307 0.000164276 -0.000066603 -0.000027303 1.000000000 0.000470388
0.999999940 -0.000292185 0.000064796 0.000171484 0.000292196 0.999999940 -0.000159215 0.000093874 -0.000064749 0.000159234 1.000000000 0.001018449
0.999999940 -0.000367009 0.000085680 0.000183213 0.000367035 0.999999881 -0.000307490 0.000382482 -0.000085567 0.000307521 0.999999940 0.001424820
0.999999940 -0.000264983 0.000007248 0.000028090 0.000264983 0.999999940 0.000010529 0.000110190 -0.000007251 -0.000010527 1.000000000 0.000280690
0.999999881 -0.000480248 0.000017742 0.000089575 0.000480244 0.999999881 0.000222375 -0.000094337 -0.000017849 -0.000222367 1.000000000 0.000524218
0.999999821 -0.000606162 0.000037239 -0.000225454 0.000606156 0.999999821 0.000162391 0.000403454 -0.000037338 -0.000162369 1.000000000 -0.000033139
0.999999523 -0.000950310 0.000026392 0.000124489 0.000950309 0.999999523 0.000033398 0.000182197 -0.000026424 -0.000033373 1.000000000 0.000862993
0.999999702 -0.000762600 0.000059834 0.000153441 0.000762599 0.999999702 0.000018980 0.000004525 -0.000059849 -0.000018934 1.000000000 0.000951722
0.999999523 -0.000956407 0.000049021 -0.000418993 0.000956391 0.999999464 0.000322769 0.000166280 -0.000049330 -0.000322722 0.999999940 -0.000375019
0.999998689 -0.001606891 0.000083371 0.000165480 0.001606827 0.999998391 0.000766631 -0.000015245 -0.000084602 -0.000766496 0.999999702 0.001081413
0.999997497 -0.002222667 0.000157817 0.000179922 0.002222506 0.999997020 0.001016239 -0.000112585 -0.000160076 -0.001015886 0.999999464 0.001377839
0.999996543 -0.002623397 0.000083861 0.000355186 0.002623312 0.999996066 0.000997234 0.000291456 -0.000086477 -0.000997010 0.999999523 0.001010326
0.999996543 -0.002632510 0.000125975 0.000364026 0.002632405 0.999996185 0.000826101 -0.000069045 -0.000128149 -0.000825767 0.999999642 0.001544321
0.999997437 -0.002264306 0.000145850 0.000247023 0.002264215 0.999997258 0.000624287 0.000210455 -0.000147263 -0.000623955 0.999999821 0.001346008
0.999998212 -0.001899593 0.000082074 0.000393314 0.001899535 0.999997973 0.000702320 0.000007195 -0.000083408 -0.000702162 0.999999762 0.001627829
0.999998033 -0.001965834 0.000104464 0.000311392 0.001965726 0.999997556 0.001026975 -0.000266169 -0.000106483 -0.001026768 0.999999464 0.001490518
0.999998033 -0.001970075 0.000077704 0.000347410 0.001969995 0.999997556 0.001017360 0.000261606 -0.000079708 -0.001017205 0.999999464 0.000930696
0.999997377 -0.002277211 0.000172251 0.000783731 0.002277067 0.999997079 0.000832248 0.000217904 -0.000174146 -0.000831854 0.999999642 0.002901134
0.999997318 -0.002310729 0.000179950 0.000771158 0.002310601 0.999997079 0.000708781 0.000670275 -0.000181587 -0.000708363 0.999999762 0.002266906
0.999998033 -0.001997795 0.000035885 0.000286253 0.001997769 0.999997735 0.000695108 -0.000072168 -0.000037273 -0.000695035 0.999999762 0.001477918
0.999998093 -0.001934897 0.000149346 0.000399727 0.001934757 0.999997675 0.000930107 0.000224540 -0.000151145 -0.000929816 0.999999583 0.001460296
0.999998450 -0.001771311 0.000142674 0.000008037 0.001771147 0.999997795 0.001144954 0.000430424 -0.000144702 -0.001144700 0.999999344 0.000375598
0.999997735 -0.002120179 0.000035161 0.000056109 0.002120132 0.999996901 0.001289087 0.000358982 -0.000037894 -0.001289010 0.999999166 0.000612614
0.999998152 -0.001922737 0.000152192 0.000351302 0.001922567 0.999997556 0.001106527 0.000434669 -0.000154320 -0.001106232 0.999999404 0.001067121
0.999997795 -0.002097788 0.000150743 0.000300683 0.002097657 0.999997437 0.000858794 0.000294410 -0.000152545 -0.000858476 0.999999642 0.001114983
0.999996841 -0.002522627 0.000087325 0.000332295 0.002522554 0.999996483 0.000827478 -0.000125917 -0.000089412 -0.000827255 0.999999642 0.001755800
0.999997020 -0.002442943 0.000117815 -0.000536630 0.002442831 0.999996603 0.000937503 0.000267468 -0.000120105 -0.000937213 0.999999583 -0.001565489
0.999997318 -0.002301369 0.000121153 0.000357185 0.002301221 0.999996603 0.001207609 0.000489624 -0.000123932 -0.001207327 0.999999285 0.001330753
0.999996841 -0.002512863 0.000026531 0.001522801 0.002512827 0.999996066 0.001256247 0.000233217 -0.000029688 -0.001256176 0.999999225 0.005061860
0.999997079 -0.002403232 0.000090960 0.000235158 0.002403128 0.999996483 0.001128545 0.000212619 -0.000093672 -0.001128323 0.999999344 0.000637042
0.999997258 -0.002349200 0.000154738 0.000266649 0.002349056 0.999996781 0.000928054 0.000115860 -0.000156917 -0.000927688 0.999999583 0.002427069
0.999997795 -0.002085538 0.000148490 0.000314364 0.002085440 0.999997616 0.000662131 0.000154853 -0.000149870 -0.000661819 0.999999762 0.001432855
0.999998391 -0.001779329 0.000075853 0.000703630 0.001779273 0.999998152 0.000729950 0.000234003 -0.000077151 -0.000729814 0.999999702 0.002723135
0.999998331 -0.001824378 0.000149708 0.000391387 0.001824224 0.999997795 0.001019872 0.000178974 -0.000151569 -0.001019597 0.999999464 0.001458753
0.999998271 -0.001857312 0.000108232 0.000116137 0.001857191 0.999997675 0.001104605 0.000096243 -0.000110284 -0.001104402 0.999999404 0.001187471
0.999998033 -0.001974760 0.000119805 0.000158640 0.001974656 0.999997675 0.000863879 -0.000015144 -0.000121511 -0.000863640 0.999999642 0.001419288
0.999998569 -0.001687398 0.000191762 0.000200475 0.001687280 0.999998391 0.000615565 0.000286331 -0.000192800 -0.000615241 0.999999821 0.001095527
0.999998033 -0.001984332 0.000074983 0.000138812 0.001984282 0.999997795 0.000661544 0.000055840 -0.000076296 -0.000661394 0.999999762 0.000309394
0.999998629 -0.001655162 0.000159708 0.000414632 0.001655016 0.999998212 0.000913369 0.000015975 -0.000161220 -0.000913103 0.999999583 0.001949371
0.999998450 -0.001750220 0.000159728 -0.000040362 0.001750054 0.999997914 0.001033520 -0.000110877 -0.000161536 -0.001033239 0.999999464 0.000127170
0.999998689 -0.001598868 0.000125702 0.000125766 0.001598766 0.999998391 0.000804604 0.000139978 -0.000126988 -0.000804402 0.999999642 0.001065097
0.999998868 -0.001505911 0.000172170 0.000187821 0.001505823 0.999998748 0.000511192 0.000131178 -0.000172939 -0.000510932 0.999999881 0.001394303
0.999998808 -0.001524013 0.000158715 -0.000216838 0.001523933 0.999998689 0.000498468 0.000609818 -0.000159475 -0.000498226 0.999999881 0.000072509
0.999999821 -0.000613359 -0.000012466 0.000002857 0.000613356 0.999999821 -0.000190117 0.000373744 0.000012583 0.000190109 1.000000000 0.000294962
0.999999702 -0.000758065 0.000113545 0.000145818 0.000757931 0.999999046 0.001172320 -0.000046487 -0.000114434 -0.001172234 0.999999285 0.001008829
0.999999225 -0.001251620 0.000119566 -0.000065251 0.001251528 0.999998927 0.000768681 0.000137293 -0.000120528 -0.000768531 0.999999702 0.000456752
0.999998927 -0.001445193 0.000108099 0.000066055 0.001445131 0.999998808 0.000567394 0.000025377 -0.000108919 -0.000567237 0.999999821 0.001444441
0.999999404 -0.001063322 0.000083715 0.000720363 0.001063256 0.999999106 0.000788615 0.000129811 -0.000084553 -0.000788526 0.999999702 0.002944564
0.999999404 -0.001059175 0.000129061 0.000194224 0.001059097 0.999999285 0.000605277 0.000329338 -0.000129702 -0.000605140 0.999999821 0.000561678
0.999999642 -0.000870445 0.000090753 0.000432704 0.000870431 0.999999583 0.000157756 0.000118458 -0.000090890 -0.000157677 1.000000000 0.002204135
0.999999285 -0.001200545 0.000120914 0.000068065 0.001200494 0.999999166 0.000421575 0.000089417 -0.000121420 -0.000421429 0.999999881 0.000680168
0.999999166 -0.001277831 0.000089853 0.000186803 0.001277772 0.999998987 0.000657498 0.000222952 -0.000090693 -0.000657382 0.999999762 0.001458318
0.999999404 -0.001101560 0.000111216 0.000653070 0.001101482 0.999999166 0.000702939 0.000215728 -0.000111991 -0.000702816 0.999999762 0.002896487
0.999999464 -0.001033940 0.000196091 0.000314581 0.001033898 0.999999464 0.000213609 0.000206967 -0.000196312 -0.000213407 0.999999940 0.002005740
0.999998748 -0.001570244 0.000263439 -0.000419405 0.001570465 0.999998391 -0.000840032 0.000219531 -0.000262120 0.000840444 0.999999583 -0.000934099
0.999998868 -0.001469164 0.000353359 0.000421923 0.001470023 0.999995947 -0.002442606 0.000234145 -0.000349769 0.002443123 0.999996960 0.003827494
0.999999106 -0.001306099 0.000367156 0.001414083 0.001307613 0.999990523 -0.004155784 0.000196530 -0.000361724 0.004156260 0.999991298 0.007431616
0.999999404 -0.001043963 0.000336976 0.004709117 0.001045729 0.999985456 -0.005285687 -0.000459739 -0.000331453 0.005286036 0.999985993 0.027382215
0.999999762 -0.000548408 0.000364048 0.010273155 0.000550527 0.999982774 -0.005847449 0.004587540 -0.000360834 0.005847649 0.999982834 0.072134860
0.999999583 -0.000653531 0.000664618 0.003279895 0.000657267 0.999983907 -0.005636226 0.008092574 -0.000660924 0.005636661 0.999983907 0.127236381
0.999998748 -0.001341209 0.000856171 -0.001367584 0.001345365 0.999987245 -0.004872491 0.005167094 -0.000849625 0.004873636 0.999987781 0.174906954
0.999999404 -0.000556254 0.000941187 0.000661234 0.000561404 0.999984741 -0.005480804 0.013644204 -0.000938124 0.005481329 0.999984562 0.229804128
0.999999702 -0.000588889 0.000646577 0.006989101 0.000592319 0.999985635 -0.005318612 0.013787366 -0.000643436 0.005318993 0.999985695 0.288084209
0.999999583 -0.000197657 0.000895165 0.000415950 0.000202217 0.999986947 -0.005096715 0.016859470 -0.000894146 0.005096894 0.999986649 0.367605120
0.999999523 0.000112026 0.000993968 0.000448130 -0.000107073 0.999987602 -0.004982351 0.018063443 -0.000994514 0.004982242 0.999987066 0.444180220
0.999999464 0.000381257 0.000924761 0.001823519 -0.000376783 0.999988258 -0.004833953 0.018174775 -0.000926593 0.004833602 0.999987841 0.532692492
0.999999583 0.000345674 0.000904157 0.001845978 -0.000341490 0.999989331 -0.004624339 0.020373819 -0.000905746 0.004624028 0.999988794 0.625263095
0.999999404 0.000334547 0.001134884 -0.001777686 -0.000329746 0.999991119 -0.004227899 0.019247714 -0.001136288 0.004227523 0.999990344 0.726021409
0.999999344 0.000151754 0.001193169 -0.001817920 -0.000146883 0.999991655 -0.004082031 0.020875495 -0.001193778 0.004081852 0.999990880 0.829770625
0.999999523 0.000291792 0.000943637 0.000955248 -0.000287825 0.999991059 -0.004201166 0.026500326 -0.000944854 0.004200892 0.999990761 0.940633118
0.999999642 -0.000008176 0.000861617 -0.000803494 0.000011770 0.999991357 -0.004170843 0.029837437 -0.000861576 0.004170852 0.999990880 1.059866428
0.999999583 -0.000068079 0.000831980 -0.001473560 0.000071522 0.999991417 -0.004138940 0.033559505 -0.000831691 0.004138999 0.999991000 1.185174942
0.999999642 0.000064048 0.000836215 -0.002515557 -0.000060762 0.999992311 -0.003929630 0.036884353 -0.000836460 0.003929579 0.999991834 1.318345547
0.999999821 -0.000054839 0.000532529 -0.001744291 0.000057033 0.999991477 -0.004121571 0.039083935 -0.000532298 0.004121601 0.999991298 1.454272032
0.999999821 -0.000002723 0.000438878 -0.004069090 0.000004536 0.999991477 -0.004131544 0.039822444 -0.000438863 0.004131546 0.999991298 1.597173452
0.999999821 0.000611675 0.000255681 -0.003783102 -0.000610595 0.999991000 -0.004203842 0.046792939 -0.000258251 0.004203686 0.999991119 1.746946812
0.999999702 0.000771281 -0.000065443 -0.005250085 -0.000771537 0.999991596 -0.004020351 0.049061488 0.000062342 0.004020401 0.999991894 1.900494456
0.999999762 0.000601571 -0.000387522 -0.006413319 -0.000603069 0.999992311 -0.003877874 0.051441636 0.000385186 0.003878108 0.999992311 2.057333946
0.999999762 0.000436509 -0.000531112 -0.006590431 -0.000438457 0.999993086 -0.003672838 0.056087736 0.000529504 0.003673071 0.999993026 2.216379642
0.999999583 0.000325097 -0.000793928 -0.005338444 -0.000328230 0.999992073 -0.003949273 0.061598565 0.000792637 0.003949532 0.999991834 2.381665230
0.999999404 0.000047912 -0.001091531 -0.007164088 -0.000052463 0.999991298 -0.004169486 0.062902547 0.001091322 0.004169540 0.999990702 2.557279110
0.999999285 0.000308370 -0.001263044 -0.008861275 -0.000315153 0.999985516 -0.005373772 0.066973992 0.001261369 0.005374167 0.999984741 2.729959965
0.999998987 0.000371421 -0.001385097 -0.010763658 -0.000381378 0.999974132 -0.007195424 0.069090612 0.001382389 0.007195944 0.999973118 2.921924353
0.999998868 0.000006672 -0.001557487 -0.011755315 -0.000020261 0.999961972 -0.008724738 0.072981998 0.001557369 0.008724760 0.999960721 3.130165339
0.999998510 0.000097055 -0.001730143 -0.013294170 -0.000112098 0.999962151 -0.008697132 0.079862356 0.001729234 0.008697314 0.999960661 3.350588799
0.999998093 0.000023846 -0.001964330 -0.014523409 -0.000041249 0.999960661 -0.008860042 0.084642790 0.001964041 0.008860106 0.999958813 3.584584475
0.999997377 0.000159723 -0.002282323 -0.016291307 -0.000178887 0.999964714 -0.008399034 0.089051954 0.002280901 0.008399420 0.999962151 3.835849285
0.999996245 0.000336317 -0.002739521 -0.018295877 -0.000358479 0.999967217 -0.008093131 0.094991073 0.002736709 0.008094082 0.999963522 4.094750881
0.999994516 0.000759280 -0.003236525 -0.020813921 -0.000780902 0.999977410 -0.006684542 0.103386074 0.003231376 0.006687033 0.999972403 4.368131161
0.999992192 0.001323054 -0.003708785 -0.025668506 -0.001342271 0.999985635 -0.005183672 0.110028848 0.003701873 0.005188609 0.999979675 4.645139217
0.999990284 0.001372728 -0.004187773 -0.029350806 -0.001386892 0.999993324 -0.003381268 0.116069220 0.004183104 0.003387042 0.999985516 4.928526402
0.999988079 0.001671817 -0.004588582 -0.032246441 -0.001681415 0.999996305 -0.002088712 0.124205247 0.004585073 0.002096402 0.999987245 5.223117828
0.999986887 0.001825451 -0.004785498 -0.035794251 -0.001832021 0.999997377 -0.001368757 0.132020280 0.004782987 0.001377507 0.999987602 5.508293152
0.999986768 0.001081785 -0.005031133 -0.038754098 -0.001087748 0.999998689 -0.001182490 0.136763111 0.005029846 0.001187947 0.999986649 5.798057079
0.999984264 0.000977181 -0.005521311 -0.039461181 -0.000982233 0.999999106 -0.000912361 0.143279701 0.005520415 0.000917770 0.999984324 6.097435951
0.999982119 0.000844055 -0.005915815 -0.041872799 -0.000845209 0.999999642 -0.000192577 0.152827397 0.005915651 0.000197573 0.999982417 6.390881538
0.999980152 0.000789385 -0.006241180 -0.044998076 -0.000785700 0.999999464 0.000592976 0.156105295 0.006241645 -0.000588061 0.999980271 6.683661938
0.999977887 0.000803323 -0.006592816 -0.046841957 -0.000799423 0.999999523 0.000594081 0.166353673 0.006593290 -0.000588797 0.999978125 6.981431484
0.999974906 0.000937267 -0.007022770 -0.046751305 -0.000934000 0.999999404 0.000468441 0.174704432 0.007023205 -0.000461870 0.999975204 7.280900478
0.999976277 0.000736954 -0.006841186 -0.053371083 -0.000731995 0.999999464 0.000727319 0.178853273 0.006841717 -0.000722294 0.999976337 7.581644058
0.999975801 0.000964850 -0.006881495 -0.057397820 -0.000961278 0.999999404 0.000522383 0.187887788 0.006881994 -0.000515756 0.999976158 7.887691975
0.999977052 0.000581645 -0.006748257 -0.057706047 -0.000576038 0.999999523 0.000832846 0.194244683 0.006748738 -0.000828940 0.999976873 8.189886093
0.999977589 0.000954442 -0.006624095 -0.059007645 -0.000953590 0.999999523 0.000131874 0.201894432 0.006624218 -0.000125554 0.999978065 8.496412277
0.999981523 0.001448995 -0.005893926 -0.062812835 -0.001456801 0.999998093 -0.001320365 0.210175395 0.005892002 0.001328928 0.999981701 8.814949036
0.999987781 0.002091797 -0.004482359 -0.063040078 -0.002105238 0.999993265 -0.002996058 0.214376688 0.004476063 0.003005458 0.999985397 9.140360832
0.999993026 0.002666998 -0.002592915 -0.065406553 -0.002678926 0.999985814 -0.004607749 0.227373794 0.002580589 0.004614662 0.999985993 9.469639778
0.999996722 0.002268321 -0.001105868 -0.061023757 -0.002273356 0.999986947 -0.004573403 0.235268369 0.001095479 0.004575902 0.999988914 9.805564880
0.999998271 0.001753152 0.000705857 -0.061018124 -0.001750203 0.999989867 -0.004156933 0.244396269 -0.000713137 0.004155691 0.999991119 10.156403542
0.999995470 0.001499958 0.002630476 -0.061861984 -0.001489039 0.999990284 -0.004148141 0.250578135 -0.002636672 0.004144204 0.999987900 10.506947517
0.999989629 0.001942788 0.004127982 -0.057063103 -0.001923215 0.999986947 -0.004740171 0.261347711 -0.004137137 0.004732183 0.999980211 10.866481781
0.999981105 0.002076953 0.005789187 -0.056023225 -0.002051367 0.999988139 -0.004421951 0.269946903 -0.005798302 0.004409991 0.999973476 11.237348557
0.999968827 0.001676461 0.007708358 -0.057787098 -0.001648150 0.999991894 -0.003677577 0.278076351 -0.007714458 0.003664758 0.999963522 11.612386703
0.999953628 0.001595128 0.009494090 -0.049021013 -0.001566904 0.999994278 -0.002979501 0.287601292 -0.009498789 0.002964487 0.999950469 11.994482994
0.999933481 0.001645874 0.011416681 -0.044906437 -0.001630418 0.999997735 -0.001363075 0.295602769 -0.011418898 0.001344371 0.999933898 12.375589371
0.999917448 0.001240684 0.012787871 -0.033215016 -0.001233479 0.999999106 -0.000571252 0.307215750 -0.012788568 0.000555432 0.999918103 12.761917114
0.999890566 0.000882406 0.014767289 -0.032353818 -0.000875664 0.999999523 -0.000463052 0.314771354 -0.014767691 0.000450071 0.999890804 13.150501251
0.999869823 0.000576544 0.016123516 -0.021174222 -0.000581464 0.999999821 0.000300449 0.325603426 -0.016123340 -0.000309785 0.999869943 13.536828995
0.999845743 0.000892119 0.017542988 -0.011248231 -0.000906187 0.999999225 0.000793971 0.336979538 -0.017542265 -0.000809746 0.999845743 13.925641060
0.999816835 0.000118827 0.019135198 -0.004952252 -0.000150845 0.999998569 0.001671807 0.344597608 -0.019134970 -0.001674386 0.999815524 14.307738304
0.999793768 -0.000588088 0.020298764 0.005642086 0.000557472 0.999998808 0.001513909 0.356593192 -0.020299628 -0.001502281 0.999792814 14.696722984
0.999762595 -0.003163002 0.021557137 0.008545429 0.003123496 0.999993324 0.001866077 0.364019364 -0.021562897 -0.001798300 0.999765873 15.085280418
0.999749303 -0.003755475 0.022069158 0.019788563 0.003704823 0.999990344 0.002335609 0.375672936 -0.022077715 -0.002253261 0.999753714 15.475085258
0.999746382 -0.004383585 0.022090500 0.032830179 0.004311895 0.999985218 0.003291887 0.385925442 -0.022104604 -0.003195800 0.999750555 15.870962143
0.999738872 -0.005527227 0.022174077 0.040278167 0.005436787 0.999976635 0.004136893 0.392941236 -0.022196427 -0.004015257 0.999745607 16.261304855
0.999729156 -0.005788994 0.022541979 0.048026711 0.005704895 0.999976575 0.003793275 0.406893909 -0.022563409 -0.003663648 0.999738693 16.653522491
0.999716938 -0.007035434 0.022724766 0.054160833 0.006969150 0.999971211 0.002994711 0.413156092 -0.022745179 -0.002835492 0.999737263 17.051097870
0.999716878 -0.007235074 0.022666149 0.062028408 0.007174197 0.999970376 0.002766015 0.425372034 -0.022685491 -0.002602621 0.999739289 17.451080322
0.999714136 -0.007959976 0.022546997 0.069599688 0.007878578 0.999962151 0.003696688 0.432320595 -0.022575574 -0.003517993 0.999738932 17.860204697
0.999719560 -0.006936379 0.022644646 0.078204483 0.006861486 0.999970734 0.003383355 0.449716240 -0.022667455 -0.003227031 0.999737799 18.269544601
0.999715030 -0.007217292 0.022755034 0.084636360 0.007161279 0.999971271 0.002542025 0.457769603 -0.022772724 -0.002378345 0.999737859 18.686439514
0.999720335 -0.006803019 0.022648925 0.091477513 0.006768093 0.999975801 0.001618286 0.468829811 -0.022659387 -0.001464544 0.999742210 19.099216461
0.999717176 -0.007911939 0.022429122 0.103397459 0.007887824 0.999968290 0.001163393 0.477198869 -0.022437613 -0.000986147 0.999747813 19.520847321
0.999716163 -0.007981657 0.022446044 0.111102909 0.007967944 0.999967992 0.000700265 0.490085304 -0.022450916 -0.000521218 0.999747872 19.946155548
0.999732852 -0.006812006 0.022083044 0.124714643 0.006812621 0.999976814 0.000047326 0.503049433 -0.022082856 0.000103130 0.999756157 20.383577347
0.999734223 -0.005684919 0.022338020 0.127105683 0.005704796 0.999983490 -0.000826204 0.512010872 -0.022332951 0.000953418 0.999750137 20.818655014
0.999742210 -0.004441860 0.022266319 0.134796649 0.004475279 0.999988973 -0.001451290 0.523554623 -0.022259625 0.001550564 0.999751031 21.267501831
0.999748707 -0.003473654 0.022147296 0.143844664 0.003511624 0.999992430 -0.001675808 0.534730196 -0.022141306 0.001753160 0.999753237 21.723392487
0.999753714 -0.003567020 0.021907371 0.153141797 0.003616404 0.999991000 -0.002214993 0.544352293 -0.021899275 0.002293673 0.999757469 22.182920456
0.999758840 -0.002942150 0.021765295 0.158680081 0.002992393 0.999992907 -0.002276244 0.554754496 -0.021758445 0.002340825 0.999760449 22.637464523
0.999756873 -0.002334350 0.021922382 0.167591125 0.002382179 0.999994755 -0.002155868 0.566063523 -0.021917233 0.002207567 0.999757349 23.108829498
0.999759972 -0.000920080 0.021886662 0.175473511 0.000962239 0.999997675 -0.001915785 0.576444566 -0.021884846 0.001936386 0.999758601 23.582286835
0.999763548 -0.000024132 0.021742381 0.183987021 0.000060691 0.999998510 -0.001680760 0.589409649 -0.021742309 0.001681682 0.999762177 24.060661316
0.999768674 0.001224042 0.021474291 0.188767761 -0.001193279 0.999998271 -0.001445297 0.606665373 -0.021476017 0.001419337 0.999768376 24.538520813
0.999770701 0.001141998 0.021384122 0.196590006 -0.001120955 0.999998868 -0.000995970 0.617736101 -0.021385234 0.000971771 0.999770820 25.025764465
0.999768019 0.001626938 0.021476580 0.206780314 -0.001619214 0.999998629 -0.000377069 0.624249518 -0.021477163 0.000342207 0.999769270 25.517114639
0.999774396 0.001381455 0.021202452 0.219257921 -0.001379483 0.999999046 -0.000107624 0.637550473 -0.021202581 0.000078351 0.999775112 26.005966187
0.999776721 0.001880531 0.021047577 0.226640701 -0.001894873 0.999997914 0.000661512 0.649192095 -0.021046290 -0.000701246 0.999778271 26.508991241
0.999777317 0.001925196 0.021015821 0.233798772 -0.001941449 0.999997854 0.000752974 0.665902197 -0.021014322 -0.000793608 0.999778867 27.007905960
0.999773264 0.001798019 0.021217095 0.244590074 -0.001822176 0.999997735 0.001119287 0.675280869 -0.021215038 -0.001157694 0.999774277 27.523408890
0.999773085 0.001613394 0.021236803 0.256430954 -0.001640808 0.999997854 0.001273544 0.691821992 -0.021234700 -0.001308100 0.999773681 28.018850327
0.999769688 0.000067118 0.021461884 0.270646214 -0.000099997 0.999998748 0.001530902 0.702754676 -0.021461755 -0.001532695 0.999768496 28.536796570
0.999763846 -0.000626729 0.021721710 0.278944641 0.000602701 0.999999344 0.001112719 0.721179008 -0.021722389 -0.001099365 0.999763429 29.044029236
0.999753535 -0.001504165 0.022150809 0.291962653 0.001489503 0.999998689 0.000678416 0.731632411 -0.022151800 -0.000645255 0.999754429 29.562015533
0.999739707 -0.002040361 0.022719596 0.303810418 0.002052310 0.999997914 -0.000502590 0.744500577 -0.022718519 0.000549087 0.999741673 30.078935623
0.999730825 -0.002198246 0.023092788 0.313151091 0.002247501 0.999995172 -0.002107171 0.753957689 -0.023088044 0.002158505 0.999731123 30.608137131
0.999725580 -0.003090989 0.023214528 0.324401200 0.003167095 0.999989748 -0.003242340 0.766855299 -0.023204273 0.003314974 0.999725163 31.134098053
0.999718904 -0.003903010 0.023385296 0.340531796 0.003993687 0.999984682 -0.003832102 0.775505841 -0.023369981 0.003924418 0.999719203 31.658660889
0.999702871 -0.004432827 0.023969281 0.351387948 0.004512472 0.999984384 -0.003269790 0.789111793 -0.023954418 0.003376979 0.999707282 32.197097778
0.999701440 -0.004387799 0.024037084 0.366661519 0.004387524 0.999990284 0.000064121 0.808936119 -0.024037136 0.000041361 0.999710977 32.747058868
0.999696970 -0.004977342 0.024104821 0.382720619 0.004873262 0.999978542 0.004374567 0.827662587 -0.024126075 -0.004255773 0.999700010 33.307872772
0.999676287 -0.006318207 0.024641993 0.397470057 0.006142834 0.999955297 0.007186058 0.848263144 -0.024686297 -0.007032362 0.999670506 33.872390747
0.999662876 -0.006836481 0.025047055 0.410596102 0.006635257 0.999945045 0.008108188 0.862881184 -0.025101112 -0.007939260 0.999653399 34.439765930
0.999643981 -0.008095987 0.025423277 0.430095255 0.007883533 0.999933243 0.008445906 0.877720833 -0.025489964 -0.008242476 0.999641120 35.001491547
0.999640286 -0.006665448 0.025978567 0.445369869 0.006451875 0.999944687 0.008296338 0.898978710 -0.026032433 -0.008125746 0.999628007 35.568878174
0.999637663 -0.004292211 0.026570080 0.451543391 0.003947059 0.999907255 0.013029046 0.923514247 -0.026623540 -0.012919453 0.999561965 36.139396667
0.999620736 -0.005325176 0.027017044 0.467278779 0.004743433 0.999756515 0.021551006 0.950482368 -0.027125226 -0.021414680 0.999402642 36.705322266
0.999592006 -0.007426937 0.027580263 0.491428971 0.006583224 0.999511361 0.030556984 0.981580079 -0.027793733 -0.030362953 0.999152362 37.296470642
0.999586940 -0.005738436 0.028160235 0.508532524 0.004652455 0.999248505 0.038479432 1.013273954 -0.028359886 -0.038332511 0.998862505 37.879821777
0.999567509 -0.003791651 0.029162735 0.520134509 0.002606745 0.999173641 0.040562034 1.041211367 -0.029292429 -0.040468469 0.998751342 38.455234528
0.999531209 -0.001224526 0.030592581 0.534006774 0.000111732 0.999339044 0.036349900 1.074647188 -0.030616876 -0.036329441 0.998870671 39.030559540
0.999502838 -0.000978854 0.031513713 0.551249206 0.000019536 0.999536991 0.030427210 1.110642195 -0.031528909 -0.030411465 0.999040008 39.600791931
0.999478400 -0.002097560 0.032225568 0.572839558 0.001209112 0.999619305 0.027564449 1.144019604 -0.032271110 -0.027511112 0.999100447 40.173961639
0.999415755 -0.001393983 0.034150183 0.588352919 0.000563385 0.999704003 0.024319487 1.174535990 -0.034173969 -0.024286035 0.999120772 40.748737335
0.999362528 -0.000947069 0.035685901 0.606921017 0.000115195 0.999728382 0.023305828 1.205570340 -0.035698276 -0.023286866 0.999091268 41.329101562
0.999339581 -0.000017486 0.036337737 0.626900256 -0.000802375 0.999745369 0.022547541 1.229890585 -0.036328882 -0.022561809 0.999085188 41.905715942
0.999284923 -0.000198087 0.037809540 0.644177258 -0.000634510 0.999757588 0.022007542 1.252573609 -0.037804738 -0.022015797 0.999042511 42.487506866
0.999219596 -0.000052533 0.039499551 0.665922761 -0.000750292 0.999793470 0.020309810 1.280149698 -0.039492458 -0.020323595 0.999013186 43.071311951
0.999135911 -0.000130451 0.041565727 0.689302444 -0.000641970 0.999827385 0.018569227 1.305174828 -0.041560981 -0.018579865 0.998963118 43.655067444
0.999060690 -0.000017140 0.043332987 0.715264916 -0.000751425 0.999842644 0.017719928 1.330281496 -0.043326471 -0.017735841 0.998903453 44.244991302
0.998965919 -0.000108452 0.045465071 0.740119934 -0.000716793 0.999835312 0.018134503 1.357582331 -0.045459546 -0.018148342 0.998801231 44.826648712
0.998849750 0.000337363 0.047947206 0.767893314 -0.001232618 0.999825418 0.018643344 1.381555080 -0.047932550 -0.018681001 0.998675883 45.418872833
0.998730421 -0.000835933 0.050365578 0.799427867 -0.000052212 0.999844491 0.017630082 1.407707214 -0.050372489 -0.017610326 0.998575151 45.998680115
0.998620987 -0.001277879 0.052483164 0.832787633 0.000365851 0.999848843 0.017383471 1.430732489 -0.052497447 -0.017340301 0.998470426 46.578071594
0.998502731 -0.001712709 0.054675482 0.864732146 0.000787146 0.999856114 0.016945357 1.450281382 -0.054696631 -0.016876947 0.998360395 47.157546997
0.998369992 -0.002384954 0.057023220 0.895039678 0.001452424 0.999864638 0.016389376 1.473216534 -0.057054587 -0.016279839 0.998238325 47.729679108
0.998256147 -0.002579734 0.058973312 0.933885694 0.001605353 0.999861538 0.016563816 1.500991583 -0.059007872 -0.016440259 0.998122156 48.316825867
0.998147428 -0.002490685 0.060790405 0.964079618 0.001418473 0.999842703 0.017674625 1.525868654 -0.060824879 -0.017555650 0.997994065 48.899425507
0.998049557 -0.003015904 0.062354136 1.000404835 0.001848900 0.999822199 0.018764980 1.550790548 -0.062399633 -0.018613098 0.997877657 49.476776123
0.997956753 -0.002974235 0.063822784 1.041204214 0.001751916 0.999814153 0.019199198 1.576385856 -0.063868016 -0.019048158 0.997776568 50.065971375
0.997877657 -0.002487458 0.065071315 1.076465607 0.001189193 0.999799609 0.019982534 1.603566170 -0.065107986 -0.019862738 0.997680545 50.647415161
0.997827947 -0.002252741 0.065834366 1.110788345 0.000787601 0.999751627 0.022272430 1.625874639 -0.065868199 -0.022172203 0.997581959 51.230838776
0.997798204 -0.002376191 0.066280402 1.148553610 0.000793794 0.999714196 0.023890428 1.652734280 -0.066318221 -0.023785209 0.997514904 51.807014465
0.997791469 -0.001814220 0.066399455 1.184810877 0.000115676 0.999672890 0.025575601 1.678611994 -0.066424124 -0.025511427 0.997465432 52.387397766
0.997816443 -0.001514678 0.066030763 1.221921682 -0.000244743 0.999645352 0.026629236 1.705520868 -0.066047676 -0.026587250 0.997462213 52.973873138
0.997890353 -0.001535737 0.064903565 1.257972002 -0.000214801 0.999636590 0.026955793 1.733256221 -0.064921387 -0.026912859 0.997527540 53.547657013
0.997953236 -0.000326138 0.063947208 1.288676023 -0.001435661 0.999620616 0.027502952 1.759637356 -0.063931942 -0.027538463 0.997574210 54.124267578
0.998011649 0.002224687 0.062990844 1.319149733 -0.003937095 0.999625683 0.027073983 1.790838718 -0.062907018 -0.027268155 0.997646809 54.700004578
0.998071134 0.002807537 0.062016200 1.350522041 -0.004562037 0.999592721 0.028167544 1.819986343 -0.061911866 -0.028396135 0.997677505 55.289100647
0.998142719 0.001962607 0.060887441 1.384515047 -0.003697180 0.999590099 0.028388627 1.846948385 -0.060806759 -0.028561013 0.997740865 55.870014191
0.998192012 0.001661086 0.060082808 1.417313814 -0.003292810 0.999628067 0.027069118 1.873806953 -0.060015503 -0.027218020 0.997826219 56.446285248
0.998232365 0.001931610 0.059400965 1.452734828 -0.003461214 0.999664783 0.025658401 1.904205680 -0.059331480 -0.025818644 0.997904539 57.026779175
0.998285353 0.003169427 0.058447853 1.480232596 -0.004631606 0.999679387 0.024898328 1.928231478 -0.058350198 -0.025126349 0.997979939 57.595893860
0.998372495 0.003569677 0.056918081 1.506587386 -0.004987251 0.999680400 0.024782959 1.955284476 -0.056811422 -0.025026491 0.998071134 58.164875031
0.998451769 0.003843147 0.055489987 1.536125422 -0.005253082 0.999666452 0.025285382 1.985122800 -0.055374309 -0.025537729 0.998139024 58.747833252
0.998515069 0.003970382 0.054331716 1.563978553 -0.005492272 0.999595821 0.027890522 2.013774872 -0.054199014 -0.028147504 0.998133361 59.331977844
0.998600364 0.003710924 0.052757621 1.592010975 -0.005390145 0.999482036 0.031722400 2.045256376 -0.052612588 -0.031962380 0.998103380 59.913448334
0.998675466 0.004073350 0.051287670 1.620797753 -0.005901661 0.999350488 0.035547338 2.081271410 -0.051109567 -0.035802945 0.998051226 60.505035400
0.998736024 0.003807700 0.050118234 1.646722555 -0.005718727 0.999259770 0.038042389 2.110595465 -0.049936280 -0.038280919 0.998018503 61.082485199
0.998798370 0.004022355 0.048841182 1.673032045 -0.005919684 0.999230862 0.038764648 2.142685652 -0.048647687 -0.039007194 0.998054028 61.679218292
0.998871088 0.004831880 0.047255091 1.694498777 -0.006621173 0.999264002 0.037781619 2.179118156 -0.047037750 -0.038051862 0.998167992 62.268745422
0.998937726 0.004989798 0.045810193 1.715023279 -0.006708589 0.999276221 0.037443120 2.213748217 -0.045590200 -0.037710670 0.998248100 62.856983185
