1.000000000 0.000000000 0.000000000 0.000000000 0.000000000 1.000000000 0.000000000 0.000000000 0.000000000 0.000000000 1.000000000 0.000000000
1.000000000 -0.000114632 -0.000000239 -0.000132024 0.000114632 1.000000000 0.000011555 0.000096409 0.000000238 -0.000011556 1.000000000 0.000012089
1.000000000 -0.000150222 -0.000011431 -0.000260375 0.000150222 1.000000000 0.000028866 0.000042506 0.000011427 -0.000028868 1.000000000 0.000628614
1.000000000 -0.000061024 -0.000007721 -0.000128837 0.000061024 1.000000000 0.000004257 0.000056171 0.000007721 -0.000004257 1.000000000 0.000283214
1.000000000 -0.000176544 -0.000016560 -0.000223668 0.000176544 1.000000000 0.000011231 -0.000056621 0.000016558 -0.000011234 1.000000000 0.000003366
1.000000000 -0.000060242 0.000003790 -0.000197482 0.000060242 1.000000000 0.000018869 0.000010704 -0.000003791 -0.000018869 1.000000000 0.000214522
1.000000000 -0.000120357 -0.000022649 -0.000309407 0.000120357 1.000000000 -0.000023552 -0.000112093 0.000022652 0.000023549 1.000000000 0.000013343
0.999999940 -0.000294518 0.000003111 -0.000206168 0.000294518 0.999999940 -0.000001235 -0.000209157 -0.000003111 0.000001236 1.000000000 0.000628521
1.000000000 -0.000221403 -0.000001581 -0.000447063 0.000221403 1.000000000 0.000037803 -0.000100683 0.000001573 -0.000037804 1.000000000 0.000297065
0.999999940 -0.000297694 -0.000018409 -0.000319258 0.000297694 0.999999940 0.000019878 -0.000195200 0.000018403 -0.000019884 1.000000000 0.000707236
0.999999940 -0.000332510 -0.000015648 -0.000029939 0.000332510 0.999999940 -0.000002743 -0.000233956 0.000015648 0.000002738 1.000000000 0.001177743
0.999999940 -0.000287757 -0.000012795 -0.000347282 0.000287757 0.999999940 -0.000012020 -0.000171045 0.000012798 0.000012017 1.000000000 -0.000054630
0.999999940 -0.000294689 -0.000023074 0.000035773 0.000294689 0.999999940 0.000028311 -0.000311557 0.000023066 -0.000028318 1.000000000 0.001608728
0.999999940 -0.000355595 -0.000009037 -0.000400552 0.000355595 0.999999940 0.000001717 -0.000300120 0.000009037 -0.000001721 1.000000000 0.000508041
0.999999940 -0.000418521 -0.000039744 -0.000349829 0.000418522 0.999999940 0.000006974 -0.000253717 0.000039741 -0.000006991 1.000000000 0.000482933
0.999999940 -0.000281418 0.000013309 -0.000319371 0.000281418 0.999999940 0.000011585 -0.000233966 -0.000013312 -0.000011581 1.000000000 0.000591219
0.999999940 -0.000343680 -0.000024816 -0.000144983 0.000343679 0.999999940 -0.000030943 -0.000190986 0.000024827 0.000030935 1.000000000 0.000654097
1.000000000 -0.000086277 0.000016531 -0.000171486 0.000086277 1.000000000 -0.000007605 -0.000208033 -0.000016530 0.000007606 1.000000000 0.000676377
0.999999940 -0.000328052 -0.000010029 -0.000431183 0.000328053 0.999999940 0.000036082 -0.000274614 0.000010017 -0.000036085 1.000000000 -0.000172367
1.000000000 -0.000175020 -0.000003914 -0.000209699 0.000175020 1.000000000 0.000023818 -0.000132431 0.000003910 -0.000023819 1.000000000 0.000066399
0.999999940 -0.000263490 0.000007570 -0.000349841 0.000263490 0.999999940 0.000000305 -0.000102631 -0.000007570 -0.000000303 1.000000000 -0.000173508
0.999999940 -0.000277828 -0.000042876 -0.000195322 0.000277828 0.999999940 -0.000007934 0.000163674 0.000042879 0.000007922 1.000000000 -0.000543546
1.000000000 -0.000056166 0.000007703 -0.000389176 0.000056166 1.000000000 0.000007531 -0.000024260 -0.000007704 -0.000007531 1.000000000 -0.001560016
1.000000000 -0.000037246 -0.000025602 -0.000019754 0.000037245 1.000000000 -0.000024004 0.000181441 0.000025603 0.000024003 1.000000000 0.000117153
1.000000000 0.000005132 0.000002455 -0.000089327 -0.000005132 1.000000000 0.000001229 -0.000134972 -0.000002455 -0.000001229 1.000000000 0.000340533
1.000000000 -0.000031459 0.000014834 -0.000086483 0.000031457 1.000000000 0.000080218 -0.000256191 -0.000014836 -0.000080217 1.000000000 0.000540575
1.000000000 -0.000163597 -0.000037695 -0.000025756 0.000163597 1.000000000 0.000020275 -0.000326871 0.000037691 -0.000020281 1.000000000 0.000587412
1.000000000 0.000153417 -0.000007056 -0.000224793 -0.000153418 1.000000000 -0.000047421 -0.000251769 0.000007049 0.000047422 1.000000000 0.000878323
1.000000000 0.000004303 0.000005262 -0.000105740 -0.000004303 1.000000000 0.000014054 -0.000188725 -0.000005262 -0.000014054 1.000000000 0.000799109
1.000000000 -0.000089214 0.000003531 -0.000020027 0.000089213 1.000000000 0.000067451 -0.000337291 -0.000003537 -0.000067451 1.000000000 0.000497606
1.000000000 -0.000200077 -0.000007301 -0.000050680 0.000200077 1.000000000 0.000054495 -0.000363708 0.000007290 -0.000054497 1.000000000 0.001591072
1.000000000 0.000133620 -0.000023645 0.000400887 -0.000133619 1.000000000 0.000025787 -0.000250962 0.000023648 -0.000025784 1.000000000 0.001860099
1.000000000 -0.000129447 -0.000013791 -0.000458010 0.000129448 1.000000000 0.000022542 -0.000205253 0.000013788 -0.000022544 1.000000000 -0.000255579
1.000000000 -0.000170936 -0.000015989 -0.000225779 0.000170936 1.000000000 -0.000002878 -0.000239375 0.000015989 0.000002875 1.000000000 0.000171602
1.000000000 -0.000123495 0.000000216 -0.000398868 0.000123495 1.000000000 -0.000025344 -0.000065489 -0.000000213 0.000025344 1.000000000 -0.000215293
1.000000000 0.000085037 0.000014497 -0.000386003 -0.000085037 1.000000000 -0.000008306 -0.000112309 -0.000014498 0.000008305 1.000000000 0.000267539
1.000000000 -0.000095190 -0.000016127 0.000095463 0.000095190 1.000000000 0.000010899 -0.000230175 0.000016126 -0.000010900 1.000000000 0.001467799
1.000000000 0.000000027 0.000016470 -0.000286439 -0.000000027 1.000000000 -0.000006700 -0.000184825 -0.000016470 0.000006700 1.000000000 0.000086581
1.000000000 0.000158407 0.000001470 -0.000359707 -0.000158407 1.000000000 0.000022391 -0.000146655 -0.000001467 -0.000022391 1.000000000 -0.000279794
1.000000000 0.000039111 0.000001568 -0.000562952 -0.000039111 1.000000000 -0.000003799 -0.000201829 -0.000001568 0.000003798 1.000000000 -0.000939828
1.000000000 -0.000020299 0.000004274 0.000136942 0.000020299 1.000000000 -0.000000981 -0.000178019 -0.000004274 0.000000981 1.000000000 0.001428428
1.000000000 0.000043051 0.000026710 -0.000339601 -0.000043051 1.000000000 0.000008327 -0.000091534 -0.000026710 -0.000008328 1.000000000 0.000100226
1.000000000 -0.000008854 0.000014285 -0.000340828 0.000008853 1.000000000 0.000003277 -0.000246013 -0.000014285 -0.000003277 1.000000000 -0.000002156
1.000000000 -0.000023601 0.000005970 -0.000456699 0.000023602 1.000000000 -0.000012000 -0.000218269 -0.000005970 0.000012001 1.000000000 -0.000469217
1.000000000 -0.000042595 -0.000009359 -0.000416712 0.000042595 1.000000000 0.000006421 -0.000318233 0.000009359 -0.000006422 1.000000000 -0.000226043
1.000000000 -0.000092226 -0.000006911 0.000074384 0.000092226 1.000000000 -0.000012724 -0.000189643 0.000006913 0.000012723 1.000000000 0.001121718
1.000000000 0.000072556 0.000026233 -0.000416889 -0.000072557 1.000000000 0.000010215 -0.000225663 -0.000026232 -0.000010217 1.000000000 -0.000477098
1.000000000 0.000030755 0.000023231 -0.000457859 -0.000030754 1.000000000 -0.000013398 -0.000085443 -0.000023231 0.000013397 1.000000000 -0.000260948
1.000000000 0.000056914 0.000025075 -0.000356356 -0.000056913 1.000000000 -0.000018839 -0.000061219 -0.000025076 0.000018838 1.000000000 -0.000095384
1.000000000 -0.000014977 0.000021489 -0.000504499 0.000014977 1.000000000 -0.000012333 -0.000144938 -0.000021489 0.000012333 1.000000000 -0.000598149
1.000000000 0.000136390 0.000028446 -0.000335474 -0.000136390 1.000000000 -0.000005466 -0.000135139 -0.000028447 0.000005463 1.000000000 0.000221033
1.000000000 0.000001226 0.000046593 -0.000235418 -0.000001225 1.000000000 -0.000010287 -0.000149899 -0.000046593 0.000010287 1.000000000 0.000383790
1.000000000 0.000009792 0.000031919 -0.000380425 -0.000009792 1.000000000 -0.000001934 -0.000179391 -0.000031919 0.000001933 1.000000000 -0.000254939
1.000000000 -0.000008217 0.000021644 -0.000822358 0.000008218 1.000000000 -0.000014471 -0.000158708 -0.000021644 0.000014471 1.000000000 -0.001641247
1.000000000 0.000107621 0.000029376 -0.000520495 -0.000107621 1.000000000 -0.000026708 -0.000132094 -0.000029379 0.000026705 1.000000000 -0.000716363
1.000000000 -0.000092187 0.000020211 -0.000452814 0.000092187 1.000000000 -0.000010937 -0.000193251 -0.000020210 0.000010939 1.000000000 -0.000585292
1.000000000 0.000167748 0.000050546 -0.000506620 -0.000167746 1.000000000 -0.000025052 -0.000009564 -0.000050550 0.000025043 1.000000000 -0.000400046
1.000000000 0.000084066 0.000022368 -0.000711903 -0.000084066 1.000000000 -0.000030007 -0.000035036 -0.000022371 0.000030005 1.000000000 -0.001545697
1.000000000 0.000059713 0.000007411 -0.000496292 -0.000059713 1.000000000 -0.000024818 -0.000079684 -0.000007413 0.000024818 1.000000000 -0.000651589
1.000000000 0.000068254 0.000021457 -0.000325897 -0.000068253 1.000000000 -0.000024906 -0.000137643 -0.000021459 0.000024904 1.000000000 0.000247848
1.000000000 0.000112093 0.000039353 -0.000514238 -0.000112093 1.000000000 -0.000000105 -0.000139421 -0.000039353 0.000000100 1.000000000 -0.000691342
1.000000000 0.000042647 0.000031771 -0.000495290 -0.000042647 1.000000000 -0.000005480 -0.000150050 -0.000031771 0.000005479 1.000000000 -0.000387994
1.000000000 -0.000226329 0.000012993 -0.000341675 0.000226329 1.000000000 -0.000018283 -0.000270254 -0.000012989 0.000018286 1.000000000 -0.000105161
1.000000000 -0.000145474 0.000006352 -0.000364339 0.000145474 1.000000000 -0.000011531 -0.000331617 -0.000006350 0.000011531 1.000000000 -0.000238170
1.000000000 -0.000051387 0.000026717 -0.000471656 0.000051387 1.000000000 -0.000009443 -0.000245156 -0.000026716 0.000009445 1.000000000 0.000044239
1.000000000 0.000019050 0.000053832 -0.000232729 -0.000019046 1.000000000 -0.000067150 -0.000028335 -0.000053833 0.000067149 1.000000000 -0.000084642
1.000000000 -0.000073626 0.000040721 0.000399655 0.000073627 1.000000000 -0.000020991 -0.000169182 -0.000040719 0.000020994 1.000000000 0.002049723
1.000000000 -0.000029905 0.000024668 0.000501080 0.000029907 1.000000000 -0.000098685 -0.000065064 -0.000024665 0.000098686 1.000000000 0.001809200
1.000000000 -0.000143931 0.000057402 0.000192860 0.000143933 1.000000000 -0.000038863 -0.000089704 -0.000057396 0.000038871 1.000000000 0.000991364
1.000000000 -0.000104584 0.000018838 0.000862197 0.000104583 1.000000000 0.000040590 -0.000242947 -0.000018842 -0.000040588 1.000000000 0.003144615
1.000000000 -0.000160720 0.000054278 0.000337372 0.000160731 1.000000000 -0.000200831 -0.000008920 -0.000054245 0.000200839 1.000000000 0.001618392
1.000000000 -0.000228596 0.000072233 0.000942836 0.000228675 0.999999404 -0.001097299 -0.000145878 -0.000071982 0.001097315 0.999999464 0.004119731
1.000000000 -0.000218732 0.000040673 0.000072716 0.000218789 0.999998987 -0.001411941 -0.000037649 -0.000040364 0.001411950 0.999998987 0.000662638
1.000000000 -0.000055163 0.000029198 0.000627200 0.000055205 0.999998927 -0.001444491 -0.000108243 -0.000029118 0.001444493 0.999998927 0.002044697
0.999999940 -0.000361919 0.000077137 0.000762436 0.000362031 0.999998868 -0.001446645 -0.000241947 -0.000076613 0.001446673 0.999998927 0.002391934
1.000000000 -0.000169193 -0.000008941 0.001054818 0.000169179 0.999998748 -0.001553103 -0.000256679 0.000009203 0.001553102 0.999998748 0.003402381
0.999999881 -0.000411157 0.000014729 0.000521094 0.000411174 0.999999225 -0.001183568 0.000104508 -0.000014243 0.001183574 0.999999344 0.002306771
0.999999940 -0.000332711 0.000044153 0.000464238 0.000332788 0.999998391 -0.001754638 -0.000063247 -0.000043570 0.001754652 0.999998450 0.001959721
0.999999881 -0.000492141 0.000077692 -0.000478580 0.000492243 0.999999046 -0.001319934 0.000278579 -0.000077043 0.001319972 0.999999166 -0.001315131
0.999999821 -0.000625292 0.000016340 0.001006944 0.000625318 0.999998510 -0.001602018 -0.000050736 -0.000015338 0.001602028 0.999998689 0.003040300
0.999999344 -0.001131702 0.000118212 0.000170844 0.001131888 0.999998033 -0.001593239 0.000086137 -0.000116408 0.001593372 0.999998689 0.000953076
0.999997973 -0.002038849 0.000210541 0.000849501 0.002039195 0.999996603 -0.001656790 0.000255989 -0.000207163 0.001657216 0.999998569 0.002660902
0.999997973 -0.002016353 0.000208599 0.000407757 0.002016603 0.999997318 -0.001202567 0.000502828 -0.000206173 0.001202985 0.999999285 0.000773168
0.999998391 -0.001790440 0.000186121 0.000881044 0.001790679 0.999997616 -0.001292854 0.000087709 -0.000183805 0.001293186 0.999999106 0.003460565
0.999998510 -0.001727419 0.000165051 0.000875375 0.001727677 0.999997258 -0.001576051 -0.000043233 -0.000162328 0.001576333 0.999998748 0.003066577
0.999999166 -0.001275581 0.000199271 0.000165823 0.001275939 0.999997556 -0.001804221 0.000221949 -0.000196969 0.001804473 0.999998391 0.000526746
0.999999106 -0.001333057 0.000220267 0.000431650 0.001333423 0.999997735 -0.001666485 -0.000062526 -0.000218045 0.001666777 0.999998629 0.002395674
0.999999344 -0.001092426 0.000112447 0.000483555 0.001092592 0.999998271 -0.001487951 0.000028890 -0.000110822 0.001488073 0.999998868 0.001760929
0.999998927 -0.001430532 0.000121708 0.000730313 0.001430679 0.999998271 -0.001217134 0.000033175 -0.000119966 0.001217307 0.999999285 0.002760053
0.999999106 -0.001333888 0.000179976 0.000791058 0.001334088 0.999998510 -0.001118405 0.000226952 -0.000178484 0.001118644 0.999999404 0.003226819
0.999998927 -0.001445424 0.000041375 0.000814118 0.001445448 0.999998748 -0.000581789 0.000066808 -0.000040534 0.000581848 0.999999821 0.002769725
0.999998927 -0.001445048 0.000148857 0.000327718 0.001445077 0.999998927 -0.000199062 0.000077772 -0.000148570 0.000199277 1.000000000 0.001316148
0.999998868 -0.001480012 0.000142128 0.000783752 0.001479986 0.999998868 0.000184284 -0.000092383 -0.000142401 -0.000184073 1.000000000 0.002789456
0.999998868 -0.001507391 0.000037387 0.000139746 0.001507378 0.999998808 0.000348334 0.000147528 -0.000037912 -0.000348277 0.999999940 0.000605268
0.999999225 -0.001250343 0.000115262 0.000743271 0.001250287 0.999999106 0.000486465 -0.000057218 -0.000115870 -0.000486321 0.999999940 0.003410281
0.999999583 -0.000932066 0.000139733 0.000696826 0.000931981 0.999999404 0.000607324 -0.000049449 -0.000140299 -0.000607194 0.999999821 0.003042837
0.999999523 -0.001009755 -0.000009357 0.000476374 0.001009760 0.999999344 0.000545878 0.000121279 0.000008805 -0.000545887 0.999999881 0.001055495
0.999999344 -0.001087828 0.000118773 -0.000099041 0.001087775 0.999999285 0.000443377 0.000045306 -0.000119255 -0.000443247 0.999999940 0.000295418
0.999999642 -0.000835166 0.000073523 0.000282399 0.000835135 0.999999583 0.000418427 0.000204883 -0.000073872 -0.000418366 1.000000000 0.000818708
0.999999881 -0.000530833 -0.000006663 0.000784274 0.000530839 0.999999464 0.000889746 -0.000217650 0.000006191 -0.000889749 0.999999642 0.002877093
0.999999642 -0.000816640 0.000099762 0.000639346 0.000816538 0.999999166 0.001020367 -0.000074296 -0.000100595 -0.001020286 0.999999464 0.002577557
0.999999404 -0.001076041 0.000112506 0.000114453 0.001075965 0.999999166 0.000676805 -0.000180708 -0.000113234 -0.000676683 0.999999762 0.001003274
0.999999583 -0.000946587 -0.000021960 0.000710981 0.000946591 0.999999523 0.000209525 0.000177900 0.000021762 -0.000209545 1.000000000 0.002186048
0.999999225 -0.001214941 0.000048223 0.000811442 0.001214937 0.999999225 0.000086950 0.000142634 -0.000048328 -0.000086891 1.000000000 0.003044607
0.999999166 -0.001294959 0.000123084 0.000435255 0.001294990 0.999999106 -0.000247837 -0.000183640 -0.000122763 0.000247996 1.000000000 0.001860484
0.999999166 -0.001278575 -0.000005756 0.000728787 0.001278572 0.999999166 -0.000431436 0.000057962 0.000006307 0.000431429 0.999999940 0.002276330
0.999999166 -0.001302824 0.000058477 0.000799585 0.001302843 0.999999106 -0.000331533 -0.000038862 -0.000058045 0.000331609 1.000000000 0.002933210
0.999999225 -0.001234435 0.000079179 0.000812786 0.001234449 0.999999225 -0.000183228 -0.000058404 -0.000078953 0.000183326 1.000000000 0.003599554
0.999999404 -0.001042496 -0.000049198 0.001040155 0.001042448 0.999998927 -0.000981299 0.000037610 0.000050221 0.000981247 0.999999523 0.003067819
0.999998212 -0.001910426 -0.000188701 0.000799330 0.001909876 0.999994159 -0.002869121 -0.000182165 0.000194181 0.002868755 0.999995887 0.004080769
0.999997556 -0.002151143 -0.000443329 0.002312317 0.002148670 0.999982536 -0.005504873 -0.000545810 0.000455163 0.005503907 0.999984741 0.011789659
0.999993920 -0.003333286 -0.001056715 0.006468094 0.003324602 0.999961615 -0.008116261 -0.001760767 0.001083728 0.008112699 0.999966502 0.042154547
0.999992132 -0.003572772 -0.001739966 0.004949325 0.003554838 0.999941647 -0.010203020 -0.002588008 0.001776317 0.010196754 0.999946415 0.080969386
0.999994099 -0.002341860 -0.002539169 0.001683269 0.002309288 0.999916077 -0.012755759 0.010462164 0.002568828 0.012749818 0.999915421 0.183496550
0.999990165 -0.002210390 -0.003855465 -0.003690834 0.002160734 0.999915361 -0.012836142 0.008143434 0.003883512 0.012827683 0.999910176 0.262864977
0.999981701 -0.001893624 -0.005740763 -0.006864014 0.001823764 0.999924541 -0.012150070 0.010223446 0.005763338 0.012139378 0.999909639 0.367794633
0.999961555 -0.002699061 -0.008336457 -0.007170733 0.002606936 0.999935687 -0.011041969 0.010195462 0.008365724 0.011019811 0.999904335 0.491473377
0.999936759 -0.002733390 -0.010904666 -0.013124725 0.002625113 0.999947309 -0.009931323 0.012819773 0.010931238 0.009902069 0.999891222 0.639344871
0.999903321 -0.001919948 -0.013772383 -0.022860274 0.001799187 0.999959886 -0.008775348 0.016003301 0.013788680 0.008749719 0.999866605 0.775401294
0.999854028 -0.002032821 -0.016961519 -0.029557338 0.001894729 0.999964893 -0.008153641 0.018228577 0.016977498 0.008120314 0.999822855 0.935397685
0.999796689 -0.001059923 -0.020134430 -0.038533658 0.000899803 0.999967992 -0.007959900 0.022958051 0.020142218 0.007940166 0.999765635 1.106993437
0.999721408 -0.000262366 -0.023602426 -0.047895230 0.000082041 0.999970853 -0.007640759 0.025570597 0.023603741 0.007636695 0.999692202 1.279726028
0.999639928 -0.000354283 -0.026829755 -0.057659209 0.000144656 0.999969482 -0.007814787 0.031243231 0.026831703 0.007808093 0.999609470 1.476755619
0.999539256 -0.001453735 -0.030317754 -0.066934258 0.001182239 0.999959052 -0.008971014 0.034927618 0.030329553 0.008931039 0.999500036 1.662069678
0.999422371 -0.002043939 -0.033920746 -0.076040238 0.001718252 0.999952197 -0.009627804 0.040311575 0.033938803 0.009563959 0.999378145 1.870996833
0.999288142 -0.002764740 -0.037622441 -0.087235540 0.002426451 0.999956310 -0.009034399 0.045763426 0.037645772 0.008936681 0.999251127 2.077538729
0.999142766 -0.003398712 -0.041258138 -0.099662311 0.003043411 0.999957860 -0.008671429 0.048406515 0.041285865 0.008538430 0.999110878 2.285801411
0.998987079 -0.003037965 -0.044894252 -0.116069801 0.002661609 0.999960840 -0.008440566 0.052023116 0.044918124 0.008312528 0.998956084 2.497944832
0.998806119 -0.003532896 -0.048722763 -0.130618140 0.003126542 0.999959648 -0.008413822 0.052603140 0.048750523 0.008251443 0.998776853 2.709918499
0.998607695 -0.003981933 -0.052601673 -0.146367684 0.003544184 0.999958336 -0.008412633 0.059749499 0.052632980 0.008214489 0.998580217 2.939753294
0.998411953 -0.004221336 -0.056176849 -0.163601935 0.003747006 0.999956429 -0.008546177 0.061787367 0.056210466 0.008322110 0.998384237 3.159158945
0.998215914 -0.003673716 -0.059594456 -0.184874088 0.003171060 0.999958634 -0.008527007 0.070690461 0.059623327 0.008322817 0.998186171 3.393961430
0.997988045 -0.003786528 -0.063289165 -0.202289969 0.003247487 0.999957621 -0.008617816 0.069617666 0.063319124 0.008394947 0.997957945 3.609234095
0.997789800 -0.003282873 -0.066368096 -0.223729387 0.002659982 0.999951601 -0.009471578 0.075404242 0.066395968 0.009274106 0.997750163 3.850562811
0.997611880 -0.003794338 -0.068965420 -0.243636891 0.003006981 0.999929070 -0.011516917 0.077488407 0.069004223 0.011282035 0.997552454 4.085598469
0.997443497 -0.003975979 -0.071348913 -0.266189218 0.002947602 0.999890268 -0.014512856 0.082585260 0.071398780 0.014265445 0.997345746 4.336211681
0.997274637 -0.004676606 -0.073629141 -0.287206918 0.003525061 0.999869585 -0.015761986 0.087411605 0.073693261 0.015459488 0.997161150 4.600253105
0.997149587 -0.005073532 -0.075278476 -0.311044902 0.003863184 0.999861062 -0.016215185 0.089420184 0.075350270 0.015878158 0.997030616 4.876561642
0.997032821 -0.004784537 -0.076828524 -0.336145431 0.003436025 0.999837816 -0.017674843 0.096009016 0.076900639 0.017358411 0.996887565 5.170262337
0.996948183 -0.004577653 -0.077930845 -0.365076602 0.003100829 0.999813497 -0.019060912 0.098223582 0.078003548 0.018761093 0.996776462 5.481492519
0.996903837 -0.004247222 -0.078515798 -0.392395318 0.002676368 0.999794364 -0.020101273 0.105055727 0.078585006 0.019828895 0.996710181 5.811143398
0.996891320 -0.004802050 -0.078642808 -0.421025306 0.003200566 0.999785125 -0.020477429 0.109213591 0.078724243 0.020162068 0.996692538 6.158180237
0.996838093 -0.005088218 -0.079296201 -0.448515296 0.003509462 0.999793112 -0.020036280 0.113193274 0.079381764 0.019694641 0.996649742 6.518781185
0.996791005 -0.005225417 -0.079877138 -0.478524476 0.003612947 0.999787033 -0.020318082 0.121675596 0.079966299 0.019964289 0.996597648 6.896981239
0.996761382 -0.005847146 -0.080202155 -0.513785481 0.004193987 0.999775589 -0.020765385 0.124222130 0.080305584 0.020361768 0.996562302 7.287468433
0.996704519 -0.005675450 -0.080919310 -0.545721173 0.004019265 0.999779403 -0.020615334 0.130587146 0.081018470 0.020222161 0.996507585 7.703457832
0.996650815 -0.005202716 -0.081609301 -0.584800124 0.003594762 0.999796748 -0.019837648 0.135827646 0.081695929 0.019477844 0.996466875 8.140724182
0.996582508 -0.005342402 -0.082430124 -0.621602774 0.003708587 0.999793887 -0.019961009 0.143504947 0.082519785 0.019587094 0.996396840 8.582723618
0.996499121 -0.005404085 -0.083428718 -0.663754761 0.003777765 0.999800146 -0.019639093 0.146769077 0.083518155 0.019255165 0.996320128 9.039394379
0.996408641 -0.005245201 -0.084511273 -0.705489933 0.003779769 0.999839902 -0.017490761 0.153142020 0.084589496 0.017108506 0.996268988 9.508035660
0.996312797 -0.006037870 -0.085581601 -0.746873200 0.004793458 0.999879897 -0.014738689 0.159808531 0.085660309 0.014274115 0.996222079 9.988556862
0.996239245 -0.006039739 -0.086434580 -0.789183855 0.004891868 0.999897122 -0.013485888 0.165158108 0.086507119 0.013012344 0.996166229 10.471446991
0.996176183 -0.006020132 -0.087158464 -0.834426284 0.004834957 0.999893069 -0.013802649 0.171961561 0.087232232 0.013328463 0.996098757 10.967858315
0.996122479 -0.006413987 -0.087743461 -0.884102523 0.005124683 0.999875605 -0.014911400 0.175094813 0.087828204 0.014403923 0.996031404 11.456065178
0.996054888 -0.005249955 -0.088583887 -0.928408921 0.004018343 0.999892771 -0.014075958 0.182527304 0.088648275 0.013664465 0.995969236 11.958854675
0.996050894 -0.004652415 -0.088661991 -0.977430344 0.003486749 0.999905527 -0.013297642 0.188792557 0.088715479 0.012935984 0.995972991 12.453479767
0.996050119 -0.005471024 -0.088623874 -1.021325111 0.004420048 0.999917626 -0.012050745 0.198207214 0.088682510 0.011611425 0.995992184 12.957604408
0.996093452 -0.006232491 -0.088086806 -1.069178462 0.005303364 0.999927998 -0.010777949 0.206099227 0.088147640 0.010268686 0.996054411 13.462763786
0.996147037 -0.006624087 -0.087447286 -1.112592936 0.005881910 0.999944508 -0.008742097 0.210413918 0.087500304 0.008194059 0.996130705 13.981346130
0.996252120 -0.005451294 -0.086324900 -1.156452656 0.004690079 0.999948323 -0.009018388 0.220552221 0.086369611 0.008579716 0.996226132 14.488833427
0.996442080 -0.004347926 -0.084168434 -1.205090165 0.003550217 0.999947369 -0.009624878 0.231622204 0.084205836 0.009291817 0.996405065 15.024612427
0.996594846 -0.003785992 -0.082367100 -1.248463154 0.002926392 0.999940038 -0.010554432 0.239362791 0.082402110 0.010277458 0.996546090 15.525224686
0.996758521 -0.004285770 -0.080336221 -1.292140245 0.003399289 0.999931872 -0.011168156 0.252463847 0.080378607 0.010858868 0.996705174 16.081253052
0.996908367 -0.005092678 -0.078406952 -1.330899835 0.004215612 0.999926746 -0.011347543 0.264466226 0.078458972 0.010981930 0.996856868 16.613138199
0.997016847 -0.006181203 -0.076936468 -1.372230649 0.005340870 0.999923885 -0.011123411 0.272122204 0.076999366 0.010679323 0.996973932 17.168731689
0.997057855 -0.006672946 -0.076361775 -1.412272215 0.005855691 0.999923229 -0.010921322 0.277698159 0.076428786 0.010442039 0.997020364 17.715265274
0.997107983 -0.006236473 -0.075741559 -1.456367016 0.005416718 0.999924541 -0.011023665 0.291088581 0.075804591 0.010581516 0.997066557 18.296342850
0.997174382 -0.004540959 -0.074984245 -1.504965305 0.003751109 0.999936044 -0.010671029 0.300298721 0.075027928 0.010359603 0.997127533 18.873609543
0.997252107 -0.003416909 -0.074003875 -1.552050591 0.002621870 0.999937832 -0.010837702 0.312070251 0.074036308 0.010613890 0.997199059 19.463920593
0.997282147 -0.003142208 -0.073609114 -1.594839811 0.002381753 0.999942899 -0.010416483 0.326585531 0.073637635 0.010212856 0.997232795 20.065315247
0.997331142 -0.002635756 -0.072963312 -1.639624596 0.001938514 0.999951780 -0.009625237 0.337307632 0.072985172 0.009458109 0.997288108 20.683816910
0.997409761 -0.002295732 -0.071892068 -1.689994454 0.001643759 0.999957025 -0.009126638 0.349861592 0.071909927 0.008984825 0.997370660 21.299615860
0.997478783 -0.001377928 -0.070953794 -1.736690879 0.000719657 0.999956489 -0.009302183 0.363267601 0.070963517 0.009227666 0.997436225 21.938808441
0.997521818 -0.000500921 -0.070356399 -1.783012271 -0.000163614 0.999955356 -0.009439196 0.376109183 0.070358001 0.009427313 0.997477174 22.585655212
0.997575402 0.000849399 -0.069588959 -1.831957459 -0.001590992 0.999942541 -0.010602030 0.387781680 0.069575973 0.010687037 0.997519433 23.220056534
0.997660577 0.001612606 -0.068343177 -1.882131457 -0.002379380 0.999935269 -0.011139563 0.402498364 0.068320744 0.011276118 0.997599661 23.883323669
0.997732103 0.001908508 -0.067283250 -1.927190542 -0.002614987 0.999942362 -0.010413556 0.413534611 0.067259498 0.010565884 0.997679591 24.541755676
0.997816622 0.001981634 -0.066015229 -1.973090410 -0.002521040 0.999964118 -0.008088640 0.426615596 0.065996855 0.008237408 0.997785747 25.213100433
0.997885942 0.002204266 -0.064952113 -2.015658617 -0.002593677 0.999979138 -0.005911650 0.440093875 0.064937726 0.006067617 0.997870862 25.886718750
0.997978926 0.002365720 -0.063500620 -2.062135935 -0.002658613 0.999986172 -0.004528343 0.452483803 0.063489027 0.004688015 0.997971535 26.566480637
0.998029947 0.002414824 -0.062695086 -2.105505705 -0.002722417 0.999984682 -0.004821211 0.467744410 0.062682487 0.004982393 0.998021066 27.241601944
0.998081923 0.003969939 -0.061779924 -2.151705980 -0.004285750 0.999978423 -0.004980223 0.485096514 0.061758809 0.005235445 0.998077393 27.932121277
0.998144388 0.003769631 -0.060775101 -2.195513725 -0.004079435 0.999979317 -0.004974276 0.499045521 0.060755093 0.005212972 0.998139083 28.603469849
0.998195410 0.004763417 -0.059862580 -2.234842539 -0.005003890 0.999979913 -0.003867792 0.516285002 0.059842955 0.004160358 0.998199046 29.304691315
0.998272061 0.004745190 -0.058569055 -2.281362534 -0.004917496 0.999983907 -0.002798123 0.529830992 0.058554847 0.003081301 0.998279452 29.988832474
0.998327971 0.005562816 -0.057535119 -2.321353912 -0.005740054 0.999979198 -0.002915727 0.541448355 0.057517715 0.003241105 0.998339236 30.688034058
0.998389482 0.004933264 -0.056516845 -2.362437963 -0.005168615 0.999978542 -0.004018838 0.559416354 0.056495812 0.004304479 0.998393476 31.389572144
0.998433232 0.004772956 -0.055752546 -2.398413897 -0.005038637 0.999976635 -0.004625766 0.572478414 0.055729162 0.004899436 0.998433828 32.099651337
0.998496294 0.004459287 -0.054637503 -2.436468601 -0.004737313 0.999976456 -0.004960076 0.588860989 0.054614093 0.005211452 0.998493850 32.803306580
0.998551488 0.003812440 -0.053668294 -2.474359751 -0.004067498 0.999980927 -0.004644077 0.603189349 0.053649571 0.004855646 0.998548031 33.504085541
0.998597860 0.003238592 -0.052837603 -2.509975910 -0.003491690 0.999983013 -0.004698496 0.618079782 0.052821472 0.004876401 0.998592079 34.211887360
0.998642564 0.003351881 -0.051981155 -2.548061848 -0.003619444 0.999980688 -0.005054031 0.631735802 0.051963206 0.005235313 0.998635232 34.916381836
0.998690963 0.002047969 -0.051108908 -2.585063219 -0.002317639 0.999983668 -0.005217678 0.645530999 0.051097389 0.005329301 0.998679459 35.629436493
0.998723209 0.001754550 -0.050486121 -2.620589256 -0.002007161 0.999985695 -0.004953312 0.662318468 0.050476711 0.005048322 0.998712480 36.335952759
0.998752832 0.000613382 -0.049923804 -2.653948307 -0.000866775 0.999986827 -0.005054099 0.672791779 0.049920049 0.005091069 0.998740256 37.046905518
0.998780489 0.000042565 -0.049371608 -2.688868999 -0.000227393 0.999992907 -0.003737999 0.683970690 0.049371108 0.003744667 0.998773396 37.759517670
0.998806000 0.001165892 -0.048838478 -2.725843430 -0.001420041 0.999985576 -0.005169499 0.699473858 0.048831746 0.005232679 0.998793244 38.467666626
0.998832226 0.002603153 -0.048242450 -2.765701771 -0.002988531 0.999964178 -0.007917935 0.709703743 0.048220109 0.008052862 0.998804212 39.175170898
0.998854041 0.003033514 -0.047762167 -2.798550367 -0.003474884 0.999952018 -0.009160662 0.723292828 0.047732100 0.009316135 0.998816729 39.887859344
0.998880804 0.003597605 -0.047160104 -2.835230350 -0.004049598 0.999946773 -0.009492180 0.739150524 0.047123451 0.009672537 0.998842239 40.593044281
0.998900950 0.004258879 -0.046676200 -2.871572256 -0.004538377 0.999972403 -0.005883680 0.748182952 0.046649847 0.006089048 0.998892725 41.289615631
0.998930871 0.004507125 -0.046009921 -2.904668808 -0.004657587 0.999984205 -0.003163503 0.761664331 0.045994937 0.003374416 0.998935938 41.994003296
0.998958170 0.004632581 -0.045398880 -2.939697266 -0.004678107 0.999988794 -0.000896612 0.771281362 0.045394219 0.001108058 0.998968542 42.690666199
0.998969615 0.006217280 -0.044955075 -2.973206043 -0.006229827 0.999980569 -0.000138970 0.784984112 0.044953331 0.000418889 0.998989046 43.384040833
0.998989403 0.006833099 -0.044424105 -3.005666256 -0.006933758 0.999973714 -0.002112126 0.800431073 0.044408504 0.002418017 0.999010444 44.052562714
0.998999774 0.006766432 -0.044199400 -3.034845829 -0.006905655 0.999971628 -0.002997966 0.812481940 0.044177860 0.003300193 0.999018133 44.722198486
0.999002397 0.007562673 -0.044014618 -3.069258213 -0.007675758 0.999967635 -0.002400802 0.824734032 0.043995034 0.002736252 0.999028027 45.376575470
0.999037921 0.008294830 -0.043064646 -3.100957394 -0.008422575 0.999960542 -0.002785808 0.834647417 0.043039847 0.003145843 0.999068499 46.023517609
0.999053359 0.008748248 -0.042612206 -3.130516052 -0.008846169 0.999958634 -0.002109887 0.847716331 0.042591985 0.002484845 0.999089479 46.664356232
0.999059856 0.008490040 -0.042511370 -3.158566713 -0.008513818 0.999963820 -0.000378328 0.859666288 0.042506609 0.000739906 0.999095917 47.290790558
0.999058545 0.008545456 -0.042531583 -3.185282230 -0.008530319 0.999963462 0.000537354 0.871846378 0.042534616 -0.000174040 0.999094963 47.906784058
0.999064207 0.008790284 -0.042349461 -3.213792801 -0.008792671 0.999961317 0.000129992 0.883805275 0.042348966 0.000242495 0.999102831 48.519817352
0.999067426 0.008817740 -0.042269737 -3.241599798 -0.008842719 0.999960840 -0.000403988 0.895245433 0.042264514 0.000777391 0.999106169 49.131767273
0.999056816 0.008308939 -0.042619284 -3.267217159 -0.008324934 0.999965310 -0.000197834 0.910274327 0.042616162 0.000552451 0.999091387 49.729648590
0.999049067 0.008471120 -0.042772189 -3.295651913 -0.008496829 0.999963820 -0.000419327 0.923248351 0.042767093 0.000782356 0.999084771 50.335285187
0.999046445 0.007757539 -0.042965759 -3.321545124 -0.007768034 0.999969780 -0.000077297 0.938309669 0.042963866 0.000410983 0.999076486 50.943950653
0.999034703 0.007067447 -0.043358710 -3.347528219 -0.007077915 0.999974966 -0.000087903 0.953057766 0.043356996 0.000394707 0.999059558 51.552631378
0.999026537 0.006424343 -0.043642681 -3.374949455 -0.006395255 0.999979198 0.000806090 0.967303038 0.043646958 -0.000526200 0.999046803 52.151283264
0.999011755 0.006522296 -0.043965407 -3.401052952 -0.006504993 0.999978721 0.000536611 0.981514335 0.043967970 -0.000250086 0.999032915 52.749298096
0.998998940 0.006167859 -0.044304606 -3.430083513 -0.006134144 0.999980748 0.000896898 0.994721174 0.044309288 -0.000624229 0.999017596 53.338291168
0.998962104 0.006979089 -0.045011550 -3.461274624 -0.006979870 0.999975622 0.000139843 1.008623242 0.045011424 0.000174477 0.998986602 53.930061340
0.998923481 0.005573920 -0.046052530 -3.488169193 -0.005567183 0.999984443 0.000274541 1.022585154 0.046053346 -0.000017862 0.998938978 54.512634277
0.998879850 0.005380640 -0.047011323 -3.518269300 -0.005426973 0.999984860 -0.000858024 1.036877036 0.047005989 0.001112192 0.998893976 55.101493835
0.998823464 0.004367891 -0.048297275 -3.547256470 -0.004447385 0.999988914 -0.001538601 1.050338030 0.048290029 0.001751588 0.998831809 55.686210632
0.998736143 0.005157528 -0.049995180 -3.581522226 -0.005274775 0.999983549 -0.002213507 1.060157537 0.049982946 0.002474423 0.998746991 56.259521484
0.998624086 0.005740847 -0.052123874 -3.615031719 -0.005925455 0.999976695 -0.003387875 1.073324442 0.052103207 0.003692072 0.998634875 56.838211060
0.998503983 0.005360175 -0.054415245 -3.649484634 -0.005603252 0.999974966 -0.004315477 1.084508657 0.054390758 0.004613922 0.998509049 57.410385132
0.998364568 0.005268405 -0.056924369 -3.685168266 -0.005537257 0.999974251 -0.004566244 1.095334291 0.056898851 0.004873982 0.998367965 57.983211517
0.998239458 0.004917720 -0.059108660 -3.723356009 -0.005237393 0.999972463 -0.005254499 1.105080009 0.059081201 0.005554822 0.998237729 58.549144745
0.998106599 0.005377472 -0.061272100 -3.762351751 -0.005662189 0.999973953 -0.004474076 1.116649508 0.061246447 0.004812540 0.998111010 59.119571686
0.997992814 0.005120938 -0.063119657 -3.799032688 -0.005348605 0.999979734 -0.003438459 1.127047062 0.063100785 0.003769160 0.998000026 59.682933807
0.997894228 0.004703978 -0.064691745 -3.838575840 -0.004884783 0.999984622 -0.002637001 1.138743401 0.064678326 0.002947453 0.997901797 60.245307922
0.997801781 0.004301141 -0.066129193 -3.878839254 -0.004466691 0.999987245 -0.002355800 1.147500277 0.066118203 0.002646000 0.997808278 60.806163788
0.997698605 0.003377555 -0.067720838 -3.916094065 -0.003547695 0.999990761 -0.002392257 1.158969879 0.067712151 0.002627004 0.997701466 61.365482330
0.997609615 0.002450081 -0.069057949 -3.955914497 -0.002572894 0.999995291 -0.001689498 1.171101928 0.069053493 0.001863138 0.997611165 61.925960541
0.997519076 0.001934916 -0.070369035 -3.996645212 -0.002016965 0.999997377 -0.001094951 1.185511827 0.070366718 0.001234166 0.997520566 62.477298737
0.997409225 0.003010022 -0.071873680 -4.038083076 -0.003159462 0.999993086 -0.001965585 1.196075559 0.071867265 0.002187576 0.997411788 63.025466919
0.997316778 0.003044164 -0.073142402 -4.082811832 -0.003290441 0.999989271 -0.003246827 1.206427932 0.073131710 0.003478786 0.997316241 63.579219818
0.997237682 0.001300965 -0.074264981 -4.123528957 -0.001499949 0.999995410 -0.002623666 1.217414618 0.074261211 0.002727812 0.997235119 64.126457214
0.997117698 -0.001042474 -0.075862177 -4.161015034 0.001009285 0.999999404 -0.000475825 1.233899117 0.075862601 0.000397887 0.997118175 64.673309326
0.996992350 -0.002844717 -0.077446908 -4.199588776 0.003102044 0.999990046 0.003202519 1.251253009 0.077437021 -0.003433131 0.996991336 65.220512390
0.996916413 -0.001801899 -0.078450121 -4.245501518 0.002449385 0.999963701 0.008158036 1.265717745 0.078432567 -0.008325033 0.996884584 65.767013550
0.996846020 0.000227381 -0.079359703 -4.295327663 0.000624081 0.999942541 0.010704177 1.277170539 0.079357579 -0.010719941 0.996788561 66.311805725
0.996725261 -0.000494526 -0.080860876 -4.336781979 0.001229984 0.999958396 0.009045790 1.293358445 0.080853045 -0.009115625 0.996684253 66.849311829
0.996656895 -0.001799191 -0.081681006 -4.383201122 0.002254032 0.999982536 0.005476640 1.306911945 0.081669733 -0.005642442 0.996643424 67.380012512
0.996620059 -0.001960176 -0.082125537 -4.433594227 0.002201456 0.999993503 0.002847494 1.322129965 0.082119413 -0.003018664 0.996617913 67.907188416
0.996546507 -0.001713429 -0.083019108 -4.475308418 0.001747625 0.999998450 0.000339241 1.341040373 0.083018385 -0.000483156 0.996547818 68.449531555
0.996481419 -0.002075181 -0.083788022 -4.524991035 0.002082499 0.999997795 -0.000000056 1.349460721 0.083787829 -0.000174433 0.996483505 68.976943970
0.996406019 -0.001404702 -0.084694013 -4.570310593 0.001364553 0.999998868 -0.000531939 1.359533668 0.084694669 0.000414457 0.996406853 69.486991882
0.996356487 -0.001289731 -0.085276864 -4.619306564 0.001243993 0.999999046 -0.000589492 1.371095777 0.085277535 0.000481261 0.996357143 70.005844116
0.996278584 -0.000819464 -0.086187974 -4.662232876 0.000707451 0.999998868 -0.001330172 1.388707161 0.086188957 0.001264248 0.996278048 70.528915405
0.996223390 -0.000643367 -0.086824425 -4.711139679 0.000614649 0.999999762 -0.000357489 1.401215315 0.086824641 0.000302772 0.996223569 71.059654236
0.996130288 -0.000522557 -0.087887719 -4.758613110 0.000537331 0.999999881 0.000144434 1.421231866 0.087887630 -0.000191100 0.996130347 71.590240479
0.996015191 -0.001756010 -0.089166559 -4.797185421 0.001928717 0.999996424 0.001850781 1.423796177 0.089162983 -0.002015383 0.996014953 72.097320557
0.995941877 -0.001375244 -0.089988485 -4.851774216 0.001613196 0.999995410 0.002571571 1.438708186 0.089984529 -0.002706305 0.995939493 72.601417542
0.995828092 -0.001258016 -0.091241248 -4.904319286 0.001525428 0.999994695 0.002861142 1.448035240 0.091237172 -0.002988387 0.995824695 73.099586487
0.995689511 -0.001623567 -0.092735127 -4.950109959 0.001862986 0.999995172 0.002495246 1.466039658 0.092730612 -0.002657255 0.995687664 73.638320923
0.995584965 -0.001223838 -0.093857683 -5.002258778 0.001459208 0.999996006 0.002439132 1.480271816 0.093854316 -0.002565320 0.995582640 74.161293030
0.995468616 -0.001440716 -0.095079049 -5.053318024 0.001649571 0.999996364 0.002118086 1.491856337 0.095075645 -0.002265328 0.995467424 74.663314819
0.995348394 -0.001154727 -0.096333206 -5.105144501 0.001276501 0.999998331 0.001202469 1.505845308 0.096331671 -0.001319845 0.995348334 75.177459717
0.995221794 -0.001033089 -0.097634770 -5.157535553 0.001095273 0.999999166 0.000583310 1.518206358 0.097634085 -0.000687459 0.995222092 75.677436829
0.995066464 -0.000501512 -0.099208541 -5.208846092 0.000552670 0.999999702 0.000488179 1.528604627 0.099208280 -0.000540600 0.995066524 76.186630249
0.994915068 -0.000548807 -0.100715771 -5.260152340 0.000552570 0.999999821 0.000009468 1.540497780 0.100715749 -0.000065073 0.994915247 76.695953369
0.994745612 -0.001093783 -0.102371603 -5.311098099 0.001183205 0.999998987 0.000812789 1.555055261 0.102370597 -0.000929644 0.994745851 77.201347351
0.994594634 -0.000470814 -0.103832960 -5.366112709 0.000825102 0.999993980 0.003369164 1.568494320 0.103830755 -0.003436626 0.994589031 77.692863464
0.994444549 0.000196989 -0.105261452 -5.418798447 0.000346200 0.999986708 0.005142083 1.580220103 0.105261050 -0.005149958 0.994431317 78.160507202
0.994281471 0.001188677 -0.106784642 -5.470520496 -0.000683604 0.999988377 0.004766305 1.590125918 0.106789075 -0.004666049 0.994270682 78.612197876
0.994127989 0.001178909 -0.108204141 -5.525434017 -0.000889021 0.999995828 0.002727286 1.597006559 0.108206935 -0.002615076 0.994124889 79.049819946
0.993952632 0.001467761 -0.109799817 -5.575841904 -0.001458910 0.999998927 0.000160952 1.603917837 0.109799944 0.000000209 0.993953705 79.467681885
