1.000000000 0.000000000 0.000000000 0.000000000 0.000000000 1.000000000 0.000000000 0.000000000 0.000000000 0.000000000 1.000000000 0.000000000
1.000000000 -0.000171921 -0.000048651 0.000043804 0.000171923 1.000000000 0.000044255 0.000138961 0.000048644 -0.000044263 1.000000000 0.001620367
1.000000000 -0.000036754 -0.000004458 -0.000321168 0.000036754 1.000000000 0.000035141 -0.000068729 0.000004457 -0.000035141 1.000000000 0.000348261
1.000000000 0.000016301 0.000013223 -0.000452981 -0.000016301 1.000000000 -0.000006727 0.000206380 -0.000013223 0.000006727 1.000000000 0.000761199
1.000000000 0.000205129 -0.000015128 -0.000561734 -0.000205130 1.000000000 -0.000023908 0.000891243 0.000015123 0.000023911 1.000000000 0.002505575
0.999999940 0.000251043 0.000021485 -0.000303331 -0.000251044 0.999999940 0.000038721 0.000385380 -0.000021475 -0.000038726 1.000000000 0.000879800
1.000000000 0.000035106 0.000009781 -0.000322289 -0.000035107 1.000000000 0.000010119 0.000290730 -0.000009781 -0.000010119 1.000000000 0.001304604
1.000000000 0.000069913 0.000010055 -0.000110324 -0.000069913 1.000000000 0.000009116 0.000183573 -0.000010055 -0.000009117 1.000000000 0.002808282
1.000000000 0.000060664 0.000000964 -0.000270900 -0.000060664 1.000000000 0.000033823 0.000241813 -0.000000962 -0.000033823 1.000000000 0.003041081
1.000000000 0.000221047 -0.000005181 -0.000088938 -0.000221046 1.000000000 0.000051571 -0.000093482 0.000005192 -0.000051570 1.000000000 0.001826788
1.000000000 0.000216629 -0.000002288 -0.000116645 -0.000216629 1.000000000 -0.000017965 0.000588004 0.000002284 0.000017966 1.000000000 0.000511494
1.000000000 0.000026233 -0.000013873 0.000307450 -0.000026233 1.000000000 -0.000019746 0.001049899 0.000013873 0.000019746 1.000000000 0.002644939
1.000000000 0.000074309 -0.000002830 -0.000424200 -0.000074309 1.000000000 0.000020737 0.000979881 0.000002832 -0.000020737 1.000000000 0.002771226
1.000000000 -0.000014158 0.000007228 -0.000206489 0.000014158 1.000000000 0.000025439 0.000066053 -0.000007229 -0.000025439 1.000000000 0.002037816
1.000000000 0.000034717 -0.000005259 0.000285636 -0.000034717 1.000000000 -0.000010193 0.000814378 0.000005258 0.000010193 1.000000000 0.004054867
1.000000000 -0.000037471 0.000002001 -0.000508960 0.000037471 1.000000000 0.000016473 0.000421860 -0.000002002 -0.000016473 1.000000000 0.000552795
1.000000000 0.000011071 0.000027438 -0.001055397 -0.000011071 1.000000000 0.000002808 0.000615713 -0.000027438 -0.000002808 1.000000000 0.001164269
1.000000000 -0.000171495 0.000045242 -0.000796135 0.000171494 1.000000000 0.000018583 0.000384823 -0.000045245 -0.000018575 1.000000000 0.002549120
1.000000000 0.000033541 0.000000469 -0.000624679 -0.000033541 1.000000000 0.000030272 0.000113089 -0.000000468 -0.000030272 1.000000000 -0.000260537
1.000000000 -0.000029666 0.000018665 -0.000813731 0.000029665 1.000000000 0.000035552 0.000170665 -0.000018666 -0.000035552 1.000000000 -0.001273766
1.000000000 0.000143982 0.000018685 -0.000732150 -0.000143982 1.000000000 0.000010833 0.000138068 -0.000018683 -0.000010835 1.000000000 -0.000745160
1.000000000 0.000261709 0.000011375 -0.000706460 -0.000261709 1.000000000 -0.000019434 0.001069709 -0.000011380 0.000019431 1.000000000 -0.002108257
1.000000000 0.000024562 0.000024484 -0.000642077 -0.000024563 1.000000000 0.000025965 0.000643022 -0.000024484 -0.000025966 1.000000000 -0.001218789
1.000000000 0.000163697 -0.000001272 0.000062360 -0.000163697 1.000000000 -0.000001659 0.000485899 0.000001272 0.000001660 1.000000000 -0.000067992
1.000000000 0.000001573 0.000052316 -0.001123197 -0.000001573 1.000000000 -0.000001498 -0.000319138 -0.000052316 0.000001498 1.000000000 -0.003397834
1.000000000 -0.000076437 0.000037908 -0.000585522 0.000076437 1.000000000 0.000016948 0.000134495 -0.000037909 -0.000016946 1.000000000 -0.000081960
1.000000000 -0.000200380 -0.000006761 0.000037960 0.000200381 1.000000000 0.000009223 0.000076289 0.000006759 -0.000009225 1.000000000 0.000372627
1.000000000 0.000047464 0.000038934 -0.000637105 -0.000047462 1.000000000 -0.000067587 0.000314964 -0.000038937 0.000067585 1.000000000 0.002786394
1.000000000 -0.000015804 0.000005446 0.000159539 0.000015804 1.000000000 -0.000004296 0.000224092 -0.000005446 0.000004296 1.000000000 0.000318169
1.000000000 0.000058636 0.000052808 -0.000634460 -0.000058635 1.000000000 -0.000023780 0.000611911 -0.000052810 0.000023777 1.000000000 0.000550393
1.000000000 0.000022358 0.000066466 -0.000912606 -0.000022355 1.000000000 -0.000038583 0.000575441 -0.000066467 0.000038581 1.000000000 -0.000293052
0.999999940 0.000255009 0.000056505 -0.001231637 -0.000255007 0.999999940 -0.000042457 -0.000201284 -0.000056515 0.000042442 1.000000000 -0.003684005
1.000000000 0.000173783 0.000069340 -0.000929857 -0.000173783 1.000000000 0.000006213 -0.000062599 -0.000069339 -0.000006225 1.000000000 0.001395860
1.000000000 0.000275433 -0.000009122 0.001216485 -0.000275433 1.000000000 -0.000022260 0.000275883 0.000009116 0.000022263 1.000000000 0.005691120
1.000000000 0.000181380 0.000049104 -0.000058671 -0.000181378 1.000000000 -0.000042159 -0.000097742 -0.000049112 0.000042150 1.000000000 0.005950111
1.000000000 0.000282554 0.000025056 0.000493691 -0.000282553 1.000000000 -0.000012703 0.000147422 -0.000025060 0.000012696 1.000000000 0.004778923
1.000000000 0.000141147 0.000027877 0.000625384 -0.000141147 1.000000000 -0.000007690 0.000451933 -0.000027878 0.000007686 1.000000000 0.006202778
1.000000000 0.000190019 0.000026978 0.000595936 -0.000190019 1.000000000 -0.000000499 0.000228382 -0.000026978 0.000000494 1.000000000 0.005640301
0.999999881 0.000496003 0.000042589 0.000143955 -0.000496001 0.999999881 -0.000040933 0.000530679 -0.000042609 0.000040912 1.000000000 0.004142486
1.000000000 0.000160068 0.000041893 -0.000951231 -0.000160066 1.000000000 -0.000038336 0.000165466 -0.000041899 0.000038329 1.000000000 -0.000816269
1.000000000 0.000345115 0.000048649 -0.000696036 -0.000345113 1.000000000 -0.000028139 0.000321995 -0.000048659 0.000028122 1.000000000 0.000541032
1.000000000 0.000255339 0.000068624 -0.000668248 -0.000255337 1.000000000 -0.000024164 0.000123370 -0.000068630 0.000024147 1.000000000 0.000261073
1.000000000 0.000122227 0.000033987 -0.000295218 -0.000122227 1.000000000 -0.000015613 0.000503186 -0.000033989 0.000015609 1.000000000 0.003342441
1.000000000 0.000087142 0.000051471 -0.000693384 -0.000087141 1.000000000 -0.000014945 0.000091694 -0.000051472 0.000014941 1.000000000 0.000324894
1.000000000 0.000147602 0.000029086 -0.000335263 -0.000147601 1.000000000 -0.000039604 0.000209895 -0.000029092 0.000039600 1.000000000 0.001714848
1.000000000 0.000255016 0.000046038 -0.000495351 -0.000255014 1.000000000 -0.000043677 0.000276529 -0.000046049 0.000043666 1.000000000 -0.000327269
1.000000000 0.000302430 0.000042008 -0.000419969 -0.000302428 1.000000000 -0.000048477 0.000452925 -0.000042022 0.000048464 1.000000000 0.002382382
1.000000000 0.000119224 0.000065196 -0.000620201 -0.000119222 1.000000000 -0.000026703 0.000053772 -0.000065199 0.000026695 1.000000000 0.001245143
1.000000000 0.000154857 0.000076790 -0.000857096 -0.000154851 1.000000000 -0.000069767 0.000346821 -0.000076801 0.000069755 1.000000000 0.000982766
1.000000000 0.000156950 0.000042778 -0.000470199 -0.000156949 1.000000000 -0.000027753 0.000108907 -0.000042782 0.000027746 1.000000000 0.002179518
1.000000000 0.000077432 0.000066168 -0.000703673 -0.000077429 1.000000000 -0.000039605 0.000297886 -0.000066171 0.000039600 1.000000000 0.001489851
1.000000000 0.000070256 0.000044802 -0.000402347 -0.000070254 1.000000000 -0.000064120 0.000490167 -0.000044806 0.000064117 1.000000000 0.002556002
1.000000000 0.000126587 0.000036625 -0.000529528 -0.000126587 1.000000000 -0.000024403 0.000239952 -0.000036628 0.000024399 1.000000000 0.000367066
1.000000000 0.000322989 0.000048229 -0.000335460 -0.000322986 1.000000000 -0.000060338 0.000489040 -0.000048249 0.000060323 1.000000000 0.003610732
1.000000000 0.000200504 0.000029575 -0.000349902 -0.000200502 1.000000000 -0.000067442 0.000582190 -0.000029588 0.000067436 1.000000000 0.001628421
1.000000000 -0.000003118 0.000033204 -0.000546906 0.000003120 1.000000000 -0.000033587 0.000035747 -0.000033203 0.000033587 1.000000000 0.000967288
1.000000000 -0.000093501 0.000029849 -0.000910383 0.000093502 1.000000000 -0.000021413 -0.000133057 -0.000029847 0.000021416 1.000000000 0.001241457
1.000000000 0.000169044 0.000045435 -0.000578699 -0.000169041 1.000000000 -0.000054886 0.000490647 -0.000045445 0.000054878 1.000000000 0.002209116
0.999999881 0.000453537 0.000077484 -0.001217931 -0.000453531 0.999999881 -0.000078934 0.000557106 -0.000077520 0.000078899 1.000000000 0.000326135
0.999999881 0.000480913 0.000080576 -0.000667722 -0.000480906 0.999999881 -0.000080435 0.000449728 -0.000080614 0.000080396 1.000000000 0.001169818
1.000000000 0.000227478 0.000064965 -0.000808696 -0.000227475 1.000000000 -0.000056030 0.000360370 -0.000064978 0.000056015 1.000000000 0.001651332
1.000000000 0.000175240 0.000061334 -0.000521719 -0.000175236 1.000000000 -0.000068369 0.000607325 -0.000061346 0.000068358 1.000000000 0.003531182
1.000000000 0.000178586 0.000060596 -0.000528553 -0.000178583 1.000000000 -0.000062809 0.000648501 -0.000060607 0.000062798 1.000000000 0.002776547
0.999999940 0.000386791 0.000073516 -0.000852098 -0.000386786 0.999999940 -0.000064636 0.000339879 -0.000073541 0.000064607 1.000000000 0.001803829
1.000000000 0.000183257 0.000037256 -0.000476037 -0.000183255 1.000000000 -0.000049426 -0.000034476 -0.000037265 0.000049419 1.000000000 0.003770586
1.000000000 0.000105478 0.000108641 -0.000660924 -0.000105466 1.000000000 -0.000112030 0.000341792 -0.000108653 0.000112019 1.000000000 -0.001497626
1.000000000 0.000245128 0.000102345 -0.000891194 -0.000245114 1.000000000 -0.000143711 0.000660271 -0.000102380 0.000143686 1.000000000 -0.002961795
1.000000000 0.000009165 0.000085889 -0.001039391 -0.000009152 1.000000000 -0.000151041 0.000404028 -0.000085890 0.000151041 1.000000000 0.000036340
1.000000000 0.000249721 0.000044634 0.000543481 -0.000249717 1.000000000 -0.000091900 0.000500615 -0.000044657 0.000091889 1.000000000 0.001937606
1.000000000 0.000170418 0.000084853 -0.001223597 -0.000170414 1.000000000 -0.000042235 -0.000065017 -0.000084861 0.000042221 1.000000000 -0.003326562
1.000000000 -0.000023586 0.000093101 -0.001341521 0.000023618 1.000000000 -0.000343433 0.000088687 -0.000093093 0.000343436 0.999999940 -0.002041064
1.000000000 0.000256250 0.000109975 -0.001465982 -0.000256143 0.999999523 -0.000975583 0.000544885 -0.000110225 0.000975555 0.999999523 -0.003529707
1.000000000 -0.000070902 0.000052132 -0.000845258 0.000070973 0.999999046 -0.001370565 0.000681725 -0.000052035 0.001370569 0.999999046 -0.001006590
0.999999881 -0.000312211 0.000046834 -0.000893348 0.000312280 0.999998868 -0.001476223 0.001089498 -0.000046373 0.001476238 0.999998927 -0.002363052
0.999999940 -0.000034189 0.000098401 -0.001067734 0.000034351 0.999998629 -0.001653995 0.001544127 -0.000098344 0.001653999 0.999998689 -0.003164202
0.999999881 -0.000520066 -0.000007653 -0.000921494 0.000520054 0.999998689 -0.001540188 0.000110689 0.000008454 0.001540183 0.999998808 -0.006683706
0.999999940 -0.000388574 0.000062229 -0.001144118 0.000388651 0.999999166 -0.001243570 -0.000230229 -0.000061746 0.001243594 0.999999225 -0.005598253
1.000000000 -0.000169777 0.000056636 -0.000438613 0.000169880 0.999998271 -0.001822884 0.001068859 -0.000056326 0.001822893 0.999998331 0.000463972
0.999999940 -0.000324812 0.000057875 -0.000702661 0.000324889 0.999999046 -0.001344618 0.000300253 -0.000057438 0.001344636 0.999999106 0.002606531
0.999999881 -0.000564346 0.000035316 -0.000950167 0.000564406 0.999998450 -0.001707575 0.000583599 -0.000034352 0.001707595 0.999998569 -0.005592379
0.999999642 -0.000742341 0.000118383 -0.000906789 0.000742546 0.999998212 -0.001737318 0.001027377 -0.000117093 0.001737406 0.999998510 -0.001810198
0.999998808 -0.001520894 0.000200489 -0.000292859 0.001521240 0.999997377 -0.001738876 0.001050024 -0.000197844 0.001739179 0.999998510 -0.003641827
0.999998868 -0.001476804 0.000170479 -0.000747921 0.001477025 0.999998033 -0.001304816 0.001503798 -0.000168551 0.001305067 0.999999166 -0.001635881
0.999998868 -0.001515648 0.000100041 0.000347806 0.001515766 0.999998152 -0.001189896 0.000438760 -0.000098238 0.001190047 0.999999285 -0.002491601
0.999999285 -0.001174477 0.000102101 -0.000635524 0.001174631 0.999998152 -0.001530035 0.001198363 -0.000100304 0.001530154 0.999998808 -0.002333575
0.999999464 -0.001074112 0.000118237 -0.000357121 0.001074321 0.999997854 -0.001788349 0.001426147 -0.000116316 0.001788475 0.999998391 -0.003966404
0.999999821 -0.000731231 0.000149370 -0.000911500 0.000731487 0.999998271 -0.001719795 0.002051281 -0.000148112 0.001719904 0.999998510 -0.001803316
0.999999821 -0.000598309 0.000133711 -0.000578879 0.000598507 0.999998748 -0.001484491 0.001402074 -0.000132823 0.001484571 0.999998868 -0.004567404
0.999999881 -0.000521162 0.000103555 -0.000318309 0.000521285 0.999999166 -0.001185917 0.001160858 -0.000102937 0.001185971 0.999999285 -0.003139467
0.999999821 -0.000629303 0.000110773 -0.000437642 0.000629409 0.999999344 -0.000958993 0.001201243 -0.000110169 0.000959062 0.999999523 0.000200577
0.999999702 -0.000845617 0.000059171 -0.001418380 0.000845654 0.999999523 -0.000617448 0.000699578 -0.000058649 0.000617498 0.999999821 -0.005897231
0.999999523 -0.000954911 0.000143855 -0.000356115 0.000954941 0.999999523 -0.000204818 0.000347799 -0.000143659 0.000204955 0.999999940 -0.001070625
0.999999106 -0.001313885 0.000214053 -0.001119779 0.001313873 0.999999046 0.000058084 0.000343749 -0.000214129 -0.000057803 1.000000000 -0.008512304
0.999999523 -0.000972717 0.000067836 -0.001403717 0.000972704 0.999999464 0.000192539 0.000478641 -0.000068023 -0.000192473 1.000000000 -0.008955222
0.999999821 -0.000589789 0.000132520 -0.000040048 0.000589747 0.999999762 0.000314401 0.000112487 -0.000132705 -0.000314322 1.000000000 -0.006283553
0.999999642 -0.000840990 0.000108243 -0.000109109 0.000840951 0.999999583 0.000354752 0.000524639 -0.000108541 -0.000354660 0.999999940 -0.005876822
0.999999762 -0.000634364 0.000059726 -0.000800428 0.000634335 0.999999642 0.000481672 0.000542121 -0.000060032 -0.000481634 0.999999881 -0.006679770
0.999999821 -0.000670990 0.000167684 -0.000749281 0.000670920 0.999999762 0.000417963 0.001082066 -0.000167964 -0.000417851 0.999999881 -0.008538511
0.999999881 -0.000529417 0.000091777 -0.000239998 0.000529365 0.999999702 0.000558594 0.001444212 -0.000092073 -0.000558545 0.999999821 -0.002363231
0.999999940 -0.000412981 0.000025408 -0.000890924 0.000412941 0.999998689 0.001565491 0.000854087 -0.000026055 -0.001565481 0.999998748 -0.001251031
0.999999881 -0.000272489 0.000174046 -0.000946448 0.000272390 0.999999821 0.000568795 0.000164213 -0.000174201 -0.000568748 0.999999762 -0.007200900
0.999999821 -0.000393977 0.000126753 -0.001019458 0.000393907 0.999999762 0.000551039 0.000448220 -0.000126970 -0.000550989 0.999999821 -0.006504753
0.999999881 -0.000255273 0.000047791 -0.001475708 0.000255266 0.999999940 0.000162556 0.000752991 -0.000047832 -0.000162544 0.999999940 -0.012222823
0.999999821 -0.000612529 0.000071646 -0.000845119 0.000612529 0.999999821 0.000006505 0.000697541 -0.000071650 -0.000006461 1.000000000 -0.004265686
0.999999762 -0.000702815 0.000117705 -0.000549529 0.000702845 0.999999762 -0.000256143 0.000786169 -0.000117525 0.000256226 0.999999940 -0.002661108
0.999999762 -0.000655550 0.000058024 -0.000852376 0.000655575 0.999999642 -0.000425760 0.001386406 -0.000057745 0.000425798 0.999999881 -0.001074948
0.999999702 -0.000838745 0.000086178 -0.000913130 0.000838777 0.999999642 -0.000367359 0.001018686 -0.000085869 0.000367431 0.999999940 -0.003558269
0.999999821 -0.000700440 0.000077466 -0.000184648 0.000700459 0.999999762 -0.000247077 0.001400418 -0.000077293 0.000247131 0.999999940 0.000147575
0.999999762 -0.000685625 -0.000007317 -0.001115925 0.000685616 0.999999166 -0.001111296 0.000874119 0.000008079 0.001111290 0.999999404 -0.004128472
0.999999225 -0.001226642 -0.000179515 -0.001085210 0.001226125 0.999995172 -0.002851226 0.000149334 0.000183011 0.002851003 0.999995947 -0.002955481
0.999999166 -0.001286995 -0.000289431 -0.001569796 0.001285424 0.999984801 -0.005364101 -0.001277584 0.000296330 0.005363725 0.999985576 0.004057363
0.999998391 -0.001543314 -0.000893541 -0.000961827 0.001535952 0.999965310 -0.008182373 0.000374649 0.000906139 0.008180986 0.999966145 0.027362078
0.999995887 -0.002332714 -0.001668174 -0.000275696 0.002315645 0.999945700 -0.010161323 -0.002910505 0.001691787 0.010157420 0.999946952 0.064822622
0.999993384 -0.002539984 -0.002571046 -0.006706542 0.002508141 0.999920964 -0.012313736 -0.001284874 0.002602120 0.012307205 0.999920905 0.136685252
0.999988496 -0.002570040 -0.004036920 -0.007026152 0.002519185 0.999917984 -0.012552380 0.001293477 0.004068849 0.012542065 0.999913096 0.226917669
0.999978960 -0.002747626 -0.005879926 -0.011157145 0.002679191 0.999928951 -0.011615198 0.004920714 0.005911424 0.011599199 0.999915183 0.339908481
0.999964237 -0.002046480 -0.008203845 -0.021842480 0.001959473 0.999941885 -0.010599596 0.008186419 0.008225059 0.010583141 0.999910176 0.453692496
0.999935031 -0.002908663 -0.011022690 -0.023384456 0.002802556 0.999949694 -0.009629554 0.012645783 0.011050144 0.009598036 0.999892890 0.593853474
0.999895036 -0.003544035 -0.014048046 -0.029401429 0.003427658 0.999959707 -0.008299586 0.013775639 0.014076893 0.008250564 0.999866843 0.728501379
0.999846637 -0.003717535 -0.017114418 -0.038552321 0.003588197 0.999964833 -0.007581788 0.017944530 0.017141992 0.007519214 0.999824762 0.885556340
0.999790549 -0.002728304 -0.020282883 -0.050053429 0.002577193 0.999968767 -0.007472585 0.026684741 0.020302637 0.007418747 0.999766350 1.060582280
0.999715805 -0.002091469 -0.023746969 -0.060891695 0.001918930 0.999971628 -0.007286185 0.034184121 0.023761539 0.007238545 0.999691427 1.235338569
0.999633133 -0.002002480 -0.027010933 -0.074144378 0.001810497 0.999972939 -0.007130175 0.037674215 0.027024476 0.007078656 0.999609709 1.408945560
0.999530315 -0.002546771 -0.030539550 -0.086541936 0.002296678 0.999963582 -0.008221438 0.044019062 0.030559370 0.008147437 0.999499738 1.592554092
0.999412596 -0.003515564 -0.034090277 -0.098635122 0.003221690 0.999957144 -0.008671578 0.046922587 0.034119297 0.008556654 0.999381065 1.776927233
0.999276280 -0.004331744 -0.037791241 -0.111957774 0.004029596 0.999959350 -0.008067688 0.053157531 0.037824642 0.007909565 0.999253094 1.977946997
0.999132216 -0.004594077 -0.041394826 -0.128955230 0.004278443 0.999961138 -0.007710331 0.058639966 0.041428633 0.007526536 0.999113142 2.179485559
0.998967230 -0.005198746 -0.045138262 -0.143100500 0.004870566 0.999960840 -0.007377509 0.065017194 0.045174852 0.007150041 0.998953521 2.390622139
0.998795152 -0.005075189 -0.048808958 -0.162934303 0.004720942 0.999961615 -0.007370376 0.070010848 0.048844498 0.007131072 0.998780966 2.596181631
0.998588324 -0.006264206 -0.052744541 -0.178528965 0.005891830 0.999956548 -0.007212490 0.074689813 0.052787431 0.006891547 0.998582006 2.808378458
0.998390079 -0.005897661 -0.056413502 -0.199462608 0.005489769 0.999957681 -0.007382622 0.081436619 0.056454662 0.007061039 0.998380184 3.030771732
0.998180091 -0.006131169 -0.059991371 -0.220838338 0.005706965 0.999957502 -0.007239859 0.087280117 0.060033213 0.006884313 0.998172641 3.247286797
0.997956753 -0.005953278 -0.063614696 -0.242956340 0.005506081 0.999958813 -0.007202791 0.089219049 0.063654959 0.006837806 0.997948527 3.458569288
0.997761905 -0.005469639 -0.066642955 -0.266964197 0.004948162 0.999955773 -0.007987505 0.096399575 0.066683702 0.007639868 0.997744918 3.686909199
0.997578740 -0.005736130 -0.069309488 -0.289005131 0.005048057 0.999936283 -0.010098629 0.102684602 0.069362998 0.009724298 0.997544110 3.913814783
0.997402728 -0.006256861 -0.071754031 -0.314182997 0.005336458 0.999901116 -0.013011725 0.107877433 0.071828343 0.012595018 0.997337401 4.153633595
0.997231543 -0.007011545 -0.074027307 -0.337341875 0.005964411 0.999879062 -0.014356842 0.115307480 0.074119024 0.013875566 0.997152865 4.412856102
0.997103214 -0.007189505 -0.075721696 -0.365355700 0.006087781 0.999872386 -0.014770454 0.124364324 0.075818233 0.014266687 0.997019589 4.690929890
0.996980250 -0.007290429 -0.077311426 -0.393334359 0.006064871 0.999852419 -0.016075198 0.128688738 0.077417195 0.015557771 0.996877372 4.971405983
0.996888876 -0.007266074 -0.078484043 -0.423646748 0.005913013 0.999830127 -0.017458627 0.135458589 0.078597538 0.016940232 0.996762633 5.269596100
0.996855378 -0.007048684 -0.078928180 -0.457008094 0.005618081 0.999816298 -0.018332774 0.139304727 0.079042889 0.017831702 0.996711731 5.579157829
0.996829629 -0.007642753 -0.079197615 -0.486848414 0.006162843 0.999802113 -0.018913902 0.153791770 0.079326503 0.018365853 0.996679485 5.926336765
0.996788800 -0.007603758 -0.079713754 -0.521849096 0.006153215 0.999811292 -0.018426778 0.157723233 0.079838820 0.017877106 0.996647477 6.265431404
0.996736526 -0.007859313 -0.080339938 -0.557798862 0.006370145 0.999803424 -0.018775381 0.171916276 0.080471709 0.018202327 0.996590674 6.645530224
0.996702015 -0.008305538 -0.080722563 -0.595521629 0.006804775 0.999799192 -0.018848972 0.178655431 0.080862902 0.018237505 0.996558368 7.025114059
0.996653497 -0.008054341 -0.081344306 -0.637805045 0.006494003 0.999790192 -0.019428257 0.189510986 0.081483737 0.018834986 0.996496677 7.434185505
0.996605098 -0.007913498 -0.081948295 -0.679852009 0.006423338 0.999809623 -0.018431839 0.197485775 0.082078516 0.017842887 0.996466100 7.843338966
0.996532738 -0.008023582 -0.082812726 -0.724461198 0.006534336 0.999812305 -0.018238690 0.209279552 0.082943514 0.017634327 0.996398211 8.287524223
0.996447265 -0.008241612 -0.083814718 -0.770132005 0.006735263 0.999811113 -0.018239234 0.218799323 0.083949193 0.017609918 0.996314406 8.735537529
0.996351361 -0.008448077 -0.084927216 -0.814963222 0.007114368 0.999846697 -0.015994560 0.230795979 0.085049324 0.015331997 0.996258795 9.199732780
0.996268511 -0.008298979 -0.085908137 -0.864291430 0.007217492 0.999890864 -0.012891816 0.242074952 0.086005732 0.012223669 0.996219635 9.673415184
0.996196985 -0.008497759 -0.086713865 -0.913936973 0.007487512 0.999900341 -0.011968968 0.253531784 0.086806953 0.011274179 0.996161282 10.146890640
0.996124029 -0.008831999 -0.087515414 -0.963259459 0.007790332 0.999894798 -0.012237090 0.266989917 0.087614290 0.011507883 0.996088147 10.624902725
0.996069610 -0.008920242 -0.088122673 -1.017072082 0.007767475 0.999879837 -0.013415674 0.274336010 0.088231765 0.012678453 0.996019304 11.097009659
0.996016502 -0.007501449 -0.088853173 -1.069747329 0.006391379 0.999898016 -0.012771250 0.290382445 0.088939920 0.012152480 0.995962918 11.584408760
0.995991111 -0.007492824 -0.089137852 -1.122044921 0.006478486 0.999911010 -0.011663309 0.301302910 0.089217290 0.011039075 0.995950997 12.072929382
0.995994866 -0.008001588 -0.089051910 -1.172466040 0.007080663 0.999918103 -0.010652554 0.315285623 0.089129873 0.009979345 0.995969951 12.570401192
0.996037185 -0.008954373 -0.088484921 -1.225228667 0.008140782 0.999921262 -0.009551312 0.327620655 0.088563472 0.008793127 0.996031642 13.063261986
0.996089756 -0.009486133 -0.087836102 -1.274579883 0.008857834 0.999932349 -0.007540129 0.340186477 0.087901711 0.006732607 0.996106327 13.571355820
0.996200085 -0.008506808 -0.086677000 -1.324968219 0.007874843 0.999939799 -0.007630347 0.351710349 0.086736701 0.006918785 0.996207178 14.073040009
0.996390820 -0.007102230 -0.084586464 -1.379363060 0.006418043 0.999944389 -0.008357806 0.367083907 0.084641106 0.007784763 0.996381104 14.583219528
0.996541619 -0.006681798 -0.082826026 -1.428607821 0.005909921 0.999936819 -0.009560906 0.383879304 0.082884684 0.009038347 0.996518075 15.093041420
0.996690631 -0.007571565 -0.080934636 -1.477157950 0.006781704 0.999926627 -0.010029688 0.398196340 0.081004672 0.009447623 0.996668875 15.617075920
0.996845424 -0.008546444 -0.078906097 -1.522224307 0.007791498 0.999920845 -0.009870591 0.411754996 0.078984231 0.009224655 0.996833205 16.148797989
0.996947944 -0.009321402 -0.077509865 -1.571582675 0.008577350 0.999913931 -0.009926796 0.426091015 0.077595718 0.009231668 0.996942163 16.691074371
0.997007489 -0.009237536 -0.076751396 -1.618813276 0.008496580 0.999914169 -0.009974929 0.444924831 0.076836959 0.009292953 0.997000277 17.245399475
0.997047901 -0.008912492 -0.076263234 -1.672286749 0.008195473 0.999919295 -0.009709731 0.456938684 0.076343596 0.009056051 0.997040451 17.792892456
0.997099698 -0.007395453 -0.075745411 -1.721349001 0.006661403 0.999928415 -0.009939081 0.483572721 0.075813510 0.009405686 0.997077584 18.381671906
0.997176111 -0.006331629 -0.074831016 -1.778222561 0.005602999 0.999934852 -0.009942947 0.493278682 0.074889094 0.009495594 0.997146666 18.942199707
0.997221231 -0.006068808 -0.074249655 -1.828884840 0.005372196 0.999939620 -0.009578164 0.515827179 0.074303307 0.009152666 0.997193694 19.545190811
0.997271061 -0.006163135 -0.073569685 -1.883114576 0.005525304 0.999945402 -0.008870114 0.533075809 0.073620334 0.008439412 0.997250617 20.137050629
0.997334838 -0.005809735 -0.072727762 -1.936789632 0.005215174 0.999951363 -0.008362384 0.552325130 0.072772801 0.007960808 0.997316778 20.753768921
0.997408986 -0.004667669 -0.071788475 -1.990540028 0.004058918 0.999954581 -0.008623332 0.569797933 0.071825460 0.008309606 0.997382522 21.357742310
0.997458756 -0.003988581 -0.071134642 -2.046451330 0.003375732 0.999956191 -0.008733476 0.589063525 0.071166359 0.008471150 0.997428477 21.991910934
0.997497261 -0.003440045 -0.070621356 -2.097077847 0.002759408 0.999948800 -0.009733131 0.605171323 0.070651226 0.009513901 0.997455716 22.612237930
0.997576594 -0.002202087 -0.069542088 -2.154842854 0.001480739 0.999944508 -0.010422672 0.626094639 0.069561183 0.010294439 0.997524559 23.256120682
0.997645497 -0.001812527 -0.068556644 -2.205733538 0.001141963 0.999951065 -0.009819094 0.647011220 0.068571068 0.009717686 0.997598886 23.895050049
0.997726858 -0.002036560 -0.067357086 -2.258691311 0.001530159 0.999970198 -0.007568883 0.661527932 0.067370512 0.007448610 0.997700214 24.536823273
0.997816324 -0.001038822 -0.066041596 -2.313374519 0.000686731 0.999985456 -0.005353827 0.684805393 0.066046216 0.005296783 0.997802496 25.201751709
0.997893572 -0.001097461 -0.064863347 -2.362265587 0.000844246 0.999991834 -0.003931107 0.697423100 0.064867139 0.003868065 0.997886419 25.839159012
0.997944832 -0.000985694 -0.064071566 -2.415645123 0.000727757 0.999991536 -0.004048974 0.719174147 0.064075038 0.003994025 0.997937024 26.511070251
0.998001397 -0.000153168 -0.063190579 -2.470710039 -0.000114530 0.999991059 -0.004232711 0.735539556 0.063190654 0.004231489 0.997992516 27.155668259
0.998068154 0.000081272 -0.062128525 -2.521808147 -0.000330407 0.999991953 -0.003999721 0.755913913 0.062127698 0.004012523 0.998060167 27.834548950
0.998124063 0.000417692 -0.061222695 -2.577092409 -0.000604543 0.999995232 -0.003033501 0.778682947 0.061221134 0.003064822 0.998119533 28.499591827
0.998182237 0.000991374 -0.060258292 -2.622582197 -0.001115230 0.999997258 -0.002021814 0.796675444 0.060256124 0.002085341 0.998180747 29.181943893
0.998254955 0.001690548 -0.059025690 -2.680346966 -0.001825552 0.999995828 -0.002233358 0.819317043 0.059021670 0.002337216 0.998253882 29.855762482
0.998310328 0.001353215 -0.058094345 -2.727746487 -0.001534955 0.999993980 -0.003083843 0.841595888 0.058089834 0.003167805 0.998306334 30.532857895
0.998366237 0.002064718 -0.057101574 -2.773191452 -0.002303404 0.999988854 -0.004114529 0.870747924 0.057092443 0.004239334 0.998359919 31.212125778
0.998421490 0.000286809 -0.056163043 -2.823827267 -0.000516185 0.999991596 -0.004069652 0.881697655 0.056161407 0.004092218 0.998413324 31.898618698
0.998474121 0.000438605 -0.055218294 -2.863704205 -0.000675094 0.999990702 -0.004264223 0.913997948 0.055215903 0.004294995 0.998465180 32.577659607
0.998517156 -0.000320219 -0.054437429 -2.913651466 0.000084594 0.999990761 -0.004330614 0.933047652 0.054438304 0.004319587 0.998507798 33.276878357
0.998570025 0.000230229 -0.053458929 -2.962595940 -0.000480131 0.999989033 -0.004661865 0.953034520 0.053457279 0.004680865 0.998559177 33.945915222
0.998600662 -0.001505412 -0.052862689 -3.005577087 0.001259356 0.999988139 -0.004687620 0.968917370 0.052869119 0.004614487 0.998590708 34.644611359
0.998630702 -0.002092418 -0.052270681 -3.052546978 0.001864861 0.999988496 -0.004401817 0.993107021 0.052279282 0.004298312 0.998623252 35.326061249
0.998665571 -0.003258326 -0.051540639 -3.100071907 0.003031487 0.999985397 -0.004478722 1.008952022 0.051554479 0.004316501 0.998660862 36.021327972
0.998691857 -0.003336647 -0.051026773 -3.144027710 0.003169748 0.999989271 -0.003351404 1.030825138 0.051037420 0.003185277 0.998691678 36.712951660
0.998709381 -0.002475506 -0.050727773 -3.186005354 0.002228421 0.999985397 -0.004926797 1.052382231 0.050739232 0.004807396 0.998700380 37.404087067
0.998732388 -0.001754867 -0.050304703 -3.232426643 0.001390767 0.999972582 -0.007271988 1.067375422 0.050316092 0.007192808 0.998707354 38.076629639
0.998758912 -0.001418195 -0.049785852 -3.277671814 0.000983785 0.999961257 -0.008748995 1.084457636 0.049796332 0.008689158 0.998721600 38.768703461
0.998794198 -0.001168333 -0.049079519 -3.324059963 0.000737962 0.999961138 -0.008786056 1.101731539 0.049087875 0.008739245 0.998756230 39.441936493
0.998818874 0.000418965 -0.048587386 -3.369326591 -0.000686998 0.999984562 -0.005499958 1.123815894 0.048584327 0.005526840 0.998803794 40.136737823
0.998854876 0.000910320 -0.047834530 -3.415221691 -0.001035403 0.999996126 -0.002590193 1.143792868 0.047831990 0.002636756 0.998851836 40.819004059
0.998881459 0.001019029 -0.047273822 -3.458250999 -0.001035460 0.999999344 -0.000323067 1.160185575 0.047273465 0.000371655 0.998881936 41.505722046
0.998889923 0.002707101 -0.047030695 -3.499306917 -0.002707316 0.999996245 0.000059132 1.185776114 0.047030691 0.000068260 0.998893440 42.171424866
0.998923719 0.003344943 -0.046263095 -3.548210144 -0.003424972 0.999992788 -0.001650697 1.203374982 0.046257250 0.001807370 0.998927951 42.836612701
0.998933733 0.003556524 -0.046030037 -3.587028265 -0.003686107 0.999989390 -0.002730598 1.225944042 0.046019845 0.002897358 0.998936236 43.489406586
0.998938024 0.003451742 -0.045945246 -3.629621506 -0.003538741 0.999992013 -0.001812310 1.238961339 0.045938637 0.001972974 0.998942316 44.140083313
0.998969257 0.004780358 -0.045140121 -3.668051243 -0.004897022 0.999984860 -0.002474291 1.261350155 0.045127623 0.002692793 0.998977602 44.779628754
0.998985946 0.004835442 -0.044762686 -3.705690861 -0.004913828 0.999986589 -0.001641315 1.278743029 0.044754148 0.001859607 0.998996317 45.407737732
0.998997509 0.004900873 -0.044496316 -3.746518612 -0.004916731 0.999987900 -0.000246965 1.304541945 0.044494562 0.000465494 0.999009430 46.030349731
0.998994827 0.004948219 -0.044551946 -3.783592224 -0.004917926 0.999987602 0.000789516 1.318051338 0.044555292 -0.000569619 0.999006748 46.641643524
0.998998046 0.004791030 -0.044496410 -3.819183111 -0.004766686 0.999988437 0.000653166 1.335103273 0.044499017 -0.000440411 0.999009252 47.241146088
0.998996615 0.004664276 -0.044542622 -3.855018854 -0.004672960 0.999989092 -0.000090852 1.351626873 0.044541713 0.000298906 0.999007463 47.843124390
0.998988807 0.004408679 -0.044741210 -3.892621279 -0.004408150 0.999990284 0.000110481 1.371516228 0.044741262 0.000086857 0.998998523 48.436664581
0.998980820 0.003996537 -0.044959977 -3.926770210 -0.004008026 0.999991953 -0.000165397 1.391973495 0.044958960 0.000345429 0.998988688 49.035179138
0.998987556 0.003454436 -0.044852663 -3.967010021 -0.003443229 0.999994040 0.000327120 1.407350421 0.044853520 -0.000172350 0.998993576 49.612384796
0.998963058 0.002869984 -0.045437787 -3.999804020 -0.002862835 0.999995887 0.000222392 1.430064678 0.045438237 -0.000092080 0.998967171 50.206466675
0.998950541 0.001720705 -0.045769654 -4.035393715 -0.001667011 0.999997854 0.001211289 1.443503976 0.045771647 -0.001133720 0.998951197 50.790836334
0.998934031 0.002145159 -0.046110459 -4.070590019 -0.002094116 0.999997139 0.001155255 1.462315083 0.046112813 -0.001057462 0.998935699 51.375762939
0.998924255 0.001667079 -0.046342198 -4.108993530 -0.001606885 0.999997795 0.001336112 1.481279850 0.046344325 -0.001260208 0.998924732 51.955669403
0.998882890 0.002496578 -0.047188576 -4.149257183 -0.002465839 0.999996722 0.000709598 1.502833605 0.047190193 -0.000592445 0.998885751 52.535736084
0.998837471 0.001540886 -0.048180129 -4.184788227 -0.001514380 0.999998689 0.000586640 1.520916104 0.048180968 -0.000512995 0.998838484 53.110729218
0.998788834 0.000862988 -0.049194593 -4.222411156 -0.000863989 0.999999642 0.000000915 1.535140038 0.049194586 0.000041590 0.998789191 53.678791046
0.998733103 -0.000109389 -0.050320644 -4.262129784 0.000066226 0.999999642 -0.000859435 1.550888896 0.050320718 0.000855013 0.998732746 54.244457245
0.998630643 0.000748992 -0.052308153 -4.302344322 -0.000822552 0.999998629 -0.001384761 1.567719817 0.052307054 0.001425891 0.998630047 54.808116913
0.998533547 0.001850949 -0.054104738 -4.350969315 -0.001996215 0.999994576 -0.002630992 1.584680557 0.054099571 0.002735138 0.998531818 55.374435425
0.998390019 0.001191107 -0.056709547 -4.389873505 -0.001379387 0.999993682 -0.003281056 1.598627687 0.056705289 0.003353998 0.998385310 55.926761627
0.998256922 0.000615524 -0.059014961 -4.435518265 -0.000829026 0.999993205 -0.003593345 1.615018129 0.059012342 0.003636006 0.998250544 56.491333008
0.998106360 0.000338016 -0.061510820 -4.480598450 -0.000585118 0.999991834 -0.003999237 1.624898791 0.061508957 0.004027654 0.998098552 57.037277222
0.997974038 0.000414026 -0.063619912 -4.524786949 -0.000622244 0.999994516 -0.003253079 1.642219305 0.063618228 0.003286075 0.997968912 57.591613770
0.997858703 0.000544224 -0.065406427 -4.572979450 -0.000677805 0.999997735 -0.002020155 1.658429146 0.065405205 0.002060161 0.997856677 58.149997711
0.997765362 0.000029563 -0.066815615 -4.622670650 -0.000110421 0.999999285 -0.001206470 1.673906207 0.066815540 0.001211151 0.997764528 58.690666199
0.997663140 0.000140695 -0.068326488 -4.669495106 -0.000215041 0.999999404 -0.001080741 1.691941261 0.068326302 0.001092908 0.997662425 59.236988068
0.997545421 -0.001530157 -0.070005685 -4.712191105 0.001459407 0.999998391 -0.001061762 1.705807805 0.070007175 0.000956988 0.997546017 59.777202606
0.997445762 -0.002376169 -0.071388595 -4.759952068 0.002347922 0.999997139 -0.000479593 1.724308014 0.071389534 0.000310753 0.997448385 60.320991516
0.997344851 -0.002976726 -0.072762690 -4.805795193 0.002998251 0.999995470 0.000186596 1.742584944 0.072761789 -0.000404261 0.997349262 60.853889465
0.997257888 -0.002111685 -0.073974982 -4.862049103 0.002060486 0.999997497 -0.000768424 1.757287264 0.073976427 0.000613892 0.997259796 61.391002655
0.997157037 -0.002270647 -0.075319044 -4.911398411 0.002149763 0.999996245 -0.001685991 1.772087812 0.075322598 0.001519279 0.997158051 61.917785645
0.997058034 -0.004078803 -0.076542005 -4.958131790 0.003987075 0.999991059 -0.001351180 1.789589047 0.076546825 0.001042027 0.997065365 62.449314117
0.996918857 -0.006224813 -0.078192703 -5.003331184 0.006306885 0.999979794 0.000802696 1.809881210 0.078186117 -0.001293375 0.996937871 62.994194031
0.996811152 -0.007694601 -0.079424024 -5.057801247 0.008088005 0.999956489 0.004632686 1.825628877 0.079384938 -0.005260295 0.996830165 63.509860992
0.996749103 -0.006581977 -0.080297835 -5.111598492 0.007379942 0.999926269 0.009644838 1.846871734 0.080228426 -0.010206080 0.996724248 64.040443420
0.996689200 -0.004932065 -0.081156194 -5.169330120 0.005946016 0.999907196 0.012256910 1.864279509 0.081088193 -0.012698886 0.996626019 64.568176270
0.996574521 -0.005562116 -0.082512662 -5.222418308 0.006511267 0.999915659 0.011238448 1.875918150 0.082443193 -0.011737211 0.996526659 65.085357666
0.996489704 -0.006789621 -0.083439641 -5.274547100 0.007421577 0.999945998 0.007265989 1.897354960 0.083385803 -0.007859736 0.996486366 65.599746704
0.996431828 -0.006910997 -0.084118210 -5.328819752 0.007321456 0.999962747 0.004572043 1.919240475 0.084083483 -0.005171598 0.996445298 66.115287781
0.996369183 -0.007246189 -0.084829018 -5.381440639 0.007481675 0.999969006 0.002458421 1.937131166 0.084808573 -0.003084158 0.996392488 66.629951477
0.996289492 -0.007557694 -0.085732803 -5.437626839 0.007781727 0.999967039 0.002279247 1.949158192 0.085712761 -0.002937939 0.996315539 67.135337830
0.996224642 -0.007074516 -0.086523317 -5.490106106 0.007219100 0.999972999 0.001358268 1.967725396 0.086511366 -0.001977760 0.996248901 67.644752502
0.996158361 -0.006528819 -0.087326020 -5.546927452 0.006662271 0.999977052 0.001236818 1.984860420 0.087315954 -0.001813856 0.996179044 68.155258179
0.996115744 -0.006296504 -0.087827161 -5.603085995 0.006397132 0.999979079 0.000864326 2.000123501 0.087819882 -0.001422811 0.996135354 68.661666870
0.996040583 -0.006710540 -0.088646062 -5.654856682 0.006912541 0.999974310 0.001971954 2.017825603 0.088630550 -0.002576916 0.996061265 69.169685364
0.995968342 -0.006948772 -0.089436136 -5.715557575 0.007255794 0.999968767 0.003108193 2.030591726 0.089411750 -0.003744592 0.995987713 69.677848816
0.995866299 -0.007681745 -0.090507433 -5.767798424 0.008107071 0.999957740 0.004332641 2.050416231 0.090470329 -0.005048480 0.995886505 70.177703857
0.995797515 -0.006913084 -0.091321126 -5.828779697 0.007415273 0.999959171 0.005161020 2.069742441 0.091281734 -0.005816502 0.995808125 70.691886902
0.995694876 -0.007496251 -0.092387639 -5.888849735 0.008048021 0.999951839 0.005601201 2.078259468 0.092341222 -0.006320627 0.995707273 71.185134888
0.995528698 -0.008388648 -0.094085492 -5.938777924 0.008928718 0.999945998 0.005320717 2.100417376 0.094035767 -0.006136989 0.995549917 71.699645996
0.995412648 -0.007687178 -0.095365465 -5.996836662 0.008232425 0.999951959 0.005325329 2.121343136 0.095319942 -0.006085989 0.995428085 72.203567505
0.995293438 -0.008567034 -0.096529141 -6.051814556 0.009092790 0.999946117 0.005008040 2.137118816 0.096481033 -0.005862189 0.995317578 72.698341370
0.995199919 -0.007806979 -0.097552359 -6.114979744 0.008224033 0.999958694 0.003873819 2.160478115 0.097518101 -0.004657498 0.995222867 73.195289612
0.995058000 -0.007937677 -0.098977603 -6.172416687 0.008341217 0.999958515 0.003663961 2.172986507 0.098944411 -0.004471447 0.995082915 73.684120178
0.994932294 -0.006517752 -0.100335561 -6.235072613 0.006886165 0.999970675 0.003325917 2.193537235 0.100310966 -0.003999990 0.994948089 74.183059692
0.994779170 -0.006842287 -0.101820827 -6.293761730 0.007190717 0.999969482 0.003055351 2.206625700 0.101796806 -0.003771565 0.994798064 74.672309875
0.994656265 -0.006739866 -0.103020936 -6.360064507 0.007205624 0.999965429 0.004149513 2.219450235 0.102989383 -0.004869670 0.994670510 75.142105103
0.994470179 -0.006199652 -0.104836397 -6.415136337 0.006930033 0.999954164 0.006604026 2.240605831 0.104790650 -0.007294026 0.994467556 75.623123169
0.994340420 -0.005216697 -0.106111974 -6.477065563 0.006136432 0.999946356 0.008342942 2.258214235 0.106062733 -0.008946876 0.994319201 76.076988220
0.994177043 -0.004890190 -0.107647955 -6.531400204 0.005823590 0.999948025 0.008358215 2.266636133 0.107601501 -0.008936442 0.994153857 76.514129639
0.993999839 -0.003785718 -0.109317303 -6.584388256 0.004466418 0.999972045 0.005982624 2.283840418 0.109291606 -0.006434984 0.993988931 76.924919128
0.993827760 -0.004245644 -0.110853009 -6.641459942 0.004679888 0.999982297 0.003657398 2.294594765 0.110835530 -0.004153604 0.993830085 77.330268860
