1.000000000 0.000000000 0.000000000 0.000000000 0.000000000 1.000000000 0.000000000 0.000000000 0.000000000 0.000000000 1.000000000 0.000000000
1.000000000 0.000025876 -0.000022177 -0.000180095 -0.000025879 1.000000000 -0.000136574 0.000076231 0.000022173 0.000136574 1.000000000 -0.000118173
1.000000000 0.000067041 -0.000005337 -0.000244535 -0.000067041 1.000000000 -0.000082058 -0.000032178 0.000005332 0.000082058 1.000000000 -0.000412591
1.000000000 0.000087808 0.000014394 -0.000040380 -0.000087809 1.000000000 0.000108572 -0.000031399 -0.000014385 -0.000108573 1.000000000 0.000404873
1.000000000 0.000042858 0.000006928 -0.000030247 -0.000042858 1.000000000 0.000086961 -0.000001878 -0.000006924 -0.000086961 1.000000000 0.000235886
1.000000000 0.000026886 0.000017423 0.000000399 -0.000026887 1.000000000 0.000020413 0.000001155 -0.000017423 -0.000020413 1.000000000 0.000444790
1.000000000 0.000131227 0.000008175 0.000033938 -0.000131226 1.000000000 -0.000148345 0.000087564 -0.000008194 0.000148344 1.000000000 0.000333953
1.000000000 0.000032705 -0.000004193 0.000098660 -0.000032705 1.000000000 0.000047515 0.000005412 0.000004195 -0.000047515 1.000000000 0.000455282
1.000000000 -0.000050939 0.000027940 -0.000015793 0.000050936 1.000000000 0.000101665 0.000118332 -0.000027945 -0.000101664 1.000000000 0.000171457
1.000000000 0.000032350 0.000004065 0.000109141 -0.000032350 1.000000000 0.000031632 -0.000081117 -0.000004064 -0.000031632 1.000000000 0.000345963
1.000000000 0.000017784 -0.000038226 -0.000000981 -0.000017783 1.000000000 0.000006856 0.000100287 0.000038226 -0.000006855 1.000000000 0.000158619
1.000000000 0.000189314 -0.000017306 0.000538037 -0.000189315 1.000000000 -0.000053520 -0.000251779 0.000017296 0.000053524 1.000000000 -0.000574931
1.000000000 0.000038698 0.000042164 0.000002924 -0.000038703 1.000000000 0.000116119 -0.000022515 -0.000042159 -0.000116121 1.000000000 0.000113839
1.000000000 0.000058965 0.000026735 0.000130020 -0.000058967 1.000000000 0.000084914 -0.000107555 -0.000026730 -0.000084915 1.000000000 0.000511956
1.000000000 -0.000071855 -0.000017543 0.000000076 0.000071855 1.000000000 0.000047073 -0.000005762 0.000017540 -0.000047075 1.000000000 0.000032973
1.000000000 0.000185277 0.000018322 0.000279550 -0.000185275 1.000000000 -0.000103466 0.000144356 -0.000018342 0.000103462 1.000000000 0.000879801
1.000000000 0.000065161 0.000031505 0.000148722 -0.000065160 1.000000000 -0.000028591 0.000041745 -0.000031507 0.000028589 1.000000000 0.000499988
1.000000000 -0.000032886 -0.000013137 0.000090865 0.000032888 1.000000000 0.000153397 0.000097879 0.000013131 -0.000153397 1.000000000 0.000526163
1.000000000 0.000001233 0.000021770 0.000009731 -0.000001235 1.000000000 0.000066104 -0.000019226 -0.000021770 -0.000066104 1.000000000 0.000098855
1.000000000 0.000061929 -0.000006641 0.000297316 -0.000061929 1.000000000 -0.000084450 0.000129464 0.000006636 0.000084451 1.000000000 0.000632352
1.000000000 0.000161717 0.000004004 0.000236023 -0.000161717 1.000000000 -0.000079741 0.000083706 -0.000004016 0.000079740 1.000000000 0.000729866
1.000000000 0.000098171 0.000006194 -0.000056204 -0.000098171 1.000000000 0.000061603 0.000023877 -0.000006188 -0.000061604 1.000000000 -0.000105257
1.000000000 0.000072673 -0.000005976 0.000207949 -0.000072672 1.000000000 0.000135981 -0.000003087 0.000005986 -0.000135980 1.000000000 0.000569659
1.000000000 -0.000015557 0.000053465 -0.000005981 0.000015556 1.000000000 0.000026142 0.000035133 -0.000053465 -0.000026141 1.000000000 0.000169029
1.000000000 0.000102204 -0.000011170 0.000269797 -0.000102206 1.000000000 -0.000126740 0.000084748 0.000011157 0.000126741 1.000000000 0.000714870
1.000000000 0.000139317 -0.000012770 0.000147580 -0.000139318 1.000000000 -0.000105691 0.000084315 0.000012756 0.000105693 1.000000000 0.000440247
1.000000000 -0.000049208 0.000008515 0.000260061 0.000049208 1.000000000 -0.000002772 0.000030596 -0.000008515 0.000002772 1.000000000 0.000690593
1.000000000 -0.000044406 0.000016156 0.000037810 0.000044404 1.000000000 0.000128675 0.000097105 -0.000016161 -0.000128674 1.000000000 0.000360023
1.000000000 0.000019509 0.000022472 0.000041728 -0.000019512 1.000000000 0.000138590 0.000051441 -0.000022470 -0.000138591 1.000000000 0.000526127
1.000000000 -0.000053560 0.000007211 0.000015116 0.000053560 1.000000000 0.000017017 -0.000040515 -0.000007212 -0.000017017 1.000000000 0.000221532
1.000000000 -0.000068490 0.000007802 0.000140834 0.000068490 1.000000000 -0.000095746 0.000095674 -0.000007796 0.000095747 1.000000000 0.000425892
1.000000000 -0.000113187 0.000014362 0.000075326 0.000113188 1.000000000 -0.000090644 0.000080741 -0.000014351 0.000090646 1.000000000 0.000390620
1.000000000 -0.000027909 0.000003191 0.000029413 0.000027908 1.000000000 0.000093628 -0.000044012 -0.000003193 -0.000093628 1.000000000 0.000208489
1.000000000 0.000066356 0.000019813 0.000052621 -0.000066360 1.000000000 0.000194189 0.000032837 -0.000019800 -0.000194190 1.000000000 0.000398178
1.000000000 -0.000069139 0.000033699 0.000098474 0.000069138 1.000000000 0.000024719 0.000015592 -0.000033700 -0.000024717 1.000000000 0.000404692
1.000000000 -0.000065835 0.000059795 -0.000309308 0.000065840 1.000000000 -0.000098137 0.000049588 -0.000059789 0.000098141 1.000000000 -0.000525827
1.000000000 -0.000015434 0.000049445 -0.000277720 0.000015437 1.000000000 -0.000070931 0.000029941 -0.000049444 0.000070931 1.000000000 -0.000529036
1.000000000 -0.000055468 0.000004552 -0.000058247 0.000055467 1.000000000 0.000082432 -0.000058945 -0.000004557 -0.000082432 1.000000000 -0.000138836
1.000000000 -0.000105475 0.000018861 -0.000018251 0.000105473 1.000000000 0.000116833 0.000059770 -0.000018874 -0.000116831 1.000000000 0.000216394
1.000000000 -0.000094464 0.000013994 0.000074603 0.000094464 1.000000000 0.000000076 0.000038420 -0.000013994 -0.000000074 1.000000000 0.000284433
1.000000000 -0.000043417 0.000032186 0.000304722 0.000043421 1.000000000 -0.000095193 0.000114971 -0.000032182 0.000095194 1.000000000 0.000819294
1.000000000 -0.000067597 0.000049220 0.000081262 0.000067599 1.000000000 -0.000036559 0.000048113 -0.000049218 0.000036562 1.000000000 0.000311966
1.000000000 -0.000060050 0.000032601 0.000060006 0.000060047 1.000000000 0.000103819 0.000020961 -0.000032607 -0.000103817 1.000000000 0.000151370
1.000000000 -0.000062853 0.000037902 0.000248837 0.000062851 1.000000000 0.000059129 0.000060458 -0.000037906 -0.000059127 1.000000000 0.000606310
1.000000000 0.000015863 0.000047645 0.000124545 -0.000015859 1.000000000 -0.000083170 0.000129696 -0.000047646 0.000083169 1.000000000 0.000661758
1.000000000 -0.000041466 0.000037704 0.000118323 0.000041470 1.000000000 -0.000107306 0.000129479 -0.000037699 0.000107307 1.000000000 0.000453214
1.000000000 -0.000000682 0.000056301 0.000051274 0.000000678 1.000000000 0.000067174 0.000015917 -0.000056301 -0.000067174 1.000000000 0.000187632
1.000000000 0.000001171 0.000039039 0.000219742 -0.000001175 1.000000000 0.000085912 0.000245315 -0.000039039 -0.000085912 1.000000000 0.000597055
1.000000000 -0.000016626 0.000045873 0.000000060 0.000016625 1.000000000 0.000034834 0.000127700 -0.000045873 -0.000034833 1.000000000 0.000084094
1.000000000 0.000096811 0.000057754 0.000088123 -0.000096805 1.000000000 -0.000113150 0.000188696 -0.000057765 0.000113145 1.000000000 0.000537429
1.000000000 0.000010957 0.000041289 0.000309186 -0.000010952 1.000000000 -0.000106350 0.000201019 -0.000041290 0.000106349 1.000000000 0.000836113
1.000000000 0.000089025 0.000055534 0.000188934 -0.000089027 1.000000000 0.000025619 0.000160086 -0.000055532 -0.000025624 1.000000000 0.000699581
1.000000000 0.000049512 0.000032428 0.000150177 -0.000049516 1.000000000 0.000135172 0.000060902 -0.000032421 -0.000135174 1.000000000 0.000619545
1.000000000 0.000056382 0.000033770 0.000244835 -0.000056384 1.000000000 0.000068761 0.000267211 -0.000033767 -0.000068763 1.000000000 0.000779091
1.000000000 0.000002871 0.000048767 0.000119019 -0.000002868 1.000000000 -0.000054184 0.000191170 -0.000048767 0.000054184 1.000000000 0.000455195
1.000000000 0.000060759 0.000053772 -0.000017253 -0.000060752 1.000000000 -0.000127036 0.000208609 -0.000053780 0.000127033 1.000000000 0.000208727
1.000000000 0.000029753 0.000060745 -0.000117317 -0.000029750 1.000000000 -0.000062316 0.000091163 -0.000060747 0.000062314 1.000000000 0.000212731
1.000000000 0.000042202 0.000053155 -0.000062011 -0.000042207 1.000000000 0.000099816 0.000147338 -0.000053151 -0.000099819 1.000000000 0.000178559
1.000000000 0.000085506 0.000048292 -0.000020027 -0.000085511 1.000000000 0.000107191 0.000213452 -0.000048283 -0.000107195 1.000000000 0.000188417
1.000000000 0.000081665 0.000062235 -0.000013424 -0.000081668 1.000000000 0.000049547 0.000073340 -0.000062231 -0.000049552 1.000000000 0.000162708
1.000000000 -0.000069637 0.000042516 0.000009938 0.000069640 1.000000000 -0.000060927 0.000152791 -0.000042512 0.000060930 1.000000000 0.000158674
1.000000000 -0.000101312 0.000072226 -0.000017204 0.000101318 1.000000000 -0.000085816 0.000107041 -0.000072217 0.000085823 1.000000000 0.000063774
1.000000000 -0.000032271 0.000064590 -0.000017797 0.000032261 1.000000000 0.000152537 0.000169121 -0.000064595 -0.000152535 1.000000000 0.000067415
0.999999940 -0.000253969 0.000083844 0.000048535 0.000253948 0.999999940 0.000245763 0.000132433 -0.000083906 -0.000245742 0.999999940 0.000067181
0.999999881 -0.000416110 0.000101732 -0.000393498 0.000416084 0.999999881 0.000261560 0.000282302 -0.000101841 -0.000261518 0.999999940 -0.001000078
0.999999821 -0.000559998 0.000105065 -0.000220640 0.000559975 0.999999821 0.000221470 0.000333747 -0.000105189 -0.000221411 0.999999940 -0.000674991
0.999999821 -0.000556332 0.000109605 -0.000300268 0.000556311 0.999999821 0.000190974 0.000160423 -0.000109712 -0.000190913 1.000000000 -0.000598437
0.999999821 -0.000642238 0.000068257 0.000037812 0.000642204 0.999999642 0.000500225 0.000126142 -0.000068578 -0.000500181 0.999999881 0.000009960
0.999999464 -0.000997785 0.000167721 0.000139715 0.000997640 0.999999106 0.000861277 0.000473676 -0.000168580 -0.000861109 0.999999642 0.000703617
0.999998868 -0.001481046 0.000317604 0.000376845 0.001480675 0.999998212 0.001165547 0.000164299 -0.000319329 -0.001165076 0.999999285 0.000855852
0.999998152 -0.001907513 0.000283375 0.000534378 0.001907167 0.999997437 0.001214829 0.000458514 -0.000285691 -0.001214287 0.999999225 0.001650864
0.999998212 -0.001852863 0.000293710 0.000650057 0.001852543 0.999997675 0.001085711 0.000219612 -0.000295721 -0.001085165 0.999999344 0.001510340
0.999998689 -0.001606873 0.000290382 0.000199380 0.001606607 0.999998271 0.000915855 0.000190173 -0.000291853 -0.000915388 0.999999523 0.001030214
0.999999285 -0.001165672 0.000203227 0.000477373 0.001165479 0.999998868 0.000948092 0.000543333 -0.000204332 -0.000947855 0.999999523 0.001686943
0.999999404 -0.001060457 0.000256814 0.000302745 0.001060157 0.999998748 0.001166046 0.000310226 -0.000258050 -0.001165773 0.999999285 0.001176181
0.999999106 -0.001332332 0.000203517 0.000425396 0.001332094 0.999998450 0.001163237 0.000252651 -0.000205066 -0.001162965 0.999999285 0.000832312
0.999998569 -0.001658987 0.000336446 0.000249056 0.001658623 0.999998033 0.001080388 0.000241263 -0.000338238 -0.001079828 0.999999344 0.000957976
0.999998629 -0.001630016 0.000318474 0.000330263 0.001629687 0.999998152 0.001033182 0.000307091 -0.000320157 -0.001032661 0.999999404 0.001241322
0.999998927 -0.001477191 0.000139786 0.000228168 0.001477056 0.999998450 0.000966069 0.000363483 -0.000141213 -0.000965862 0.999999523 0.000601539
0.999999166 -0.001244350 0.000321413 0.000080423 0.001243946 0.999998450 0.001253899 0.000185640 -0.000322973 -0.001253498 0.999999166 0.000281601
0.999999046 -0.001339579 0.000291672 0.000205913 0.001339185 0.999998212 0.001344369 0.000495148 -0.000293472 -0.001343977 0.999999046 0.000700385
0.999998927 -0.001467666 0.000146528 0.000499985 0.001467457 0.999997914 0.001412180 0.000599143 -0.000148600 -0.001411963 0.999998987 0.001271407
0.999998927 -0.001440365 0.000312375 0.000617516 0.001439956 0.999998093 0.001305289 0.000588846 -0.000314254 -0.001304838 0.999999106 0.001518910
0.999998748 -0.001568123 0.000293508 0.000245965 0.001567774 0.999998093 0.001185385 0.000147409 -0.000295366 -0.001184923 0.999999225 0.000724592
0.999998629 -0.001630585 0.000273513 0.000238949 0.001630265 0.999997973 0.001165170 0.000211266 -0.000275413 -0.001164723 0.999999285 0.000738031
0.999998510 -0.001710089 0.000267695 0.000425550 0.001709737 0.999997675 0.001311230 0.000381903 -0.000269937 -0.001310771 0.999999106 0.001204149
0.999998629 -0.001647815 0.000271003 0.000587862 0.001647425 0.999997616 0.001434335 0.000380991 -0.000273366 -0.001433886 0.999998927 0.001839434
0.999998689 -0.001612480 0.000266139 0.000294435 0.001612100 0.999997675 0.001423684 0.000424706 -0.000268434 -0.001423253 0.999998927 0.001487033
0.999998569 -0.001686077 0.000266666 0.000318359 0.001685726 0.999997735 0.001310432 0.000547298 -0.000268875 -0.001309980 0.999999106 0.001005459
0.999998748 -0.001562511 0.000335927 0.000306510 0.001562102 0.999998033 0.001213594 0.000373631 -0.000337823 -0.001213067 0.999999225 0.000950796
0.999998987 -0.001378789 0.000289124 0.000216308 0.001378527 0.999998629 0.000903033 0.000552319 -0.000290369 -0.000902633 0.999999523 0.000679393
0.999999344 -0.001136698 0.000214468 0.000238944 0.001136477 0.999998808 0.001024601 0.000454449 -0.000215632 -0.001024356 0.999999464 0.000811419
0.999999464 -0.001000209 0.000259985 0.000295362 0.000999897 0.999998808 0.001197729 0.000239179 -0.000261182 -0.001197468 0.999999225 0.000610800
0.999999225 -0.001200304 0.000236294 0.000304419 0.001200022 0.999998569 0.001186752 0.000200080 -0.000237718 -0.001186467 0.999999285 0.000392151
0.999999225 -0.001208408 0.000236787 0.000182544 0.001208154 0.999998689 0.001070749 0.000367523 -0.000238080 -0.001070462 0.999999404 0.000355424
0.999999344 -0.001127587 0.000253968 0.000255502 0.001127363 0.999998987 0.000879814 0.000605369 -0.000254960 -0.000879527 0.999999583 0.000642175
0.999999523 -0.000965616 0.000197480 0.000273755 0.000965422 0.999999046 0.000977659 0.000453129 -0.000198423 -0.000977468 0.999999523 0.000487660
0.999999464 -0.000981485 0.000257710 0.000227822 0.000981200 0.999998927 0.001106521 0.000356225 -0.000258796 -0.001106267 0.999999344 0.000618195
0.999999523 -0.000965353 0.000266483 0.000081372 0.000965045 0.999998868 0.001155695 0.000291915 -0.000267599 -0.001155437 0.999999285 0.000400628
0.999999523 -0.000976017 0.000215743 0.000174690 0.000975791 0.999998987 0.001042030 0.000461889 -0.000216760 -0.001041819 0.999999464 0.000615049
0.999999464 -0.001009647 0.000227550 0.000212369 0.001009467 0.999999166 0.000790627 0.000665813 -0.000228348 -0.000790397 0.999999642 0.000482202
0.999999583 -0.000875330 0.000214184 0.000283239 0.000875151 0.999999285 0.000833956 0.000543873 -0.000214914 -0.000833768 0.999999642 0.000840430
1.000000000 0.000008570 0.000048509 -0.000005748 -0.000008593 0.999999881 0.000480858 0.000291966 -0.000048505 -0.000480858 0.999999881 0.000060377
1.000000000 0.000055530 0.000166824 0.000221224 -0.000055715 0.999999404 0.001110493 0.000413682 -0.000166762 -0.001110502 0.999999344 0.000845809
0.999999940 -0.000298775 0.000206743 0.000199576 0.000298556 0.999999404 0.001060053 0.000543334 -0.000207060 -0.001059992 0.999999404 0.000568721
0.999999821 -0.000536590 0.000121810 0.000192179 0.000536485 0.999999464 0.000858272 0.000571716 -0.000122270 -0.000858207 0.999999642 0.000410960
0.999999940 -0.000244192 0.000176323 0.000230307 0.000243995 0.999999344 0.001119982 0.000367410 -0.000176596 -0.001119939 0.999999344 0.000736114
0.999999940 -0.000348256 0.000167153 0.000019021 0.000348111 0.999999583 0.000863979 0.000625664 -0.000167454 -0.000863921 0.999999642 0.000005411
0.999999881 -0.000422144 0.000162233 -0.000144545 0.000422051 0.999999762 0.000571726 0.000297642 -0.000162474 -0.000571658 0.999999821 -0.000423086
0.999999762 -0.000661813 0.000184411 -0.000062980 0.000661671 0.999999464 0.000765754 0.000675207 -0.000184917 -0.000765631 0.999999702 -0.000386696
0.999999940 -0.000369794 0.000150992 -0.000038854 0.000369654 0.999999523 0.000928310 0.000623121 -0.000151335 -0.000928255 0.999999583 -0.000241705
0.999999881 -0.000389911 0.000167368 0.000029472 0.000389755 0.999999464 0.000931268 0.000593966 -0.000167731 -0.000931203 0.999999523 -0.000393627
0.999999881 -0.000436610 0.000249611 -0.000110042 0.000436478 0.999999762 0.000526165 0.000395515 -0.000249841 -0.000526056 0.999999821 -0.000246947
0.999999821 -0.000466698 0.000336355 0.000052118 0.000466860 0.999999762 -0.000483603 0.000424116 -0.000336129 0.000483760 0.999999821 0.000912479
0.999999881 -0.000470408 0.000253107 0.001342990 0.000470934 0.999997735 -0.002080376 0.000282437 -0.000252128 0.002080495 0.999997795 0.005651075
0.999999642 -0.000725801 0.000362262 -0.000122630 0.000727342 0.999990582 -0.004272415 0.007315309 -0.000359157 0.004272677 0.999990821 0.022289136
0.999999583 -0.000763935 0.000461216 -0.000181021 0.000766500 0.999984086 -0.005588681 0.009834442 -0.000456939 0.005589033 0.999984264 0.045529090
0.999999464 -0.000824187 0.000653287 -0.002571009 0.000828021 0.999982297 -0.005890011 0.009921110 -0.000648421 0.005890549 0.999982417 0.078277849
0.999999583 -0.000703048 0.000630899 -0.003637331 0.000706510 0.999984622 -0.005504241 0.011460152 -0.000627019 0.005504685 0.999984682 0.122206338
0.999999404 -0.000841653 0.000693095 -0.005321673 0.000845157 0.999986768 -0.005070128 0.015273602 -0.000688819 0.005070711 0.999986887 0.170729101
0.999999404 -0.000690641 0.000873164 -0.007969793 0.000695264 0.999985695 -0.005305294 0.016219981 -0.000869487 0.005305898 0.999985516 0.228575960
0.999999523 -0.000586431 0.000803263 -0.009180079 0.000590728 0.999985456 -0.005359530 0.020019755 -0.000800108 0.005360001 0.999985337 0.291618735
0.999999642 -0.000337456 0.000769049 -0.011882295 0.000341316 0.999987304 -0.005025118 0.023416746 -0.000767344 0.005025379 0.999987066 0.362253994
0.999999583 -0.000165530 0.000892612 -0.014993908 0.000170017 0.999987364 -0.005028929 0.027138602 -0.000891768 0.005029079 0.999986947 0.438713789
0.999999523 -0.000104634 0.000948652 -0.018942047 0.000109431 0.999987185 -0.005058003 0.032599587 -0.000948110 0.005058104 0.999986768 0.522100329
0.999999464 0.000108231 0.001012321 -0.023238571 -0.000103463 0.999988914 -0.004708409 0.034245424 -0.001012819 0.004708302 0.999988377 0.610758543
0.999999285 0.000129252 0.001176163 -0.027442530 -0.000123803 0.999989271 -0.004631487 0.040090650 -0.001176749 0.004631338 0.999988556 0.708284199
0.999999225 0.000069846 0.001234689 -0.030311663 -0.000064190 0.999989510 -0.004580628 0.044470500 -0.001234996 0.004580545 0.999988735 0.807522774
0.999999404 -0.000003812 0.001104516 -0.032721665 0.000008906 0.999989390 -0.004611639 0.050440501 -0.001104487 0.004611646 0.999988735 0.917520523
0.999999404 -0.000338921 0.001036523 -0.038129028 0.000343719 0.999989212 -0.004632236 0.056513596 -0.001034942 0.004632590 0.999988735 1.031625390
0.999999583 -0.000372699 0.000855623 -0.040078230 0.000376654 0.999989212 -0.004627667 0.063514777 -0.000853889 0.004627987 0.999988914 1.152829289
0.999999702 -0.000327026 0.000696232 -0.044832207 0.000330109 0.999990106 -0.004432416 0.069290437 -0.000694776 0.004432644 0.999989927 1.274829507
0.999999702 -0.000466743 0.000581726 -0.048491701 0.000469529 0.999988377 -0.004797715 0.076341830 -0.000579479 0.004797987 0.999988317 1.403341293
0.999999881 -0.000027030 0.000439487 -0.056841988 0.000029095 0.999988973 -0.004699552 0.080019578 -0.000439356 0.004699564 0.999988854 1.543133497
0.999999881 0.000363538 0.000237680 -0.062267188 -0.000362467 0.999989867 -0.004490786 0.086281292 -0.000239310 0.004490700 0.999989808 1.688354850
0.999999821 0.000608170 -0.000052905 -0.068908148 -0.000608396 0.999990225 -0.004390425 0.093689770 0.000050234 0.004390456 0.999990344 1.836320996
0.999999762 0.000599480 -0.000333675 -0.075272642 -0.000600937 0.999990284 -0.004384400 0.102025889 0.000331044 0.004384600 0.999990284 1.989989758
0.999999762 0.000560875 -0.000372569 -0.080884345 -0.000562377 0.999991715 -0.004042164 0.107250452 0.000370299 0.004042373 0.999991715 2.144686460
0.999999881 0.000246515 -0.000500800 -0.086988419 -0.000248685 0.999990642 -0.004335794 0.115743227 0.000499727 0.004335917 0.999990523 2.306370735
0.999999106 0.000213115 -0.001278747 -0.089103118 -0.000219104 0.999988973 -0.004685575 0.124629356 0.001277734 0.004685852 0.999988139 2.468583345
0.999999166 0.000349437 -0.001286294 -0.098715924 -0.000356934 0.999982893 -0.005832694 0.132377982 0.001284234 0.005833149 0.999982178 2.641534805
0.999994755 -0.002271634 0.002327615 -0.149143711 0.002285033 0.999980688 -0.005770375 0.118075885 -0.002314463 0.005775663 0.999980628 2.835031748
0.999998748 -0.000048359 -0.001590670 -0.117320888 0.000032913 0.999952793 -0.009708958 0.149911776 0.001591063 0.009708893 0.999951601 3.020532131
0.999998868 -0.000108702 -0.001526358 -0.128199726 0.000094599 0.999957323 -0.009236653 0.159279898 0.001527297 0.009236496 0.999956250 3.234938383
0.999997914 -0.000222650 -0.002052544 -0.133897707 0.000202244 0.999950588 -0.009936475 0.171489507 0.002054655 0.009936039 0.999948561 3.458357096
0.999997377 -0.000271893 -0.002286697 -0.144085899 0.000250465 0.999956071 -0.009366000 0.182438403 0.002289143 0.009365403 0.999953449 3.697417498
0.999996662 -0.000184117 -0.002576660 -0.157341287 0.000161364 0.999961019 -0.008827690 0.191697836 0.002578185 0.008827245 0.999957740 3.939553499
0.999996066 0.000134599 -0.002814845 -0.171529531 -0.000155881 0.999971449 -0.007561557 0.205538124 0.002813747 0.007561965 0.999967456 4.199005127
0.999994338 0.000850402 -0.003245101 -0.184436917 -0.000870197 0.999980927 -0.006103194 0.216797709 0.003239849 0.006105984 0.999976099 4.467629910
0.999991298 0.001108171 -0.004017469 -0.190076888 -0.001125472 0.999990046 -0.004306826 0.228818774 0.004012657 0.004311310 0.999982655 4.726460457
0.999988914 0.001543818 -0.004448364 -0.202988610 -0.001555006 0.999995649 -0.002512647 0.238285929 0.004444466 0.002519536 0.999986947 4.994577885
0.999988079 0.001398908 -0.004676451 -0.214029938 -0.001407613 0.999997377 -0.001858715 0.250531584 0.004673838 0.001865276 0.999987364 5.273363113
0.999985695 0.000960756 -0.005269491 -0.220269814 -0.000970230 0.999997854 -0.001795725 0.262534052 0.005267755 0.001800812 0.999984503 5.546154022
0.999984443 0.000827446 -0.005535008 -0.232897386 -0.000835960 0.999998450 -0.001535954 0.275490105 0.005533729 0.001540558 0.999983490 5.823485374
0.999980569 0.000789870 -0.006187311 -0.238917962 -0.000795743 0.999999225 -0.000946829 0.292623401 0.006186559 0.000951734 0.999980390 6.098354340
0.999979675 0.000571641 -0.006341423 -0.258251518 -0.000570628 0.999999762 0.000161555 0.299337864 0.006341513 -0.000157933 0.999979854 6.367128372
0.999977469 0.000057018 -0.006711303 -0.270440936 -0.000056405 0.999999940 0.000091531 0.313300937 0.006711308 -0.000091151 0.999977469 6.652278423
0.999978185 0.001040120 -0.006529651 -0.284332335 -0.001037649 0.999999404 0.000381820 0.320130974 0.006530043 -0.000375035 0.999978542 6.937564373
0.999978244 0.000730478 -0.006553010 -0.295445740 -0.000729393 0.999999702 0.000167966 0.339621097 0.006553131 -0.000163183 0.999978423 7.226617813
0.999984920 0.001328419 -0.005336771 -0.331796885 -0.001323417 0.999998689 0.000940821 0.338856220 0.005338013 -0.000933744 0.999985278 7.485252857
0.999987304 0.000882276 -0.004970026 -0.346803486 -0.000874493 0.999998331 0.001567944 0.348868966 0.004971402 -0.001563577 0.999986410 7.757726192
0.999982476 0.000664505 -0.005880414 -0.347803444 -0.000665390 0.999999762 -0.000148485 0.376214176 0.005880314 0.000152395 0.999982655 8.052465439
0.999986112 0.000861974 -0.005202599 -0.362021863 -0.000871395 0.999998033 -0.001808749 0.391835779 0.005201030 0.001813258 0.999984801 8.354730606
0.999991834 0.001652978 -0.003688954 -0.373793185 -0.001666468 0.999991894 -0.003656653 0.405734092 0.003682879 0.003662772 0.999986470 8.657387733
0.999995410 0.002093986 -0.002211875 -0.383271366 -0.002105220 0.999984860 -0.005089005 0.420985013 0.002201185 0.005093638 0.999984622 8.965352058
0.999998212 0.001741178 -0.000660452 -0.391206652 -0.001744434 0.999986172 -0.004961119 0.432614565 0.000651804 0.004962263 0.999987483 9.287873268
0.999998271 0.001392076 0.001253668 -0.403264165 -0.001386759 0.999990106 -0.004232236 0.444460332 -0.001259548 0.004230490 0.999990284 9.609406471
0.999995768 0.000882729 0.002779781 -0.411507815 -0.000870134 0.999989331 -0.004528813 0.460753620 -0.002783749 0.004526374 0.999985874 9.939276695
0.999989808 0.001007764 0.004405280 -0.421883941 -0.000985353 0.999986589 -0.005086522 0.475376934 -0.004410347 0.005082129 0.999977350 10.286974907
0.999982357 0.001292775 0.005806778 -0.429621279 -0.001263780 0.999986708 -0.004994171 0.492058426 -0.005813157 0.004986743 0.999970675 10.637351990
0.999972582 0.001507522 0.007264418 -0.432861447 -0.001478356 0.999990880 -0.004018573 0.506679177 -0.007270410 0.004007723 0.999965549 10.992919922
0.999957442 0.001422675 0.009117989 -0.439660609 -0.001393528 0.999993861 -0.003202229 0.521209419 -0.009122489 0.003189386 0.999953270 11.347002029
0.999942780 0.001508154 0.010588437 -0.442440093 -0.001493276 0.999997973 -0.001412963 0.534110785 -0.010590546 0.001397071 0.999942958 11.706453323
0.999920666 0.001005366 0.012552647 -0.451662362 -0.001000396 0.999999404 -0.000402209 0.548801005 -0.012553043 0.000389619 0.999921143 12.065102577
0.999890983 0.001124116 0.014726752 -0.464984119 -0.001119408 0.999999285 -0.000327929 0.563825607 -0.014727111 0.000311408 0.999891460 12.427365303
0.999856591 0.000265088 0.016934684 -0.482132196 -0.000265053 0.999999940 -0.000004271 0.588494658 -0.016934682 -0.000000218 0.999856532 12.802652359
0.999829710 0.000254768 0.018453600 -0.487506121 -0.000262882 0.999999762 0.000437247 0.607049644 -0.018453484 -0.000442024 0.999829590 13.180330276
0.999802351 -0.000226464 0.019881478 -0.490470111 0.000197899 0.999998927 0.001438713 0.619587541 -0.019881781 -0.001434494 0.999801219 13.553256035
0.999784291 -0.001150278 0.020740878 -0.489353955 0.001119926 0.999998271 0.001474966 0.636088252 -0.020742537 -0.001451419 0.999783814 13.919864655
0.999767721 -0.002229146 0.021441920 -0.490489841 0.002180452 0.999994934 0.002294057 0.650572300 -0.021446925 -0.002246771 0.999767423 14.286136627
0.999748886 -0.003363224 0.022157801 -0.495297641 0.003303828 0.999990821 0.002716613 0.668327153 -0.022166733 -0.002642725 0.999750793 14.656830788
0.999739289 -0.004179078 0.022449858 -0.501142979 0.004105653 0.999986053 0.003315690 0.689885736 -0.022463404 -0.003222654 0.999742448 15.029148102
0.999723554 -0.004749282 0.023023954 -0.512253881 0.004662507 0.999981821 0.003821109 0.709430933 -0.023041684 -0.003712703 0.999727607 15.394567490
0.999721408 -0.005580981 0.022928055 -0.514348447 0.005498383 0.999978244 0.003663942 0.727825284 -0.022948004 -0.003536855 0.999730408 15.781590462
0.999715567 -0.006135283 0.023045018 -0.519845009 0.006070897 0.999977469 0.002862853 0.745659828 -0.023062065 -0.002722135 0.999730289 16.175989151
0.999711215 -0.006648434 0.023090746 -0.527449191 0.006589338 0.999974787 0.002634438 0.764628470 -0.023107676 -0.002481525 0.999729872 16.558834076
0.999708831 -0.006871030 0.023128696 -0.536235929 0.006800281 0.999971926 0.003136142 0.787060082 -0.023149593 -0.002977948 0.999727547 16.949645996
0.999716401 -0.006630013 0.022873007 -0.539751291 0.006547258 0.999971688 0.003690979 0.801105261 -0.022896830 -0.003540177 0.999731600 17.338350296
0.999712169 -0.006224176 0.023170289 -0.548932672 0.006172633 0.999978244 0.002295413 0.824454725 -0.023184072 -0.002151730 0.999728918 17.720573425
0.999717772 -0.005895827 0.023013853 -0.557029724 0.005859181 0.999981403 0.001659429 0.844651818 -0.023023209 -0.001524118 0.999733746 18.136144638
0.999712825 -0.006626724 0.023029830 -0.564193249 0.006606773 0.999977708 0.000942241 0.864582479 -0.023035562 -0.000789818 0.999734342 18.547264099
0.999723196 -0.006698490 0.022552522 -0.566981256 0.006683716 0.999977350 0.000730424 0.884422600 -0.022556905 -0.000579488 0.999745369 18.958187103
0.999735296 -0.006503148 0.022070097 -0.572835922 0.006497244 0.999978781 0.000339209 0.903296709 -0.022071833 -0.000195724 0.999756396 19.386489868
0.999750853 -0.005495934 0.021634413 -0.577424765 0.005518096 0.999984264 -0.000964815 0.927922547 -0.021628767 0.001083955 0.999765575 19.802318573
0.999752402 -0.004016278 0.021885008 -0.586398363 0.004060867 0.999989748 -0.001993418 0.951323569 -0.021876778 0.002081797 0.999758482 20.201581955
0.999760330 -0.003352584 0.021637365 -0.595013857 0.003395567 0.999992311 -0.001950092 0.972839296 -0.021630663 0.002023095 0.999763966 20.652357101
0.999774516 -0.003015532 0.021023786 -0.601665378 0.003070911 0.999991894 -0.002602293 0.993848324 -0.021015773 0.002666268 0.999775648 21.104093552
0.999777079 -0.002463284 0.020968320 -0.612414956 0.002510835 0.999994218 -0.002241711 1.009289742 -0.020962680 0.002293859 0.999777555 21.532684326
0.999782562 -0.001802009 0.020774899 -0.613517880 0.001852978 0.999995232 -0.002434422 1.026683688 -0.020770416 0.002472388 0.999781191 21.959112167
0.999777138 -0.000314191 0.021109480 -0.627190232 0.000357916 0.999997795 -0.002067610 1.045685410 -0.021108786 0.002074705 0.999775171 22.392238617
0.999793112 0.000718914 0.020327002 -0.631080508 -0.000680189 0.999997973 -0.001911921 1.067890525 -0.020328337 0.001897699 0.999791682 22.854948044
0.999811828 0.001195366 0.019364052 -0.633638382 -0.001181427 0.999998987 -0.000731258 1.083649755 -0.019364908 0.000708243 0.999812305 23.313032150
0.999810696 0.001654755 0.019389005 -0.645115852 -0.001648272 0.999998569 -0.000350344 1.103858471 -0.019389559 0.000318319 0.999812007 23.780273438
0.999808550 0.002372918 0.019422172 -0.655405939 -0.002370587 0.999997139 -0.000143065 1.128536940 -0.019422451 0.000096996 0.999811351 24.242708206
0.999785662 0.002236454 0.020582961 -0.677522063 -0.002238039 0.999997437 0.000053918 1.154616237 -0.020582790 -0.000099972 0.999788165 24.707231522
0.999791384 0.002570343 0.020257117 -0.686512172 -0.002591963 0.999996066 0.001041075 1.178059459 -0.020254359 -0.001093364 0.999794304 25.197389603
0.999795914 0.002235713 0.020075558 -0.693475962 -0.002268251 0.999996185 0.001598191 1.197994471 -0.020071907 -0.001643401 0.999797165 25.687385559
0.999802351 0.002113164 0.019769203 -0.697172821 -0.002158036 0.999995172 0.002248763 1.216449618 -0.019764354 -0.002290981 0.999802053 26.174968719
0.999786437 0.002015369 0.020568267 -0.713859677 -0.002057035 0.999995887 0.002004761 1.245939970 -0.020564141 -0.002046642 0.999786437 26.629175186
0.999788761 0.000653756 0.020543560 -0.719512045 -0.000701498 0.999997139 0.002316833 1.268257141 -0.020541981 -0.002330755 0.999786317 27.129606247
0.999786258 -0.000079498 0.020679023 -0.727908254 0.000038229 0.999998033 0.001996067 1.292265534 -0.020679140 -0.001994850 0.999784172 27.632709503
0.999770582 -0.001324115 0.021379516 -0.735082150 0.001289017 0.999997795 0.001655345 1.313846827 -0.021381663 -0.001627407 0.999770045 28.105482101
0.999759853 -0.001720557 0.021850245 -0.743263900 0.001711975 0.999998450 0.000411459 1.338963747 -0.021850919 -0.000373953 0.999761224 28.618143082
0.999762595 -0.002221067 0.021674383 -0.747003198 0.002246856 0.999996722 -0.001165517 1.362525344 -0.021671724 0.001213940 0.999764442 29.132007599
0.999752462 -0.003180367 0.022021092 -0.759953976 0.003229140 0.999992430 -0.002179603 1.382013917 -0.022013994 0.002250172 0.999755144 29.625986099
0.999739647 -0.004218317 0.022427127 -0.767138541 0.004283931 0.999986708 -0.002878380 1.406295180 -0.022414684 0.002973707 0.999744296 30.145792007
0.999734998 -0.004386700 0.022598730 -0.773087800 0.004444222 0.999987006 -0.002495834 1.433737516 -0.022587489 0.002595606 0.999741495 30.668315887
0.999733150 -0.003246291 0.022874493 -0.781878710 0.003213758 0.999993801 0.001458864 1.457854152 -0.022879088 -0.001384962 0.999737322 31.192480087
0.999729991 -0.004009500 0.022887213 -0.786315143 0.003876432 0.999975324 0.005855464 1.483642101 -0.022910126 -0.005765163 0.999720931 31.714843750
0.999716401 -0.005495465 0.023168765 -0.790136993 0.005300734 0.999950171 0.008457894 1.513370514 -0.023214092 -0.008332684 0.999695837 32.253280640
0.999708652 -0.006430829 0.023264715 -0.790875316 0.006189632 0.999926448 0.010424674 1.525864720 -0.023330044 -0.010277638 0.999674976 32.767490387
0.999689996 -0.006761457 0.023958998 -0.802830637 0.006517759 0.999926388 0.010235044 1.559553146 -0.024026439 -0.010075714 0.999660552 33.299617767
0.999691486 -0.005345109 0.024255492 -0.809970498 0.005098561 0.999934912 0.010215146 1.591195345 -0.024308510 -0.010088327 0.999653637 33.843547821
0.999695063 -0.003027777 0.024504820 -0.820194244 0.002675115 0.999892592 0.014411553 1.631842613 -0.024545817 -0.014341606 0.999595881 34.375484467
0.999656618 -0.003230729 0.026004279 -0.836848557 0.002654945 0.999751210 0.022146082 1.683969736 -0.026069354 -0.022069436 0.999416471 34.919235229
0.999622285 -0.005091546 0.027006103 -0.839950383 0.004238818 0.999493480 0.031539150 1.719372034 -0.027153004 -0.031412762 0.999137580 35.478031158
0.999614894 -0.003396083 0.027537987 -0.842558503 0.002299291 0.999206483 0.039762598 1.756042480 -0.027651174 -0.039683972 0.998829603 36.028388977
0.999588192 -0.001702602 0.028649431 -0.845864654 0.000503026 0.999124765 0.041826028 1.794362903 -0.028695568 -0.041794389 0.998714209 36.543769836
0.999554157 0.001032179 0.029841406 -0.856880784 -0.002146929 0.999300003 0.037347943 1.840371847 -0.029781971 -0.037395358 0.998856604 37.096603394
0.999536335 0.000565237 0.030444100 -0.857983232 -0.001527436 0.999499738 0.031591468 1.879084826 -0.030411012 -0.031623311 0.999037147 37.630596161
0.999510407 -0.000057994 0.031288166 -0.860172510 -0.000832361 0.999595046 0.028442835 1.928623915 -0.031277146 -0.028454952 0.999105632 38.154193878
0.999457002 0.000257754 0.032947809 -0.861593604 -0.001076689 0.999690890 0.024840189 1.969712496 -0.032931224 -0.024862178 0.999148309 38.708671570
0.999395192 0.000382094 0.034770899 -0.871245742 -0.001222928 0.999707222 0.024164064 2.005417109 -0.034751486 -0.024191970 0.999103129 39.248310089
0.999377787 0.000915639 0.035261005 -0.870281219 -0.001748086 0.999720395 0.023584574 2.035673618 -0.035229545 -0.023631535 0.999099791 39.778888702
0.999326289 0.000757364 0.036693461 -0.874813199 -0.001586237 0.999744058 0.022565294 2.078217268 -0.036666982 -0.022608289 0.999071777 40.300586700
0.999267399 0.000667474 0.038265232 -0.874532580 -0.001482457 0.999772549 0.021273846 2.110031605 -0.038242336 -0.021314986 0.999041140 40.862533569
0.999197781 0.000442499 0.040047370 -0.871074200 -0.001229065 0.999806702 0.019618390 2.142661810 -0.040030949 -0.019651871 0.999005198 41.397575378
0.999111891 0.001091508 0.042122040 -0.871493340 -0.001874787 0.999826074 0.018560447 2.180548429 -0.042094450 -0.018622929 0.998940170 41.930198669
0.999017298 0.000429255 0.044321366 -0.866637468 -0.001283134 0.999814093 0.019238980 2.212135792 -0.044304870 -0.019276947 0.998831987 42.490329742
0.998908043 -0.000070147 0.046718914 -0.858441591 -0.000870492 0.999797404 0.020113364 2.237839937 -0.046710860 -0.020132078 0.998705506 43.030998230
0.998770297 -0.000148448 0.049577296 -0.858027458 -0.000792387 0.999819994 0.018956935 2.275521517 -0.049571186 -0.018972907 0.998590350 43.570453644
0.998652637 -0.000649956 0.051889341 -0.849653482 -0.000330386 0.999821782 0.018882135 2.305284023 -0.051892363 -0.018873839 0.998474240 44.119140625
0.998542607 -0.001350635 0.053952649 -0.837830544 0.000357538 0.999830425 0.018412236 2.331258059 -0.053968374 -0.018366108 0.998373687 44.622367859
0.998408198 -0.001741214 0.056372643 -0.832874537 0.000745385 0.999843419 0.017681306 2.370852709 -0.056394596 -0.017611150 0.998253167 45.163555145
0.998288810 -0.002233912 0.058430955 -0.819622517 0.001183769 0.999837339 0.018000824 2.401908636 -0.058461655 -0.017900860 0.998129129 45.717475891
0.998182476 -0.002529594 0.060210042 -0.806544781 0.001348826 0.999806106 0.019643387 2.429037333 -0.060248066 -0.019526474 0.997992456 46.255859375
0.998090744 -0.002951912 0.061692372 -0.793629885 0.001688089 0.999787927 0.020527989 2.465754032 -0.061739881 -0.020384654 0.997884154 46.784450531
0.997996688 -0.002892982 0.063201621 -0.774901628 0.001594787 0.999786913 0.020581342 2.508665323 -0.063247710 -0.020439317 0.997788489 47.318019867
0.997906089 -0.002762848 0.064619631 -0.763685465 0.001354713 0.999760985 0.021824799 2.538397074 -0.064664483 -0.021691561 0.997671247 47.872741699
0.997838199 -0.002694959 0.065662652 -0.753011227 0.001082317 0.999697208 0.024582718 2.564150572 -0.065709025 -0.024458511 0.997538984 48.413993835
0.997780025 -0.002362763 0.066554673 -0.745053530 0.000634400 0.999662340 0.025978237 2.605453491 -0.066593580 -0.025878344 0.997444570 48.918586731
0.997834742 -0.001192123 0.065759197 -0.718238354 -0.000559920 0.999645531 0.026618442 2.656497002 -0.065767623 -0.026597625 0.997480333 49.446376801
0.997842848 -0.001066120 0.065640137 -0.707182407 -0.000785336 0.999602735 0.028173896 2.687094450 -0.065644100 -0.028164666 0.997445464 49.999618530
0.997908711 -0.001098967 0.064629279 -0.691887856 -0.000785541 0.999575436 0.029126098 2.715052605 -0.064633854 -0.029115956 0.997484148 50.521862030
0.998043299 0.000260979 0.062525526 -0.666701794 -0.002085471 0.999573946 0.029116469 2.760904074 -0.062491272 -0.029189892 0.997618437 51.037647247
0.998039842 0.002639769 0.062524721 -0.675410271 -0.004435565 0.999581039 0.028600020 2.806345701 -0.062423024 -0.028821293 0.997633576 51.577945709
0.998082519 0.002995090 0.061824366 -0.667621851 -0.004851915 0.999540925 0.029905619 2.841232061 -0.061706413 -0.030148244 0.997638881 52.125091553
0.998095751 0.002559046 0.061630137 -0.669702291 -0.004448338 0.999523699 0.030537663 2.872961521 -0.061522633 -0.030753659 0.997631848 52.658012390
0.998163700 0.002609335 0.060517348 -0.654458761 -0.004378391 0.999566376 0.029118057 2.914791822 -0.060415123 -0.029329559 0.997742414 53.184753418
0.998260677 0.002707113 0.058891650 -0.629415989 -0.004313913 0.999621332 0.027174003 2.963662624 -0.058795795 -0.027380796 0.997894466 53.710918427
0.998288214 0.004167361 0.058337733 -0.629421711 -0.005731793 0.999627709 0.026675215 2.998805046 -0.058204848 -0.026963936 0.997940481 54.261501312
0.998379230 0.004201267 0.056756519 -0.620704651 -0.005693588 0.999641538 0.026157333 3.044657946 -0.056626283 -0.026438091 0.998045325 54.809883118
0.998412490 0.004379665 0.056154329 -0.622707367 -0.005955941 0.999592066 0.027933864 3.069442272 -0.056009084 -0.028223971 0.998031318 55.338733673
0.998544872 0.004136113 0.053768113 -0.600373507 -0.005703624 0.999562204 0.029032504 3.127558947 -0.053624492 -0.029296933 0.998131335 55.872852325
0.998601913 0.004259504 0.052688211 -0.595438242 -0.006024498 0.999424458 0.033385523 3.166329145 -0.052515678 -0.033656273 0.998052776 56.432579041
0.998657525 0.004387562 0.051612556 -0.592263460 -0.006336530 0.999270558 0.037658725 3.205792904 -0.051409677 -0.037935216 0.997956932 56.984603882
0.998722315 0.004738238 0.050313290 -0.583848715 -0.006742320 0.999187410 0.039737362 3.253308773 -0.050084122 -0.040025823 0.997942626 57.522308350
0.998804390 0.005157546 0.048611101 -0.580099344 -0.007120260 0.999162674 0.040289573 3.298827887 -0.048362598 -0.040587526 0.998004973 58.042667389
0.998860896 0.005375560 0.047411628 -0.583693981 -0.007268105 0.999179780 0.039835680 3.339762211 -0.047158595 -0.040134896 0.998080790 58.598049164
