1.000000000 0.000000000 0.000000000 0.000000000 0.000000000 1.000000000 0.000000000 0.000000000 0.000000000 0.000000000 1.000000000 0.000000000
1.000000000 -0.000103879 0.000029395 0.000128537 0.000103885 1.000000000 -0.000209038 -0.000194755 -0.000029373 0.000209041 1.000000000 0.000570347
1.000000000 -0.000119048 0.000014443 -0.000057878 0.000119051 0.999999940 -0.000216701 -0.000094283 -0.000014417 0.000216703 1.000000000 0.000284448
1.000000000 -0.000024335 0.000001407 -0.000156451 0.000024335 1.000000000 0.000027098 0.000063926 -0.000001408 -0.000027098 1.000000000 -0.000028123
1.000000000 -0.000074406 -0.000005453 -0.000147783 0.000074406 1.000000000 0.000096232 0.000083543 0.000005446 -0.000096232 1.000000000 -0.000019794
1.000000000 -0.000104863 0.000016234 -0.000343372 0.000104863 1.000000000 -0.000020609 0.000166433 -0.000016231 0.000020611 1.000000000 -0.000530349
1.000000000 -0.000110671 0.000004221 -0.000110426 0.000110672 0.999999940 -0.000321926 -0.000116241 -0.000004186 0.000321926 0.999999940 0.000283232
1.000000000 -0.000053398 -0.000002678 -0.000356116 0.000053398 1.000000000 -0.000054186 0.000150533 0.000002680 0.000054186 1.000000000 -0.000247933
1.000000000 -0.000231882 -0.000018631 -0.000211521 0.000231884 0.999999940 0.000097733 -0.000209555 0.000018608 -0.000097737 1.000000000 -0.000267412
1.000000000 -0.000080759 0.000008413 -0.000214531 0.000080760 1.000000000 -0.000021478 0.000060993 -0.000008412 0.000021479 1.000000000 0.000571627
1.000000000 0.000035504 0.000010536 0.000078679 -0.000035503 1.000000000 -0.000122355 0.000156611 -0.000010540 0.000122355 1.000000000 0.000427201
0.999999940 0.000296070 0.000052221 0.000014729 -0.000296059 0.999999940 -0.000208343 0.000450047 -0.000052283 0.000208327 1.000000000 -0.001405290
1.000000000 0.000187331 0.000018148 0.000065460 -0.000187331 1.000000000 0.000031785 -0.000058417 -0.000018143 -0.000031788 1.000000000 -0.000199246
1.000000000 -0.000117722 0.000001984 0.000207668 0.000117722 1.000000000 0.000100981 -0.000070677 -0.000001996 -0.000100981 1.000000000 0.000593084
1.000000000 0.000083036 -0.000022774 0.000011795 -0.000083037 1.000000000 -0.000013575 -0.000195274 0.000022773 0.000013577 1.000000000 -0.000092494
1.000000000 -0.000061302 0.000036901 0.000463516 0.000061311 0.999999940 -0.000241342 -0.000013724 -0.000036887 0.000241344 0.999999940 0.001708351
1.000000000 -0.000169673 0.000030203 0.000048435 0.000169678 1.000000000 -0.000158911 0.000067312 -0.000030176 0.000158916 1.000000000 0.000305597
1.000000000 -0.000075562 -0.000026419 0.000321649 0.000075567 1.000000000 0.000161909 -0.000060335 0.000026406 -0.000161911 1.000000000 0.001506823
1.000000000 0.000043790 -0.000009616 0.000000913 -0.000043790 1.000000000 0.000054265 0.000046037 0.000009619 -0.000054264 1.000000000 0.000211092
1.000000000 0.000057760 0.000044976 0.000261748 -0.000057750 1.000000000 -0.000209152 0.000002047 -0.000044988 0.000209149 1.000000000 0.001302411
1.000000000 0.000098268 0.000058933 0.000393768 -0.000098253 0.999999940 -0.000252136 0.000011655 -0.000058957 0.000252130 0.999999940 0.001689031
1.000000000 0.000050925 -0.000001542 -0.000003603 -0.000050925 1.000000000 -0.000026608 0.000188587 0.000001541 0.000026608 1.000000000 -0.000084799
1.000000000 -0.000008551 -0.000023715 -0.000035250 0.000008554 1.000000000 0.000123919 -0.000054028 0.000023714 -0.000123919 1.000000000 -0.000023890
1.000000000 -0.000118981 0.000039782 -0.000029444 0.000118981 1.000000000 -0.000017072 0.000008486 -0.000039780 0.000017077 1.000000000 0.000280981
1.000000000 -0.000004545 0.000015906 0.000282383 0.000004548 1.000000000 -0.000218259 -0.000245812 -0.000015905 0.000218259 1.000000000 0.001802301
1.000000000 0.000064574 0.000029233 0.000268410 -0.000064566 0.999999940 -0.000251813 -0.000014148 -0.000029249 0.000251811 0.999999940 0.000978927
1.000000000 -0.000186623 0.000031611 -0.000012085 0.000186627 1.000000000 -0.000130035 -0.000023733 -0.000031586 0.000130041 1.000000000 0.000430212
1.000000000 -0.000232938 0.000003202 -0.000028127 0.000232937 0.999999940 0.000093837 0.000000087 -0.000003224 -0.000093836 1.000000000 0.000177838
1.000000000 0.000024275 0.000005298 0.000092392 -0.000024275 1.000000000 0.000147308 -0.000172731 -0.000005294 -0.000147309 1.000000000 0.000880432
1.000000000 -0.000167916 -0.000004234 -0.000011505 0.000167916 1.000000000 -0.000072917 -0.000062934 0.000004247 0.000072916 1.000000000 0.000385979
1.000000000 -0.000125759 0.000044447 0.000247646 0.000125768 1.000000000 -0.000196052 -0.000134113 -0.000044422 0.000196058 1.000000000 0.001432889
1.000000000 -0.000238027 0.000039728 0.000204441 0.000238035 0.999999940 -0.000224325 -0.000177010 -0.000039675 0.000224335 1.000000000 0.001309782
1.000000000 0.000063406 -0.000005516 0.000166783 -0.000063405 1.000000000 0.000032162 0.000262376 0.000005518 -0.000032162 1.000000000 0.001420274
1.000000000 -0.000010031 -0.000001756 0.000104527 0.000010031 1.000000000 0.000184178 -0.000073625 0.000001754 -0.000184178 1.000000000 0.000599639
1.000000000 -0.000161421 0.000020725 0.000024919 0.000161421 1.000000000 0.000007948 -0.000061058 -0.000020727 -0.000007944 1.000000000 0.000572453
0.999999940 -0.000292027 0.000075722 0.000004355 0.000292043 0.999999940 -0.000212519 -0.000205578 -0.000075660 0.000212541 1.000000000 0.001003626
1.000000000 -0.000130783 0.000074150 -0.000046015 0.000130800 0.999999940 -0.000227401 0.000050706 -0.000074120 0.000227411 1.000000000 0.000431940
1.000000000 -0.000082855 0.000007791 0.000061370 0.000082855 1.000000000 0.000022599 0.000071393 -0.000007793 -0.000022599 1.000000000 0.000624051
1.000000000 -0.000091496 0.000002867 0.000498208 0.000091495 1.000000000 0.000166502 -0.000104410 -0.000002882 -0.000166502 1.000000000 0.002124320
0.999999940 -0.000258274 0.000033351 -0.000056520 0.000258275 0.999999940 -0.000051206 0.000307262 -0.000033338 0.000051215 1.000000000 0.000485197
1.000000000 -0.000025273 0.000092036 -0.000039952 0.000025295 1.000000000 -0.000237405 0.000416619 -0.000092030 0.000237407 0.999999940 -0.000238521
1.000000000 -0.000201589 0.000056952 0.000210449 0.000201597 0.999999940 -0.000151361 -0.000307907 -0.000056921 0.000151372 1.000000000 0.001463010
1.000000000 -0.000204059 0.000034892 -0.000044931 0.000204056 1.000000000 0.000074192 0.000052887 -0.000034907 -0.000074185 1.000000000 0.000370222
1.000000000 -0.000224650 0.000057784 0.000012685 0.000224643 0.999999940 0.000121205 -0.000127997 -0.000057811 -0.000121192 1.000000000 0.000871415
0.999999940 -0.000252959 0.000098149 0.000044869 0.000252980 0.999999940 -0.000217264 -0.000023415 -0.000098094 0.000217289 1.000000000 0.001657620
1.000000000 -0.000089761 0.000104556 -0.000123470 0.000089787 0.999999940 -0.000247252 0.000146543 -0.000104533 0.000247262 0.999999940 -0.000246473
1.000000000 0.000024433 0.000062860 0.000165509 -0.000024432 1.000000000 -0.000026578 0.000205261 -0.000062860 0.000026576 1.000000000 0.000635625
1.000000000 -0.000178974 0.000018945 0.000041085 0.000178972 1.000000000 0.000127048 0.000046960 -0.000018967 -0.000127045 1.000000000 0.000573311
1.000000000 -0.000129373 0.000042951 0.000008067 0.000129374 1.000000000 -0.000022994 0.000295351 -0.000042948 0.000022999 1.000000000 0.000977115
1.000000000 0.000103969 0.000101981 -0.000145063 -0.000103944 0.999999940 -0.000246383 0.000234083 -0.000102007 0.000246372 0.999999940 -0.000099884
1.000000000 -0.000119364 0.000097647 0.000064064 0.000119387 0.999999940 -0.000233089 -0.000170398 -0.000097619 0.000233100 0.999999940 0.000874587
1.000000000 -0.000161738 0.000050827 0.000003274 0.000161742 1.000000000 -0.000063270 0.000208612 -0.000050817 0.000063278 1.000000000 0.000185853
1.000000000 0.000035449 0.000017232 -0.000138675 -0.000035451 1.000000000 0.000099427 0.000113337 -0.000017228 -0.000099428 1.000000000 -0.000025522
1.000000000 -0.000011013 0.000036073 -0.000003566 0.000011011 1.000000000 0.000043310 0.000247573 -0.000036074 -0.000043310 1.000000000 0.001233188
0.999999940 -0.000285108 0.000079731 0.000163899 0.000285122 0.999999940 -0.000177810 -0.000116283 -0.000079680 0.000177833 1.000000000 0.001496896
1.000000000 -0.000137201 0.000080085 0.000071623 0.000137219 0.999999940 -0.000221461 -0.000136213 -0.000080055 0.000221472 1.000000000 0.001100977
1.000000000 -0.000184278 0.000088787 -0.000065692 0.000184296 0.999999940 -0.000198215 -0.000169608 -0.000088751 0.000198232 1.000000000 0.000344004
1.000000000 -0.000022432 0.000043125 0.000067813 0.000022430 1.000000000 0.000033416 0.000140666 -0.000043126 -0.000033415 1.000000000 0.000879985
1.000000000 -0.000078893 0.000008197 0.000257626 0.000078892 1.000000000 0.000076851 0.000147634 -0.000008203 -0.000076850 1.000000000 0.000981561
1.000000000 -0.000087010 0.000053595 0.000104567 0.000087008 1.000000000 0.000031785 0.000085435 -0.000053598 -0.000031780 1.000000000 0.000685514
0.999999940 -0.000288873 0.000057879 0.000154256 0.000288882 0.999999940 -0.000166125 0.000124623 -0.000057831 0.000166142 1.000000000 0.000779808
0.999999940 -0.000388438 0.000081599 0.000234604 0.000388461 0.999999881 -0.000289916 0.000196218 -0.000081487 0.000289948 0.999999940 0.000905282
0.999999940 -0.000291527 0.000002874 0.000055051 0.000291527 0.999999940 0.000013449 0.000024484 -0.000002878 -0.000013449 1.000000000 0.000280071
0.999999881 -0.000490161 0.000032456 0.000035657 0.000490153 0.999999821 0.000244137 -0.000301369 -0.000032576 -0.000244121 0.999999940 0.000322122
0.999999702 -0.000801378 0.000056847 -0.000374628 0.000801367 0.999999642 0.000183295 0.000103849 -0.000056994 -0.000183249 1.000000000 -0.000487076
0.999999464 -0.001015612 0.000037573 0.000000035 0.001015610 0.999999464 0.000047236 0.000041433 -0.000037621 -0.000047198 1.000000000 0.000268001
0.999999762 -0.000723353 0.000056129 0.000221024 0.000723352 0.999999762 0.000025732 -0.000033567 -0.000056148 -0.000025692 1.000000000 0.000885739
0.999999404 -0.001090803 0.000022616 0.000105169 0.001090795 0.999999344 0.000318741 0.000070703 -0.000022964 -0.000318716 0.999999940 0.001308166
0.999998391 -0.001782249 0.000076362 0.000162723 0.001782191 0.999998152 0.000753673 0.000041783 -0.000077706 -0.000753536 0.999999702 0.001134370
0.999997139 -0.002380244 0.000178721 0.000137471 0.002380064 0.999996662 0.000996263 0.000082738 -0.000181092 -0.000995835 0.999999464 0.001041352
0.999996483 -0.002650331 0.000102695 0.000463651 0.002650226 0.999996006 0.001002366 0.000140102 -0.000105351 -0.001002090 0.999999464 0.001648152
0.999996305 -0.002725982 0.000132291 0.000575489 0.002725872 0.999995947 0.000820073 -0.000134276 -0.000134526 -0.000819709 0.999999642 0.002452378
0.999997377 -0.002284066 0.000147592 0.000269143 0.002283972 0.999997199 0.000633142 0.000021458 -0.000149038 -0.000632803 0.999999762 0.001129131
0.999998093 -0.001948522 0.000087464 0.000340089 0.001948460 0.999997854 0.000711011 -0.000122534 -0.000088849 -0.000710839 0.999999762 0.001234981
0.999997973 -0.002001047 0.000111701 0.000376140 0.002000932 0.999997497 0.001024948 -0.000244285 -0.000113752 -0.001024722 0.999999464 0.001892559
0.999997795 -0.002096711 0.000087567 0.000382340 0.002096620 0.999997258 0.001025079 -0.000023039 -0.000089716 -0.001024893 0.999999464 0.001438944
0.999997258 -0.002331992 0.000175635 0.001084056 0.002331845 0.999996960 0.000832591 0.000027030 -0.000177576 -0.000832180 0.999999642 0.003783132
0.999997020 -0.002427511 0.000191307 0.000400168 0.002427371 0.999996781 0.000726481 0.000367576 -0.000193070 -0.000726014 0.999999702 0.001013256
0.999997616 -0.002180074 0.000038409 0.000129856 0.002180047 0.999997377 0.000687794 -0.000075119 -0.000039908 -0.000687708 0.999999762 0.001133241
0.999997973 -0.002020423 0.000166547 0.000223533 0.002020265 0.999997497 0.000943660 0.000030878 -0.000168453 -0.000943322 0.999999523 0.001396704
0.999998391 -0.001801247 0.000139721 0.000997080 0.001801087 0.999997735 0.001138884 0.000361137 -0.000141773 -0.001138631 0.999999344 0.003682228
0.999997735 -0.002141967 0.000035701 0.000114763 0.002141919 0.999996841 0.001301082 0.000165288 -0.000038488 -0.001301002 0.999999166 0.000723814
0.999998152 -0.001909769 0.000181156 0.000284840 0.001909565 0.999997556 0.001121461 0.000117340 -0.000183298 -0.001121113 0.999999344 0.001363436
0.999997735 -0.002117482 0.000181659 0.000203405 0.002117326 0.999997377 0.000855605 0.000265452 -0.000183470 -0.000855219 0.999999642 0.001990755
0.999996841 -0.002509566 0.000100589 0.000274528 0.002509481 0.999996483 0.000834329 -0.000256210 -0.000102682 -0.000834074 0.999999642 0.001674704
0.999997199 -0.002350394 0.000141099 -0.000455992 0.002350257 0.999996781 0.000964831 0.000219725 -0.000143366 -0.000964497 0.999999523 -0.001413460
0.999997079 -0.002420294 0.000145727 0.000407324 0.002420118 0.999996364 0.001195091 0.000422967 -0.000148619 -0.001194734 0.999999285 0.001415954
0.999996960 -0.002458948 0.000043787 0.001343372 0.002458891 0.999996185 0.001272374 0.000220145 -0.000046916 -0.001272262 0.999999166 0.005593545
0.999997139 -0.002376802 0.000123539 0.000196543 0.002376660 0.999996543 0.001136874 0.000144683 -0.000126240 -0.001136577 0.999999344 0.000690722
0.999996841 -0.002507305 0.000162978 0.000482245 0.002507156 0.999996424 0.000910870 0.000055099 -0.000165261 -0.000910458 0.999999583 0.003148098
0.999997735 -0.002118197 0.000159470 0.000362290 0.002118091 0.999997556 0.000663322 0.000176940 -0.000160875 -0.000662983 0.999999762 0.001651266
0.999998271 -0.001858756 0.000086412 0.000853674 0.001858691 0.999997973 0.000745444 0.000013104 -0.000087798 -0.000745282 0.999999702 0.002956052
0.999998212 -0.001872984 0.000177120 0.000357353 0.001872801 0.999997735 0.001025333 -0.000078411 -0.000179040 -0.001025000 0.999999464 0.001860302
0.999998271 -0.001859618 0.000116653 0.001026160 0.001859488 0.999997675 0.001102835 -0.000004150 -0.000118704 -0.001102617 0.999999404 0.004511673
0.999997973 -0.002002445 0.000130731 0.000240106 0.002002331 0.999997616 0.000866022 -0.000016529 -0.000132464 -0.000865758 0.999999642 0.001961529
0.999998629 -0.001632185 0.000194553 0.000116944 0.001632062 0.999998450 0.000628573 0.000208118 -0.000195578 -0.000628255 0.999999762 0.000872148
0.999998152 -0.001905398 0.000092636 0.000094280 0.001905337 0.999997973 0.000654482 0.000177702 -0.000093883 -0.000654304 0.999999762 0.000304335
0.999998569 -0.001698286 0.000168666 0.000406158 0.001698131 0.999998152 0.000915055 -0.000173207 -0.000170220 -0.000914767 0.999999583 0.002363368
0.999998450 -0.001745227 0.000177524 0.000088289 0.001745038 0.999997914 0.001057236 -0.000086487 -0.000179369 -0.001056925 0.999999404 0.000379384
0.999998808 -0.001557475 0.000123447 0.000224648 0.001557375 0.999998450 0.000808870 0.000050805 -0.000124706 -0.000808677 0.999999642 0.001213137
0.999998808 -0.001548972 0.000183258 0.000287705 0.001548874 0.999998629 0.000535426 -0.000007959 -0.000184088 -0.000535142 0.999999821 0.001398459
0.999998868 -0.001517813 0.000143172 -0.000066777 0.001517738 0.999998689 0.000522520 0.000446425 -0.000143965 -0.000522302 0.999999881 -0.000266648
0.999999821 -0.000641518 -0.000008222 0.000037554 0.000641517 0.999999762 -0.000183953 0.000245058 0.000008340 0.000183948 1.000000000 -0.000301698
0.999999642 -0.000864945 0.000091532 0.000320445 0.000864837 0.999998927 0.001171449 -0.000199560 -0.000092546 -0.001171369 0.999999285 0.001557580
0.999999285 -0.001164773 0.000128018 -0.000002210 0.001164673 0.999999046 0.000776923 0.000078977 -0.000128923 -0.000776773 0.999999702 0.000590162
0.999998927 -0.001453577 0.000116718 -0.000027872 0.001453511 0.999998808 0.000567888 -0.000051455 -0.000117543 -0.000567717 0.999999821 0.001184911
0.999999523 -0.000988147 0.000072125 0.001197700 0.000988090 0.999999225 0.000789970 0.000074469 -0.000072905 -0.000789898 0.999999702 0.004657766
0.999999344 -0.001154256 0.000133028 0.000164424 0.001154172 0.999999166 0.000625653 0.000147194 -0.000133750 -0.000625499 0.999999821 0.000301252
0.999999523 -0.000952448 0.000091894 0.000354888 0.000952431 0.999999523 0.000185207 -0.000071864 -0.000092070 -0.000185120 1.000000000 0.001389878
0.999999344 -0.001130550 0.000122844 0.000483289 0.001130497 0.999999285 0.000434169 -0.000001142 -0.000123335 -0.000434029 0.999999881 0.001833167
0.999999106 -0.001340509 0.000087895 0.000215792 0.001340451 0.999998868 0.000662016 0.000093292 -0.000088782 -0.000661897 0.999999762 0.001476516
0.999999464 -0.001050821 0.000127211 0.000683666 0.001050730 0.999999225 0.000707450 0.000152705 -0.000127955 -0.000707316 0.999999762 0.002621581
0.999999464 -0.001026747 0.000209813 0.000297983 0.001026697 0.999999464 0.000241741 -0.000062320 -0.000210061 -0.000241526 0.999999940 0.001775864
0.999998808 -0.001515917 0.000267838 0.000171017 0.001516142 0.999998510 -0.000842354 -0.000026986 -0.000266561 0.000842760 0.999999583 0.000841711
0.999998808 -0.001512659 0.000368568 0.000140284 0.001513552 0.999995887 -0.002433970 0.000016409 -0.000364884 0.002434525 0.999996960 0.002470864
0.999998808 -0.001493801 0.000409166 -0.000309812 0.001495489 0.999990225 -0.004156678 0.000009978 -0.000402952 0.004157285 0.999991298 0.001719586
0.999999285 -0.001110782 0.000412624 0.003113152 0.001112946 0.999985456 -0.005281994 -0.000671337 -0.000406751 0.005282450 0.999985993 0.021490771
0.999999464 -0.000916158 0.000454372 0.006598083 0.000918741 0.999983251 -0.005716070 0.001507030 -0.000449127 0.005716484 0.999983549 0.060536876
0.999999344 -0.000928046 0.000686974 0.001778686 0.000931789 0.999984622 -0.005467657 0.004056960 -0.000681890 0.005468295 0.999984741 0.121753909
0.999999464 -0.000956577 0.000488580 0.006401164 0.000958939 0.999987781 -0.004858954 0.004836936 -0.000483926 0.004859420 0.999988019 0.165688738
0.999999285 -0.000887470 0.000817505 0.003777201 0.000891789 0.999985635 -0.005297646 0.008468077 -0.000812792 0.005298372 0.999985576 0.229296401
0.999999523 -0.000498998 0.000885690 0.001901372 0.000503744 0.999985456 -0.005367297 0.013613874 -0.000882999 0.005367741 0.999985218 0.291176498
0.999999464 -0.000495575 0.000907630 -0.000055169 0.000500044 0.999987721 -0.004929586 0.012086791 -0.000905176 0.004930037 0.999987423 0.368868411
0.999999404 -0.000259540 0.001007943 0.000192479 0.000264336 0.999988616 -0.004760677 0.011476941 -0.001006696 0.004760939 0.999988139 0.445033669
0.999999583 -0.000144633 0.000960262 0.002116506 0.000149021 0.999989510 -0.004571006 0.011044522 -0.000959591 0.004571147 0.999989092 0.534647048
0.999999583 0.000139694 0.000930758 0.002491971 -0.000135478 0.999989748 -0.004528382 0.016917041 -0.000931381 0.004528254 0.999989331 0.629234970
0.999999285 -0.000215709 0.001173715 -0.001517160 0.000220400 0.999991953 -0.003997965 0.012229003 -0.001172843 0.003998220 0.999991298 0.726656795
0.999999344 -0.000037815 0.001163902 0.000818196 0.000042327 0.999992549 -0.003876759 0.014603131 -0.001163746 0.003876806 0.999991834 0.833273590
0.999999464 -0.000069336 0.000997814 0.000522677 0.000073462 0.999991477 -0.004135277 0.021284932 -0.000997519 0.004135347 0.999990940 0.940417647
0.999999762 -0.000272343 0.000727225 0.002568882 0.000275286 0.999991834 -0.004049798 0.024963636 -0.000726116 0.004049997 0.999991477 1.060502172
0.999999344 -0.000506399 0.000943718 -0.001975123 0.000510022 0.999992430 -0.003842291 0.025938980 -0.000941765 0.003842771 0.999992132 1.188982964
0.999999762 -0.000200385 0.000778448 -0.000866764 0.000203217 0.999993384 -0.003640576 0.029474519 -0.000777713 0.003640734 0.999993086 1.320472002
0.999999821 -0.000309992 0.000554932 -0.002119587 0.000312189 0.999992132 -0.003964528 0.033755954 -0.000553699 0.003964700 0.999991953 1.455285549
0.999999940 -0.000194315 0.000332279 -0.002231470 0.000195637 0.999992073 -0.003984344 0.034931108 -0.000331502 0.003984408 0.999992013 1.596889853
0.999999940 0.000277762 0.000182224 -0.002471606 -0.000277050 0.999992430 -0.003895248 0.038511615 -0.000183304 0.003895197 0.999992371 1.743666053
0.999999821 0.000542307 -0.000139103 -0.003611904 -0.000542819 0.999992967 -0.003712038 0.041510556 0.000137089 0.003712113 0.999993086 1.891624928
0.999999821 0.000373866 -0.000487012 -0.004476698 -0.000375647 0.999993265 -0.003662993 0.045321465 0.000485639 0.003663176 0.999993145 2.050153494
0.999999762 0.000214359 -0.000563872 -0.006014061 -0.000216279 0.999994159 -0.003406489 0.049263734 0.000563139 0.003406610 0.999993980 2.213398933
0.999999702 0.000020611 -0.000773983 -0.005905079 -0.000023412 0.999993443 -0.003619684 0.052888639 0.000773904 0.003619701 0.999993145 2.381100893
0.999999344 -0.000424903 -0.001074618 -0.007229219 0.000420755 0.999992490 -0.003857111 0.054654643 0.001076249 0.003856656 0.999992013 2.555193663
0.999999046 -0.000011278 -0.001367479 -0.006680725 0.000004445 0.999987483 -0.004996665 0.058415033 0.001367518 0.004996654 0.999986589 2.734265089
0.999999166 -0.000121747 -0.001286506 -0.011021985 0.000112773 0.999975681 -0.006973430 0.063144676 0.001287324 0.006973280 0.999974847 2.922539234
0.999998689 -0.000046350 -0.001619419 -0.011364391 0.000032500 0.999963462 -0.008551087 0.068699822 0.001619756 0.008551026 0.999962151 3.123377800
0.999998450 -0.000168428 -0.001761914 -0.012486758 0.000153738 0.999965250 -0.008333980 0.071165614 0.001763256 0.008333699 0.999963701 3.345613956
0.999997973 -0.000305093 -0.002005157 -0.014621431 0.000287842 0.999963045 -0.008598038 0.077329621 0.002007706 0.008597446 0.999961078 3.582669020
0.999997556 -0.000307351 -0.002205690 -0.017910611 0.000289163 0.999966025 -0.008241368 0.084060803 0.002208148 0.008240710 0.999963641 3.834662914
0.999996305 -0.000263961 -0.002712677 -0.019892037 0.000242348 0.999968290 -0.007964548 0.090527371 0.002714693 0.007963863 0.999964595 4.096309185
0.999995053 0.000068937 -0.003167417 -0.023957189 -0.000088977 0.999980032 -0.006327421 0.094699509 0.003166918 0.006327672 0.999975026 4.366960049
0.999992728 0.000649800 -0.003736737 -0.025683023 -0.000667850 0.999988079 -0.004831232 0.102106020 0.003733554 0.004833693 0.999981284 4.649596691
0.999990821 0.001026267 -0.004161343 -0.029901747 -0.001039051 0.999994755 -0.003070999 0.108226925 0.004158169 0.003075294 0.999986589 4.931927681
0.999988854 0.001350305 -0.004514101 -0.033577371 -0.001357693 0.999997675 -0.001633920 0.114904612 0.004511884 0.001640030 0.999988437 5.222938538
0.999988377 0.000994825 -0.004701201 -0.035787739 -0.000999441 0.999998987 -0.000979680 0.123058133 0.004700222 0.000984368 0.999988496 5.516063690
0.999987185 0.000581586 -0.005028702 -0.039108396 -0.000585911 0.999999404 -0.000858714 0.129538327 0.005028200 0.000861649 0.999987006 5.803769588
0.999984264 0.000411493 -0.005596133 -0.038686749 -0.000414508 0.999999762 -0.000537592 0.136031926 0.005595911 0.000539903 0.999984145 6.097149849
0.999981880 0.000369373 -0.006008430 -0.040781349 -0.000368533 0.999999940 0.000140818 0.146652952 0.006008482 -0.000138601 0.999981880 6.390515804
0.999979734 0.000188402 -0.006372346 -0.043697733 -0.000182077 0.999999523 0.000993272 0.148588076 0.006372530 -0.000992092 0.999979198 6.686484337
0.999978185 0.000046425 -0.006612123 -0.047735140 -0.000041267 0.999999762 0.000780167 0.160662428 0.006612156 -0.000779877 0.999977767 6.984491348
0.999975383 0.000289032 -0.007007013 -0.046371803 -0.000283115 0.999999642 0.000845402 0.166994363 0.007007255 -0.000843397 0.999975085 7.283702374
0.999976754 0.000138335 -0.006821493 -0.053791694 -0.000131225 0.999999404 0.001042740 0.172635972 0.006821633 -0.001041821 0.999976158 7.585034370
0.999975622 0.000564027 -0.006956214 -0.055965032 -0.000557886 0.999999523 0.000884770 0.181185201 0.006956709 -0.000880867 0.999975383 7.887816429
0.999977529 0.000114059 -0.006704413 -0.058977641 -0.000105614 0.999999166 0.001260003 0.185949206 0.006704551 -0.001259267 0.999976754 8.189579964
0.999979019 -0.000023625 -0.006477786 -0.063478783 0.000026271 0.999999940 0.000408339 0.195947409 0.006477776 -0.000408500 0.999978960 8.503740311
0.999982297 0.000648672 -0.005914523 -0.064686313 -0.000653733 0.999999464 -0.000853891 0.202036753 0.005913965 0.000857743 0.999982178 8.817131042
0.999990046 0.001219162 -0.004292625 -0.068766102 -0.001230461 0.999995887 -0.002630401 0.207956359 0.004289400 0.002635657 0.999987364 9.141773224
0.999994695 0.001864159 -0.002677566 -0.066734135 -0.001875523 0.999989271 -0.004247454 0.222245023 0.002669619 0.004252454 0.999987483 9.468911171
0.999998569 0.001410574 -0.000940877 -0.066392146 -0.001414403 0.999990702 -0.004080994 0.226984754 0.000935111 0.004082318 0.999991238 9.809474945
0.999999464 0.000793013 0.000700835 -0.065315358 -0.000790337 0.999992430 -0.003810283 0.238956407 -0.000703850 0.003809727 0.999992549 10.151522636
0.999996364 0.000815448 0.002562160 -0.062904105 -0.000805936 0.999992788 -0.003711340 0.243444145 -0.002565168 0.003709262 0.999989927 10.512907982
0.999990761 0.001061903 0.004155279 -0.059507798 -0.001044000 0.999990106 -0.004308265 0.255208701 -0.004159815 0.004303887 0.999982119 10.871200562
0.999983191 0.000783900 0.005742130 -0.060019106 -0.000760557 0.999991417 -0.004066371 0.262852848 -0.005745267 0.004061936 0.999975204 11.247073174
0.999972582 0.000633359 0.007378974 -0.053482071 -0.000609221 0.999994397 -0.003272961 0.272066802 -0.007381006 0.003268376 0.999967337 11.625546455
0.999955535 0.001015741 0.009376096 -0.048144996 -0.000989918 0.999995649 -0.002758420 0.285358787 -0.009378856 0.002749016 0.999952257 12.002902985
0.999936879 0.001114882 0.011172630 -0.041695818 -0.001100785 0.999998510 -0.001267770 0.295329154 -0.011174027 0.001255391 0.999936759 12.389498711
0.999915004 0.000348646 0.013034633 -0.037625015 -0.000344259 0.999999821 -0.000338816 0.304293633 -0.013034750 0.000334300 0.999915004 12.777858734
0.999892473 0.000463003 0.014653336 -0.030839354 -0.000459835 0.999999881 -0.000219555 0.314242482 -0.014653439 0.000212793 0.999892652 13.156021118
0.999870539 -0.000023946 0.016085953 -0.021179527 0.000015918 0.999999821 0.000499181 0.325580686 -0.016085964 -0.000498861 0.999870479 13.550424576
0.999843895 -0.000106978 0.017665341 -0.014473021 0.000085603 0.999999225 0.001210780 0.333714366 -0.017665457 -0.001209079 0.999843240 13.944042206
0.999814570 -0.001471551 0.019206531 -0.009228259 0.001433260 0.999996960 0.002007255 0.339227378 -0.019209428 -0.001979355 0.999813497 14.328691483
0.999791861 -0.001907765 0.020313010 0.004494101 0.001869112 0.999996364 0.001921713 0.351005107 -0.020316599 -0.001883345 0.999791801 14.717635155
0.999766648 -0.003397547 0.021338716 0.012405157 0.003351496 0.999991953 0.002193515 0.362558752 -0.021345994 -0.002121486 0.999769926 15.101341248
0.999747932 -0.004382007 0.022019399 0.022567332 0.004321761 0.999986708 0.002782879 0.371264726 -0.022031303 -0.002687015 0.999753594 15.502451897
0.999738693 -0.005440310 0.022203716 0.031382978 0.005357560 0.999978483 0.003784585 0.381793290 -0.022223828 -0.003664638 0.999746263 15.887966156
0.999737859 -0.006103829 0.022066416 0.042581826 0.006005920 0.999971807 0.004500508 0.390997678 -0.022093264 -0.004366800 0.999746323 16.279922485
0.999726295 -0.006920658 0.022346543 0.049260020 0.006826529 0.999967515 0.004285722 0.401083946 -0.022375472 -0.004132000 0.999741077 16.679231644
0.999724150 -0.007093997 0.022389216 0.060257882 0.007020329 0.999969661 0.003367221 0.411274791 -0.022412423 -0.003209113 0.999743640 17.081872940
0.999724329 -0.007400307 0.022282097 0.068997353 0.007331372 0.999968052 0.003173867 0.422510207 -0.022304874 -0.003009633 0.999746680 17.481288910
0.999726236 -0.007654491 0.022108639 0.077313602 0.007569667 0.999963641 0.003917824 0.433913231 -0.022137821 -0.003749396 0.999747872 17.884487152
0.999721408 -0.007738279 0.022297224 0.083252788 0.007653004 0.999963105 0.003907309 0.444305539 -0.022326639 -0.003735580 0.999743700 18.300935745
0.999718189 -0.007894823 0.022388909 0.090785056 0.007832537 0.999965250 0.002868350 0.455372870 -0.022410778 -0.002692180 0.999745190 18.719633102
0.999724150 -0.007376476 0.022296866 0.097410560 0.007331025 0.999970913 0.002119472 0.466819942 -0.022311853 -0.001955429 0.999749124 19.129175186
0.999723256 -0.008074502 0.022097349 0.109319419 0.008041107 0.999966443 0.001599747 0.476808667 -0.022109529 -0.001421618 0.999754488 19.558835983
0.999728262 -0.007444480 0.022086643 0.119057536 0.007421490 0.999971747 0.001122674 0.490900546 -0.022094376 -0.000958453 0.999755442 19.972171783
0.999736607 -0.007019353 0.021847984 0.128142625 0.007011437 0.999975324 0.000438875 0.502432704 -0.021850528 -0.000285574 0.999761224 20.404592514
0.999740124 -0.005823194 0.022040145 0.132736623 0.005833358 0.999982893 -0.000396869 0.512594163 -0.022037460 0.000525333 0.999756932 20.840593338
0.999748588 -0.004611688 0.021941669 0.140201837 0.004638966 0.999988556 -0.001192442 0.525462925 -0.021935914 0.001293929 0.999758482 21.286020279
0.999753118 -0.003775269 0.021897357 0.146482021 0.003806320 0.999991775 -0.001376520 0.536407053 -0.021891981 0.001459529 0.999759197 21.737760544
0.999759436 -0.003444209 0.021661032 0.154699802 0.003487412 0.999992013 -0.001957043 0.547291040 -0.021654120 0.002032113 0.999763370 22.200424194
0.999764562 -0.002845684 0.021510944 0.163844258 0.002884715 0.999994278 -0.001783668 0.555550814 -0.021505745 0.001845301 0.999766946 22.655279160
0.999759257 -0.002334824 0.021817919 0.169116169 0.002378457 0.999995232 -0.001974130 0.568634510 -0.021813205 0.002025547 0.999759972 23.124546051
0.999764621 -0.000860020 0.021677293 0.178312868 0.000897262 0.999998152 -0.001708350 0.580932140 -0.021675784 0.001727398 0.999763548 23.596347809
0.999769807 -0.000074395 0.021452470 0.185628742 0.000108275 0.999998808 -0.001578168 0.594772518 -0.021452326 0.001580127 0.999768615 24.067094803
0.999776244 0.000505931 0.021146413 0.193871289 -0.000486737 0.999999464 -0.000912809 0.603649676 -0.021146862 0.000902312 0.999775887 24.545572281
0.999778748 0.000724385 0.021021184 0.202879250 -0.000713755 0.999999642 -0.000513144 0.616432309 -0.021021545 0.000498026 0.999778926 25.028059006
0.999772668 0.001380572 0.021276832 0.209274113 -0.001377548 0.999999046 -0.000156782 0.626492918 -0.021277027 0.000127437 0.999773622 25.522466660
0.999777615 0.001229071 0.021059442 0.219060004 -0.001236014 0.999999106 0.000316671 0.637649298 -0.021059040 -0.000342630 0.999778092 26.015504837
0.999780297 0.001820594 0.020880857 0.225713491 -0.001841221 0.999997973 0.000968671 0.651752532 -0.020879053 -0.001006904 0.999781489 26.523777008
0.999778450 0.001773425 0.020974584 0.231842935 -0.001800828 0.999997556 0.001287675 0.664066792 -0.020972248 -0.001325161 0.999779165 27.024400711
0.999776900 0.001412920 0.021081762 0.244231939 -0.001442904 0.999997973 0.001407140 0.679050863 -0.021079734 -0.001437245 0.999776781 27.541250229
0.999772072 0.001268561 0.021308741 0.253416002 -0.001302973 0.999997795 0.001601112 0.695606530 -0.021306667 -0.001628512 0.999771655 28.043251038
0.999771476 -0.000311652 0.021371257 0.268648088 0.000271059 0.999998152 0.001902302 0.707094550 -0.021371808 -0.001896075 0.999769807 28.559637070
0.999767780 -0.001021144 0.021521898 0.281733602 0.000986420 0.999998212 0.001623951 0.721739292 -0.021523511 -0.001602345 0.999767065 29.079908371
0.999756396 -0.001777288 0.021999728 0.293604285 0.001753478 0.999997854 0.001101502 0.733204365 -0.022001635 -0.001062657 0.999757290 29.607604980
0.999743104 -0.002501798 0.022528231 0.305818826 0.002504215 0.999996781 -0.000079086 0.745995700 -0.022527959 0.000135481 0.999746203 30.122318268
0.999735296 -0.003260008 0.022771666 0.323968500 0.003303125 0.999992847 -0.001856068 0.756301701 -0.022765450 0.001930795 0.999738991 30.648693085
0.999730706 -0.003174832 0.022984087 0.330665261 0.003243775 0.999990344 -0.002962956 0.774208367 -0.022974459 0.003036714 0.999731362 31.175848007
0.999717116 -0.004611503 0.023329340 0.344953120 0.004699672 0.999981999 -0.003725886 0.788512707 -0.023311738 0.003834473 0.999720812 31.723888397
0.999702930 -0.004806611 0.023891393 0.356939256 0.004880342 0.999983490 -0.003028737 0.798452079 -0.023876445 0.003144436 0.999709904 32.267410278
0.999704659 -0.004408213 0.023899529 0.372523427 0.004397597 0.999990225 0.000496752 0.814201236 -0.023901485 -0.000391505 0.999714255 32.822166443
0.999700725 -0.004709685 0.024005750 0.388918012 0.004601062 0.999978960 0.004578141 0.837562203 -0.024026809 -0.004466320 0.999701262 33.384357452
0.999682069 -0.006172652 0.024447434 0.405296355 0.005993227 0.999954641 0.007405627 0.858572364 -0.024492038 -0.007256753 0.999673605 33.952274323
0.999673605 -0.006296506 0.024758801 0.421665728 0.006092984 0.999947011 0.008287044 0.877873540 -0.024809679 -0.008133483 0.999659121 34.515300751
0.999649644 -0.008147893 0.025183246 0.441855013 0.007933438 0.999931514 0.008604004 0.891977310 -0.025251629 -0.008401202 0.999645829 35.084300995
0.999648511 -0.006373825 0.025733780 0.453536242 0.006157167 0.999944985 0.008489621 0.910113811 -0.025786476 -0.008328190 0.999632776 35.626979828
0.999647319 -0.004189219 0.026223885 0.463116258 0.003845967 0.999906480 0.013126072 0.937437057 -0.026276413 -0.013020587 0.999569833 36.204792023
0.999628723 -0.005615754 0.026662499 0.479954481 0.005038943 0.999752879 0.021651944 0.963196754 -0.026777506 -0.021509554 0.999409974 36.773765564
0.999599874 -0.006917925 0.027431814 0.499159634 0.006077669 0.999513328 0.030596672 0.999377131 -0.027630135 -0.030417707 0.999155223 37.366680145
0.999593198 -0.005684096 0.027948055 0.518853426 0.004605377 0.999247491 0.038511351 1.030261755 -0.028145934 -0.038366973 0.998867393 37.954227448
0.999575257 -0.003745220 0.028901368 0.531333745 0.002567935 0.999169469 0.040664703 1.056521297 -0.029029666 -0.040573210 0.998754799 38.523189545
0.999539793 -0.001250985 0.030309007 0.544559717 0.000147117 0.999337375 0.036395356 1.091488361 -0.030334460 -0.036374144 0.998877764 39.098617554
0.999508619 -0.000981638 0.031327404 0.558371544 0.000023283 0.999532402 0.030577272 1.122329235 -0.031342786 -0.030561520 0.999041378 39.654869080
0.999482393 -0.001756262 0.032120027 0.577187836 0.000865814 0.999615490 0.027715430 1.154887319 -0.032156348 -0.027673276 0.999099672 40.230197906
0.999420285 -0.001445494 0.034014825 0.595377982 0.000616309 0.999702632 0.024375040 1.188328028 -0.034039948 -0.024339948 0.999124050 40.805961609
0.999369204 -0.001116571 0.035496082 0.614748716 0.000287096 0.999726892 0.023364587 1.218722105 -0.035512473 -0.023339652 0.999096632 41.386913300
0.999341726 -0.000296644 0.036281101 0.633856714 -0.000519799 0.999746919 0.022491749 1.246894002 -0.036278591 -0.022495797 0.999088407 41.969837189
0.999288917 -0.000298933 0.037701730 0.650306702 -0.000536680 0.999754488 0.022151735 1.265816092 -0.037699085 -0.022156226 0.999043405 42.546360016
0.999226689 -0.000430023 0.039317034 0.674847722 -0.000369167 0.999793530 0.020317288 1.295791149 -0.039317653 -0.020316087 0.999020219 43.135303497
0.999141634 -0.000404727 0.041419059 0.696642637 -0.000367231 0.999826550 0.018628445 1.319674969 -0.041419405 -0.018627670 0.998968184 43.716026306
0.999068260 -0.000180902 0.043157071 0.722422838 -0.000581781 0.999843895 0.017659057 1.345788717 -0.043153539 -0.017667713 0.998912215 44.301239014
0.998963475 -0.000025618 0.045522101 0.744659781 -0.000800149 0.999835491 0.018121595 1.373064399 -0.045515079 -0.018139234 0.998798966 44.883781433
0.998855531 -0.000161758 0.047828529 0.773783445 -0.000730650 0.999826133 0.018640410 1.395646572 -0.047823220 -0.018654024 0.998681605 45.470867157
0.998732090 -0.001050641 0.050328743 0.805401564 0.000166488 0.999845564 0.017568525 1.424216032 -0.050339438 -0.017537870 0.998578191 46.055393219
0.998615503 -0.001328510 0.052586094 0.835102558 0.000406298 0.999845922 0.017543988 1.443096876 -0.052601300 -0.017498331 0.998462260 46.636703491
0.998500228 -0.001799596 0.054717790 0.868623257 0.000864889 0.999853313 0.017101198 1.463502049 -0.054740556 -0.017028226 0.998355329 47.217987061
0.998372197 -0.002674210 0.056970403 0.901100039 0.001726942 0.999859571 0.016670123 1.484672546 -0.057006981 -0.016544607 0.998236597 47.783424377
0.998256326 -0.002688220 0.058966961 0.938842535 0.001707222 0.999859333 0.016680470 1.514464140 -0.059003517 -0.016550714 0.998120487 48.378009796
0.998152256 -0.003233305 0.060676612 0.970076084 0.002158080 0.999839664 0.017777758 1.537821054 -0.060724355 -0.017613966 0.997999072 48.947017670
0.998057544 -0.003410328 0.062204331 1.005650997 0.002225471 0.999815106 0.019107157 1.558318138 -0.062257983 -0.018931614 0.997880459 49.523525238
0.997960925 -0.003349344 0.063739762 1.044027805 0.002109726 0.999807537 0.019505497 1.584154844 -0.063792825 -0.019331250 0.997775912 50.105773926
0.997885942 -0.003072251 0.064917043 1.084346771 0.001762984 0.999794006 0.020215977 1.614507437 -0.064965785 -0.020058785 0.997685850 50.696331024
0.997849882 -0.002930872 0.065475121 1.122354507 0.001464704 0.999747276 0.022429526 1.637205362 -0.065524332 -0.022285400 0.997602105 51.276950836
0.997821331 -0.002876946 0.065911524 1.160147667 0.001289169 0.999708176 0.024119403 1.664130092 -0.065961681 -0.023981886 0.997533917 51.856815338
0.997804105 -0.001935592 0.066205844 1.193042040 0.000233684 0.999669552 0.025704391 1.693432927 -0.066233717 -0.025632475 0.997474849 52.439258575
0.997823954 -0.001822782 0.065909639 1.228044987 0.000057417 0.999641359 0.026776602 1.717635632 -0.065934815 -0.026714552 0.997466266 53.020797729
0.997897029 -0.001675013 0.064796135 1.265131235 -0.000087117 0.999630392 0.027182605 1.746198058 -0.064817742 -0.027131086 0.997528374 53.593757629
0.997972488 -0.000696314 0.063641705 1.299336195 -0.001064206 0.999617815 0.027624911 1.773276091 -0.063636608 -0.027636627 0.997590423 54.172096252
0.998043180 0.001354591 0.062513940 1.334993839 -0.003077199 0.999617875 0.027467543 1.799607038 -0.062452849 -0.027606165 0.997666061 54.749122620
0.998087645 0.001981692 0.061783053 1.361381531 -0.003747840 0.999587238 0.028483523 1.829262257 -0.061701104 -0.028660605 0.997683108 55.339153290
0.998154879 0.001720261 0.060695067 1.393326521 -0.003473579 0.999579489 0.028793657 1.856376767 -0.060620002 -0.028951362 0.997740984 55.919738770
0.998202562 0.001435974 0.059913367 1.425321937 -0.003078538 0.999621689 0.027332356 1.885181665 -0.059851442 -0.027467674 0.997829318 56.489761353
0.998237967 0.001670319 0.059314281 1.458567142 -0.003215461 0.999657691 0.025964191 1.914949179 -0.059250612 -0.026109159 0.997901618 57.071350098
0.998295724 0.002845785 0.058290873 1.486209631 -0.004317070 0.999674857 0.025130047 1.938961029 -0.058200419 -0.025338862 0.997983217 57.636993408
0.998383939 0.003545512 0.056717575 1.516076803 -0.004952573 0.999682963 0.024686914 1.975056291 -0.056612074 -0.024927912 0.998085141 58.220451355
0.998458087 0.004033680 0.055364132 1.542579174 -0.005449809 0.999661207 0.025451358 2.000492573 -0.055242710 -0.025713837 0.998141706 58.800327301
0.998526037 0.003801555 0.054139897 1.572462797 -0.005321496 0.999594867 0.027957907 2.029742479 -0.054011680 -0.028204804 0.998141885 59.386695862
0.998606920 0.003937376 0.052619055 1.600972414 -0.005607064 0.999484181 0.031621806 2.065954447 -0.052467406 -0.031872794 0.998113871 59.977260590
0.998682201 0.003834905 0.051178046 1.626668811 -0.005667464 0.999346018 0.035710596 2.093435764 -0.051007625 -0.035953593 0.998050869 60.548858643
0.998743176 0.003568678 0.049993139 1.655118227 -0.005477432 0.999259114 0.038095508 2.127222061 -0.049820140 -0.038321465 0.998022735 61.140514374
0.998814404 0.004106583 0.048507050 1.680265784 -0.006003771 0.999219894 0.039030887 2.153353930 -0.048308924 -0.039275836 0.998059869 61.726226807
0.998885274 0.004829440 0.046954330 1.701452971 -0.006611160 0.999261022 0.037864905 2.193635702 -0.046736762 -0.038133107 0.998179257 62.309776306
0.998951614 0.005103855 0.045491245 1.722143888 -0.006816824 0.999270380 0.037579693 2.227684975 -0.045266248 -0.037850395 0.998257637 62.899261475
