1.000000000 0.000000000 0.000000000 0.000000000 0.000000000 1.000000000 0.000000000 0.000000000 0.000000000 0.000000000 1.000000000 0.000000000
1.000000000 -0.000069964 0.000017098 -0.000286127 0.000069967 1.000000000 -0.000139005 0.000095209 -0.000017088 0.000139006 1.000000000 -0.000397022
1.000000000 -0.000107250 0.000002288 -0.000164861 0.000107250 1.000000000 -0.000093603 -0.000199608 -0.000002278 0.000093603 1.000000000 0.001778196
1.000000000 0.000098666 0.000002469 -0.000288032 -0.000098666 1.000000000 0.000080111 -0.000112971 -0.000002461 -0.000080111 1.000000000 -0.000828149
1.000000000 0.000132743 0.000001064 -0.000420500 -0.000132743 1.000000000 0.000085599 -0.000242592 -0.000001053 -0.000085599 1.000000000 -0.001492012
1.000000000 0.000251417 0.000031424 -0.000016259 -0.000251417 1.000000000 0.000011690 -0.000023125 -0.000031421 -0.000011698 1.000000000 0.000984003
1.000000000 0.000060334 -0.000177165 0.001769372 -0.000060342 1.000000000 -0.000045924 -0.001237301 0.000177163 0.000045935 1.000000000 0.004491086
1.000000000 -0.000027515 -0.000240773 0.002105030 0.000027557 1.000000000 0.000176435 -0.001895483 0.000240768 -0.000176442 1.000000000 0.005723417
1.000000000 -0.000012961 0.000005882 -0.000042094 0.000012960 1.000000000 0.000097258 -0.000154093 -0.000005884 -0.000097257 1.000000000 -0.001060214
1.000000000 0.000088246 0.000001715 0.000087839 -0.000088246 1.000000000 0.000004102 -0.000086622 -0.000001715 -0.000004102 1.000000000 0.000117883
1.000000000 0.000390965 0.000035931 -0.000380666 -0.000390964 1.000000000 -0.000021631 -0.000002028 -0.000035939 0.000021617 1.000000000 -0.000100212
1.000000000 0.000252384 0.000043710 -0.000289824 -0.000252378 1.000000000 -0.000147623 0.000372212 -0.000043747 0.000147612 1.000000000 0.000390200
1.000000000 0.000134716 0.000010529 0.000113839 -0.000134717 1.000000000 0.000072674 0.000007296 -0.000010519 -0.000072675 1.000000000 0.001371246
1.000000000 0.000090893 0.000043478 -0.000272883 -0.000090894 1.000000000 0.000036138 0.000272064 -0.000043475 -0.000036142 1.000000000 0.000568953
1.000000000 -0.000001165 -0.000016387 -0.000000958 0.000001165 1.000000000 -0.000012538 0.000334393 0.000016387 0.000012538 1.000000000 0.001874478
1.000000000 -0.000162533 0.000059284 -0.000645715 0.000162543 1.000000000 -0.000177448 0.000287763 -0.000059255 0.000177458 1.000000000 -0.001058110
1.000000000 -0.000264024 0.000078470 -0.000682044 0.000264031 1.000000000 -0.000092240 0.000271488 -0.000078445 0.000092260 1.000000000 -0.001543216
1.000000000 0.000085280 -0.000034415 0.000019961 -0.000085275 1.000000000 0.000139889 -0.000042397 0.000034427 -0.000139886 1.000000000 -0.001074720
1.000000000 0.000242104 0.000020594 -0.000288820 -0.000242105 1.000000000 0.000052707 0.000034630 -0.000020581 -0.000052712 1.000000000 -0.000116888
1.000000000 0.000073137 0.000034736 -0.000322035 -0.000073133 1.000000000 -0.000111938 0.000270613 -0.000034744 0.000111936 1.000000000 -0.001390075
1.000000000 -0.000026460 0.000032479 0.000016386 0.000026465 1.000000000 -0.000149632 0.000098857 -0.000032476 0.000149633 1.000000000 0.003895192
0.999999881 0.000350720 0.000030693 -0.000409241 -0.000350722 0.999999881 0.000042997 0.000001929 -0.000030678 -0.000043008 1.000000000 -0.001198542
1.000000000 0.000077867 0.000015392 -0.000541049 -0.000077869 1.000000000 0.000102053 -0.000085583 -0.000015385 -0.000102055 1.000000000 -0.002205963
1.000000000 0.000186829 0.000016571 0.000030710 -0.000186829 1.000000000 -0.000004782 0.000109247 -0.000016572 0.000004779 1.000000000 0.002134196
1.000000000 0.000111278 0.000071119 -0.000673373 -0.000111265 1.000000000 -0.000179082 0.000347582 -0.000071139 0.000179074 1.000000000 -0.000592122
1.000000000 0.000051761 0.000049122 -0.000514434 -0.000051751 1.000000000 -0.000193681 0.000275505 -0.000049132 0.000193678 1.000000000 -0.000425286
1.000000000 0.000236638 0.000020103 0.000340587 -0.000236637 1.000000000 -0.000045988 0.000248712 -0.000020114 0.000045983 1.000000000 0.004003527
1.000000000 0.000000832 0.000026164 -0.000333030 -0.000000833 1.000000000 0.000061657 0.000210351 -0.000026164 -0.000061657 1.000000000 -0.000450157
1.000000000 0.000144169 -0.000009753 0.000172538 -0.000144169 1.000000000 0.000047001 0.000550669 0.000009760 -0.000046999 1.000000000 0.001551947
1.000000000 -0.000045646 0.000055960 -0.001029636 0.000045648 1.000000000 -0.000028846 0.000136372 -0.000055959 0.000028849 1.000000000 -0.002605097
0.999999821 0.000669706 0.000142198 -0.001341740 -0.000669660 0.999999821 -0.000325488 0.002253533 -0.000142416 0.000325393 0.999999940 -0.000822399
1.000000000 0.000117065 0.000071870 -0.000595575 -0.000117052 1.000000000 -0.000176039 0.000516134 -0.000071890 0.000176030 1.000000000 0.000004081
1.000000000 0.000166947 0.000011845 -0.000351116 -0.000166947 1.000000000 0.000018856 0.000624618 -0.000011842 -0.000018858 1.000000000 0.000535046
1.000000000 -0.000109806 0.000006269 0.000069324 0.000109805 1.000000000 0.000091600 0.000115233 -0.000006279 -0.000091599 1.000000000 0.001069704
1.000000000 -0.000155700 0.000066911 -0.001294524 0.000155703 1.000000000 -0.000039928 0.000455158 -0.000066904 0.000039938 1.000000000 -0.003117744
1.000000000 -0.000076974 0.000103463 -0.001502989 0.000076991 1.000000000 -0.000167483 0.000123612 -0.000103450 0.000167491 1.000000000 -0.002851699
1.000000000 0.000017280 0.000099382 -0.000551562 -0.000017262 1.000000000 -0.000185321 0.000926618 -0.000099385 0.000185319 1.000000000 0.000853917
1.000000000 0.000038826 0.000034533 -0.000522494 -0.000038827 1.000000000 0.000022544 0.000517268 -0.000034532 -0.000022545 1.000000000 -0.000804354
1.000000000 0.000067864 -0.000005564 0.000119984 -0.000067864 1.000000000 0.000054933 0.000468870 0.000005568 -0.000054933 1.000000000 0.000045868
1.000000000 -0.000101085 0.000074387 -0.001024663 0.000101091 1.000000000 -0.000091228 0.000691891 -0.000074378 0.000091235 1.000000000 -0.000363128
1.000000000 -0.000060879 0.000031172 -0.000343470 0.000060885 1.000000000 -0.000182381 0.000742427 -0.000031161 0.000182383 1.000000000 -0.000726667
1.000000000 -0.000135519 0.000069432 -0.000539806 0.000135526 1.000000000 -0.000097539 0.000447518 -0.000069419 0.000097549 1.000000000 0.000762412
0.999999940 0.000370895 0.000040554 0.000001083 -0.000370897 0.999999881 0.000034278 0.000559217 -0.000040541 -0.000034293 1.000000000 0.001728566
1.000000000 -0.000122171 0.000034056 -0.000025544 0.000122171 1.000000000 0.000007387 0.000335772 -0.000034057 -0.000007383 1.000000000 -0.000095752
1.000000000 -0.000201074 0.000061100 -0.000046181 0.000201084 1.000000000 -0.000158528 0.000168795 -0.000061069 0.000158540 1.000000000 0.002054481
1.000000000 -0.000003445 0.000084317 -0.000684582 0.000003461 1.000000000 -0.000189296 0.000649578 -0.000084317 0.000189296 1.000000000 -0.000451027
1.000000000 -0.000106358 0.000046425 -0.000047041 0.000106359 1.000000000 -0.000016073 0.000137248 -0.000046423 0.000016078 1.000000000 0.001924032
1.000000000 -0.000108735 0.000052471 -0.000161387 0.000108733 1.000000000 0.000031558 0.000259918 -0.000052475 -0.000031552 1.000000000 0.001450202
1.000000000 -0.000059720 -0.000001177 0.000906327 0.000059720 1.000000000 -0.000027972 0.000170713 0.000001179 0.000027972 1.000000000 0.006042433
0.999999940 0.000097833 0.000010020 0.001386734 -0.000097831 0.999999940 -0.000205866 0.000300636 -0.000010041 0.000205865 1.000000000 0.009682541
1.000000000 -0.000004354 0.000077668 -0.000027207 0.000004366 1.000000000 -0.000149937 -0.000141062 -0.000077667 0.000149937 1.000000000 0.003581110
1.000000000 -0.000102892 0.000023010 0.000649896 0.000102893 1.000000000 -0.000033716 -0.000096468 -0.000023006 0.000033719 1.000000000 0.007565082
1.000000000 0.000117843 0.000043210 0.000005634 -0.000117846 1.000000000 0.000056147 0.000238072 -0.000043203 -0.000056152 1.000000000 0.001701260
1.000000000 0.000056944 0.000068521 -0.000211194 -0.000056944 1.000000000 0.000000721 0.000283176 -0.000068521 -0.000000725 1.000000000 0.000846958
1.000000000 -0.000044210 0.000089638 -0.000358030 0.000044222 1.000000000 -0.000132334 0.000403861 -0.000089632 0.000132338 1.000000000 0.000464434
1.000000000 0.000214115 0.000097754 -0.000608393 -0.000214093 0.999999940 -0.000232387 0.000732022 -0.000097804 0.000232366 1.000000000 -0.000956508
1.000000000 -0.000031795 0.000081371 -0.000453360 0.000031806 1.000000000 -0.000136810 0.000158466 -0.000081366 0.000136813 1.000000000 0.000617799
1.000000000 0.000038510 0.000036371 0.000482250 -0.000038511 1.000000000 0.000005286 0.000043829 -0.000036371 -0.000005288 1.000000000 0.006161407
1.000000000 -0.000093232 0.000056676 -0.000136447 0.000093231 1.000000000 0.000021277 0.000367610 -0.000056678 -0.000021272 1.000000000 0.001226943
1.000000000 -0.000040028 0.000076990 -0.000318043 0.000040030 1.000000000 -0.000020926 0.000432572 -0.000076989 0.000020929 1.000000000 0.001604916
1.000000000 -0.000063474 0.000034552 0.000719492 0.000063478 1.000000000 -0.000131128 0.000063457 -0.000034543 0.000131130 1.000000000 0.007469026
1.000000000 -0.000166641 -0.000093456 0.002190518 0.000166639 1.000000000 -0.000016190 -0.001326797 0.000093459 0.000016175 1.000000000 0.009301726
1.000000000 0.000002044 0.000029085 -0.000305684 -0.000002046 1.000000000 0.000069725 0.000224363 -0.000029085 -0.000069725 1.000000000 0.000248893
1.000000000 -0.000097704 -0.000136773 0.002114577 0.000097751 0.999999940 0.000338479 -0.001424907 0.000136740 -0.000338493 1.000000000 0.010607345
0.999998450 0.001763619 0.000018430 0.001080007 -0.001763606 0.999998152 -0.000708563 0.005695706 -0.000019679 0.000708529 0.999999702 -0.006741503
0.999999821 -0.000601839 -0.000052497 0.001239628 0.000601853 0.999999762 0.000271825 -0.001383489 0.000052334 -0.000271857 0.999999940 0.008154107
0.999999881 -0.000341593 -0.000062268 0.001429530 0.000341605 0.999999881 0.000191961 -0.001066222 0.000062203 -0.000191982 1.000000000 0.006964128
0.999999881 -0.000502848 -0.000153479 0.002136831 0.000502935 0.999999702 0.000565309 -0.001271001 0.000153195 -0.000565386 0.999999821 0.009210601
0.999998987 -0.001375262 -0.000028291 0.001547236 0.001375285 0.999998689 0.000838823 -0.001076494 0.000027138 -0.000838861 0.999999642 0.009847364
0.999999106 -0.001333610 0.000067585 0.001966161 0.001333533 0.999998450 0.001127682 -0.001310873 -0.000069089 -0.001127591 0.999999344 0.011986508
0.999997675 -0.002155825 0.000017210 0.001571170 0.002155804 0.999997020 0.001120557 -0.001002430 -0.000019626 -0.001120517 0.999999344 0.009944186
0.999998629 -0.001641748 -0.000012178 0.002661354 0.001641760 0.999998033 0.001108533 -0.001615120 0.000010358 -0.001108551 0.999999344 0.013846427
0.999999106 -0.001289110 -0.000071073 0.003037528 0.001289176 0.999998689 0.000945700 -0.001642082 0.000069854 -0.000945791 0.999999583 0.012945269
0.999999166 -0.001300149 0.000029224 0.001600739 0.001300124 0.999998808 0.000856943 -0.000716629 -0.000030338 -0.000856904 0.999999642 0.011913603
0.999978602 -0.006539177 0.000416065 -0.005306760 0.006537538 0.999971330 0.003824096 -0.021317933 -0.000441060 -0.003821294 0.999992609 0.033249788
0.999999046 -0.001369695 -0.000024551 0.002016738 0.001369723 0.999998391 0.001139961 -0.001277008 0.000022990 -0.001139994 0.999999344 0.011376877
0.999992132 0.003956960 -0.000279432 0.009130849 -0.003957434 0.999990702 -0.001715482 0.019077176 0.000272642 0.001716574 0.999998450 -0.007561393
0.999998868 -0.001502331 0.000065277 0.002229884 0.001502265 0.999998331 0.001003737 -0.001079291 -0.000066785 -0.001003637 0.999999464 0.013820374
0.999999285 -0.001170411 -0.000145966 0.003228812 0.001170546 0.999998808 0.000923501 -0.000842269 0.000144885 -0.000923671 0.999999583 0.014522146
0.999999583 -0.000893908 -0.000002572 0.003060744 0.000893911 0.999998927 0.001158632 -0.000924589 0.000001536 -0.001158634 0.999999285 0.014480594
0.999999106 -0.001338102 0.000062354 0.001629501 0.001338020 0.999998271 0.001305688 -0.000818879 -0.000064101 -0.001305604 0.999999166 0.011221623
0.999998271 -0.001889690 0.000025069 0.001060051 0.001889655 0.999997437 0.001325076 -0.000491323 -0.000027573 -0.001325026 0.999999166 0.011010909
0.999998629 -0.001658960 -0.000022928 0.002857302 0.001658988 0.999997795 0.001303353 -0.001402761 0.000020766 -0.001303389 0.999999106 0.014046153
0.999997973 -0.002020459 -0.000202642 0.004363391 0.002020684 0.999997377 0.001119574 -0.001357590 0.000200379 -0.001119981 0.999999344 0.015815217
0.999997795 -0.002055728 -0.000133950 0.003065920 0.002055882 0.999997139 0.001158802 -0.001767067 0.000131567 -0.001159074 0.999999344 0.014413795
0.999997616 -0.002149810 -0.000016184 0.002009839 0.002149828 0.999996901 0.001199054 -0.000736200 0.000013606 -0.001199086 0.999999285 0.010819638
0.999997258 -0.002323260 -0.000031515 0.001960601 0.002323300 0.999996424 0.001326221 -0.000707468 0.000028434 -0.001326290 0.999999106 0.012062083
0.999997675 -0.002135692 -0.000065850 0.002186179 0.002135777 0.999996841 0.001312971 -0.000631373 0.000063046 -0.001313108 0.999999166 0.010734882
0.999998212 -0.001856289 -0.000015243 0.001937784 0.001856306 0.999997556 0.001214855 -0.000669726 0.000012988 -0.001214881 0.999999285 0.011520476
0.999997735 -0.002106030 0.000015450 0.002105076 0.002106012 0.999997258 0.001076226 -0.000802160 -0.000017716 -0.001076192 0.999999464 0.011774022
0.999998748 -0.001560218 0.000049004 0.002117381 0.001560173 0.999998331 0.000922903 -0.001376195 -0.000050444 -0.000922826 0.999999583 0.013000265
0.999999404 -0.001059555 -0.000204797 0.004480764 0.001059550 0.999999404 -0.000022693 0.008675626 0.000204821 0.000022476 1.000000000 0.017642302
0.999999464 -0.000968567 -0.000191452 0.004547348 0.000968589 0.999999464 0.000111288 0.009457489 0.000191344 -0.000111473 1.000000000 0.015489186
0.999998808 -0.001544849 0.000041632 0.001974454 0.001544798 0.999998093 0.001203268 -0.001879878 -0.000043491 -0.001203203 0.999999285 0.011289068
0.999999046 -0.001368247 -0.000021349 0.002632220 0.001368268 0.999998510 0.001042346 -0.001283057 0.000019923 -0.001042374 0.999999464 0.013181303
0.999999404 -0.001116922 0.000053718 0.002158640 0.001116872 0.999998927 0.000929096 -0.001531021 -0.000054755 -0.000929036 0.999999583 0.015657913
0.999999166 -0.001281589 -0.000012397 0.002460874 0.001281601 0.999998569 0.001025293 -0.002243519 0.000011083 -0.001025308 0.999999464 0.015157823
0.999999523 -0.001024828 0.000043844 0.001842109 0.001024779 0.999998808 0.001094436 -0.001119611 -0.000044965 -0.001094391 0.999999404 0.011307568
0.999999285 -0.001181937 -0.000013706 0.002509326 0.001181951 0.999998689 0.001098990 -0.001117537 0.000012407 -0.001099005 0.999999404 0.013129554
0.999999404 -0.001065870 -0.000017568 0.002157378 0.001065887 0.999998987 0.000993075 -0.001363271 0.000016510 -0.000993093 0.999999464 0.012877335
0.999999285 -0.001222824 0.000005863 0.002529866 0.001222819 0.999998868 0.000866915 -0.001860962 -0.000006923 -0.000866907 0.999999642 0.016408335
0.999999642 -0.000877377 0.000025702 0.001663087 0.000877354 0.999999166 0.000895760 -0.001278226 -0.000026488 -0.000895737 0.999999642 0.010815046
1.000000000 -0.000143933 -0.000143949 0.001854348 0.000144004 0.999999762 0.000491707 -0.001104237 0.000143879 -0.000491727 0.999999881 0.009188821
1.000000000 -0.000189087 -0.000022828 0.001823996 0.000189113 0.999999285 0.001131012 -0.001225010 0.000022614 -0.001131016 0.999999404 0.009472593
1.000000000 -0.000406388 -0.000062562 0.003586315 0.000406456 0.999999285 0.001087255 -0.001281914 0.000062120 -0.001087280 0.999999404 0.020015826
0.999999642 -0.000791211 -0.000035011 0.002053632 0.000791241 0.999999464 0.000881099 -0.000948489 0.000034314 -0.000881126 0.999999642 0.012365505
0.999999881 -0.000354503 0.000009289 0.001720606 0.000354492 0.999999404 0.001103426 -0.001163658 -0.000009680 -0.001103423 0.999999464 0.009136629
0.999999881 -0.000325175 -0.000006822 0.002076681 0.000325181 0.999999583 0.000905352 -0.001092841 0.000006528 -0.000905354 0.999999642 0.013529198
0.999999762 -0.000652193 -0.000129213 0.003547579 0.000652269 0.999999642 0.000585024 -0.001479565 0.000128832 -0.000585108 0.999999881 0.018290272
0.999999583 -0.000847238 -0.000067557 0.003080755 0.000847293 0.999999344 0.000817785 -0.001009919 0.000066864 -0.000817842 0.999999702 0.017876254
0.999999583 -0.000875208 0.000009635 0.001339241 0.000875198 0.999999166 0.000994863 -0.001463676 -0.000010505 -0.000994854 0.999999404 0.008738074
0.999999762 -0.000665479 0.000040302 0.001175183 0.000665440 0.999999404 0.000955504 -0.001024689 -0.000040938 -0.000955477 0.999999523 0.009201090
0.999999762 -0.000545630 0.000142278 0.000655252 0.000545562 0.999999702 0.000476326 -0.000374409 -0.000142538 -0.000476248 0.999999940 0.009567727
0.999999702 -0.000803662 0.000120816 0.002161097 0.000803723 0.999999523 -0.000502645 -0.001313062 -0.000120412 0.000502741 0.999999881 0.014426091
0.999999821 -0.000610575 0.000178501 0.002233354 0.000610954 0.999997616 -0.002126162 -0.001314737 -0.000177202 0.002126271 0.999997735 0.015786648
0.999999702 -0.000695833 0.000246047 0.001492049 0.000696767 0.999992490 -0.003818049 -0.001470315 -0.000243388 0.003818221 0.999992609 0.015814971
0.999999881 -0.000423690 0.000222408 0.003256430 0.000424802 0.999987304 -0.005024162 -0.001326870 -0.000220277 0.005024256 0.999987364 0.024502149
0.999999642 -0.000695383 0.000347714 0.004298435 0.000697228 0.999985516 -0.005335338 -0.001739450 -0.000343999 0.005335580 0.999985695 0.048223469
0.999999881 -0.000315489 0.000217242 0.006711552 0.000316545 0.999988079 -0.004875435 -0.001344350 -0.000215701 0.004875504 0.999988079 0.073039785
1.000000000 -0.000075140 0.000171517 0.007733690 0.000075857 0.999991238 -0.004183163 -0.002049240 -0.000171201 0.004183176 0.999991238 0.104113273
1.000000000 -0.000329490 0.000191357 0.010817490 0.000330319 0.999990463 -0.004352080 -0.003432822 -0.000189922 0.004352142 0.999990523 0.164253697
1.000000000 0.000155069 0.000068934 0.013615167 -0.000154771 0.999990702 -0.004305430 -0.002115090 -0.000069601 0.004305418 0.999990761 0.227082759
0.999999523 0.000881041 0.000011326 0.014579212 -0.000880989 0.999991655 -0.003976662 0.000557815 -0.000014829 0.003976651 0.999992073 0.278095007
0.999998689 0.001611845 -0.000266800 0.023333026 -0.001612894 0.999990702 -0.003979268 0.005158639 0.000260384 0.003979693 0.999992073 0.371713698
0.999997020 0.002453986 -0.000458364 0.026410595 -0.002455715 0.999989688 -0.003811228 0.006942912 0.000449006 0.003812342 0.999992549 0.426251233
0.999999106 0.001346679 0.000170500 0.008829553 -0.001345992 0.999991179 -0.003970586 0.015440435 -0.000175846 0.003970352 0.999992073 0.563761234
0.999998629 0.001616538 0.000003415 0.012820017 -0.001616513 0.999991238 -0.003867972 0.020447111 -0.000009668 0.003867962 0.999992490 0.660276651
0.999998987 0.001358844 0.000045193 0.011723622 -0.001358674 0.999992728 -0.003561327 0.020710837 -0.000050032 0.003561262 0.999993622 0.756395340
0.999998629 0.001625792 -0.000332390 0.016792381 -0.001626994 0.999992013 -0.003648970 0.026751414 0.000326455 0.003649506 0.999993265 0.848600209
0.999999166 0.001212531 -0.000300288 0.010849577 -0.001213671 0.999991894 -0.003824688 0.035777524 0.000295649 0.003825051 0.999992669 1.001573920
0.999999583 0.000811521 -0.000404758 0.008873427 -0.000812934 0.999993503 -0.003504433 0.035456795 0.000401911 0.003504760 0.999993801 1.113294721
0.999999404 0.000995143 -0.000258569 0.002007040 -0.000996028 0.999993503 -0.003446851 0.043495182 0.000255137 0.003447107 0.999993980 1.255027771
0.999999166 0.001177759 -0.000472835 0.000374911 -0.001179444 0.999992847 -0.003578002 0.046858922 0.000468617 0.003578557 0.999993503 1.385397911
0.999998271 0.001641325 -0.000854917 0.001444185 -0.001644370 0.999992192 -0.003572682 0.049083259 0.000849046 0.003574082 0.999993265 1.513288140
0.999997795 0.001888099 -0.000895014 -0.003358020 -0.001891255 0.999991953 -0.003538364 0.056167785 0.000888326 0.003540050 0.999993324 1.663383484
0.999997079 0.001990786 -0.001360711 -0.002662262 -0.001995192 0.999992728 -0.003243946 0.058634393 0.001354243 0.003246651 0.999993801 1.801757216
0.999997020 0.001900675 -0.001596295 -0.008241371 -0.001905978 0.999992669 -0.003326932 0.066534549 0.001589960 0.003329964 0.999993205 1.967868328
0.999997139 0.001652257 -0.001735709 -0.009936459 -0.001657672 0.999993682 -0.003122886 0.071803600 0.001730539 0.003125754 0.999993622 2.121561766
0.999997377 0.001384948 -0.001811879 -0.015704136 -0.001391154 0.999993145 -0.003428553 0.079345129 0.001807118 0.003431064 0.999992490 2.290280342
0.999997079 0.001129009 -0.002103125 -0.020458341 -0.001136412 0.999993145 -0.003522104 0.081650205 0.002099134 0.003524484 0.999991596 2.435191393
0.999996305 0.001316568 -0.002378843 -0.023511115 -0.001327403 0.999988735 -0.004558560 0.083541036 0.002372814 0.004561701 0.999986708 2.633206844
0.999996305 0.001030994 -0.002520708 -0.028256256 -0.001047664 0.999977469 -0.006620684 0.091747887 0.002513825 0.006623300 0.999974906 2.821924210
0.999995589 0.001071953 -0.002755680 -0.031031635 -0.001095634 0.999962389 -0.008606469 0.101525582 0.002746350 0.008609450 0.999959171 3.021843433
0.999995351 0.000908756 -0.002913718 -0.036213972 -0.000932845 0.999965250 -0.008276900 0.112208821 0.002906095 0.008279581 0.999961495 3.242424011
0.999995172 0.000714951 -0.003019353 -0.044279385 -0.000740800 0.999962926 -0.008568828 0.115036637 0.003013116 0.008571022 0.999958754 3.466743469
0.999993742 0.000915032 -0.003395437 -0.048525739 -0.000942548 0.999966681 -0.008111146 0.125606596 0.003387902 0.008114297 0.999961317 3.716881275
0.999991298 0.001050372 -0.004062772 -0.049798448 -0.001081610 0.999969840 -0.007694415 0.134089783 0.004054568 0.007698739 0.999962151 3.971428394
0.999990106 0.001368308 -0.004224223 -0.062586442 -0.001393690 0.999980986 -0.006011744 0.139300898 0.004215917 0.006017573 0.999972939 4.234439850
0.999985158 0.001973783 -0.005075226 -0.062125593 -0.001997270 0.999987245 -0.004626930 0.148765683 0.005066029 0.004636999 0.999976397 4.504102230
0.999982774 0.002291554 -0.005408335 -0.070841491 -0.002307154 0.999993145 -0.002880002 0.159700125 0.005401699 0.002892430 0.999981225 4.802953720
0.999975324 0.002365030 -0.006629260 -0.063616753 -0.002370806 0.999996781 -0.000863575 0.159009218 0.006627197 0.000879270 0.999977589 5.045569897
0.999979317 0.002420668 -0.005960836 -0.085990354 -0.002425255 0.999996781 -0.000762372 0.179870278 0.005958971 0.000776812 0.999981940 5.389822006
0.999980032 0.002298437 -0.005888314 -0.098786950 -0.002302900 0.999997079 -0.000751333 0.189909309 0.005886569 0.000764878 0.999982357 5.714677334
0.999974668 0.001921525 -0.006851781 -0.095648251 -0.001922914 0.999998152 -0.000196099 0.194377646 0.006851391 0.000209269 0.999976516 5.968360901
0.999973178 0.002127990 -0.007018740 -0.106445268 -0.002124082 0.999997675 0.000564205 0.208407477 0.007019923 -0.000549281 0.999975204 6.260555267
0.999972463 0.001510845 -0.007260658 -0.115754910 -0.001500928 0.999998033 0.001371061 0.214808226 0.007262714 -0.001360125 0.999972701 6.560705662
0.999968588 0.001588985 -0.007762523 -0.120042838 -0.001577603 0.999997675 0.001472173 0.225185275 0.007764845 -0.001459880 0.999968767 6.842605114
0.999966800 0.001828443 -0.007939088 -0.126765400 -0.001818182 0.999997556 0.001299547 0.235019714 0.007941445 -0.001285070 0.999967694 7.141183376
0.999967456 0.001430484 -0.007938050 -0.135334373 -0.001416977 0.999997556 0.001706898 0.242607087 0.007940472 -0.001695595 0.999966979 7.432960510
0.999965429 0.001855607 -0.008110200 -0.142195076 -0.001844733 0.999997377 0.001347996 0.255174488 0.008112679 -0.001332988 0.999966204 7.731019497
0.999969184 0.001699397 -0.007666768 -0.151963502 -0.001686657 0.999997258 0.001667824 0.266128302 0.007669581 -0.001654842 0.999969184 8.035207748
0.999970257 0.002536586 -0.007271857 -0.158376902 -0.002534350 0.999996662 0.000316661 0.286594748 0.007272638 -0.000298222 0.999973536 8.294420242
0.999970794 0.002851122 -0.007083543 -0.159417033 -0.002855091 0.999995828 -0.000550253 0.288531750 0.007081944 0.000570462 0.999974787 8.609418869
0.999976635 0.003884333 -0.005617255 -0.166262329 -0.003899800 0.999988556 -0.002745030 0.306035280 0.005606528 0.002766873 0.999980509 8.930074692
0.999986112 0.003835160 -0.003611765 -0.176930562 -0.003849883 0.999984205 -0.004078373 0.315252632 0.003596067 0.004092222 0.999985218 9.248662949
0.999992013 0.003445317 -0.001991853 -0.180391610 -0.003453444 0.999985635 -0.004091321 0.326598108 0.001977730 0.004098168 0.999989688 9.574885368
0.999994457 0.003288447 -0.000392890 -0.181183934 -0.003289904 0.999987483 -0.003766482 0.342092365 0.000380499 0.003767755 0.999992907 9.913246155
0.999994397 0.003006165 0.001448918 -0.184895620 -0.003000830 0.999988735 -0.003670493 0.347734481 -0.001459936 0.003666125 0.999992251 10.266664505
0.999990225 0.003386829 0.002843994 -0.184845448 -0.003375415 0.999986291 -0.004008623 0.359558702 -0.002857531 0.003998985 0.999987841 10.619581223
0.999981880 0.003636474 0.004782014 -0.194267675 -0.003617986 0.999985993 -0.003869148 0.371760428 -0.004796018 0.003851778 0.999981165 10.990218163
0.999972641 0.003763353 0.006368025 -0.191871583 -0.003744984 0.999988854 -0.002894064 0.381072879 -0.006378845 0.002870136 0.999975502 11.360268593
0.999959886 0.003642489 0.008184632 -0.190279707 -0.003623059 0.999990582 -0.002387560 0.396066517 -0.008193253 0.002357811 0.999963582 11.735861778
0.999942303 0.003401682 0.010181062 -0.191921949 -0.003394797 0.999993920 -0.000693426 0.405780643 -0.010183358 0.000658823 0.999947846 12.109964371
0.999924242 0.003463839 0.011806118 -0.188359603 -0.003461913 0.999993980 -0.000183605 0.426052183 -0.011806683 0.000142720 0.999930203 12.485502243
0.999905288 0.002727377 0.013483313 -0.190172672 -0.002725143 0.999996245 -0.000184005 0.435878843 -0.013483764 0.000147243 0.999909043 12.867448807
0.999883294 0.002523842 0.015068120 -0.187244996 -0.002535345 0.999996424 0.000744324 0.448610306 -0.015066190 -0.000782440 0.999886215 13.249085426
0.999858856 0.002588249 0.016601825 -0.185767978 -0.002615145 0.999995291 0.001598537 0.457972646 -0.016597610 -0.001641728 0.999860942 13.632121086
0.999835670 0.001756373 0.018041121 -0.182237506 -0.001796750 0.999995828 0.002222080 0.470571280 -0.018037144 -0.002254130 0.999834836 14.013776779
0.999813139 0.000876735 0.019313991 -0.178662926 -0.000916922 0.999997318 0.002071891 0.485958040 -0.019312125 -0.002089213 0.999811292 14.394062996
0.999795139 -0.000174504 0.020235410 -0.172816038 0.000119612 0.999996305 0.002713840 0.496044606 -0.020235810 -0.002710864 0.999791563 14.774701118
0.999787331 -0.000960574 0.020600228 -0.165600538 0.000899365 0.999995172 0.002980336 0.511486888 -0.020602988 -0.002961175 0.999783337 15.152699471
0.999775171 -0.002033499 0.021103213 -0.166906714 0.001948935 0.999989927 0.004026932 0.524756372 -0.021111190 -0.003984897 0.999769211 15.539886475
0.999774337 -0.002687613 0.021073041 -0.161781818 0.002593041 0.999986470 0.004513880 0.539972007 -0.021084884 -0.004458218 0.999767661 15.925819397
0.999766052 -0.003542739 0.021334037 -0.159191400 0.003446572 0.999983728 0.004542705 0.550469160 -0.021349784 -0.004468114 0.999761999 16.310062408
0.999759316 -0.004009408 0.021568913 -0.158421904 0.003933601 0.999985933 0.003555881 0.565712154 -0.021582866 -0.003470182 0.999761045 16.700830460
0.999759912 -0.004478343 0.021451540 -0.156761438 0.004407969 0.999984801 0.003326765 0.580683649 -0.021466110 -0.003231409 0.999764323 17.097455978
0.999764860 -0.004464952 0.021220744 -0.153003067 0.004380074 0.999982238 0.004044530 0.596376181 -0.021238426 -0.003950630 0.999766648 17.497655869
0.999760687 -0.004246335 0.021460732 -0.152773559 0.004161534 0.999983370 0.003994528 0.612784982 -0.021477329 -0.003904263 0.999761701 17.900674820
0.999760985 -0.004234240 0.021447510 -0.151289254 0.004169131 0.999986589 0.003079591 0.626285732 -0.021460261 -0.002989437 0.999765217 18.305139542
0.999767244 -0.003831487 0.021232883 -0.148224622 0.003784795 0.999990344 0.002238769 0.642506361 -0.021241250 -0.002157887 0.999772072 18.720630646
0.999767542 -0.004141398 0.021159396 -0.146353304 0.004111845 0.999990523 0.001439960 0.658888996 -0.021165160 -0.001352620 0.999774992 19.124395370
0.999766707 -0.004659697 0.021091327 -0.144376546 0.004634373 0.999988496 0.001249398 0.672289193 -0.021096906 -0.001151361 0.999776781 19.552936554
0.999773443 -0.004151472 0.020876883 -0.141250700 0.004138618 0.999991238 0.000658954 0.686213791 -0.020879440 -0.000572403 0.999781847 19.970872879
0.999775708 -0.002754895 0.020999979 -0.142148107 0.002764359 0.999996006 -0.000421630 0.703920901 -0.020998735 0.000479587 0.999779403 20.398483276
0.999778152 -0.001310417 0.021021439 -0.144585192 0.001332317 0.999998569 -0.001027786 0.720544338 -0.021020062 0.001055565 0.999778509 20.839437485
0.999780059 -0.000708975 0.020959869 -0.144404441 0.000736426 0.999998808 -0.001302000 0.737929523 -0.020958923 0.001317149 0.999779463 21.282270432
0.999785125 -0.000514770 0.020723412 -0.144086808 0.000554247 0.999997973 -0.001899248 0.750469327 -0.020722399 0.001910326 0.999783456 21.729948044
0.999790847 0.000136090 0.020452244 -0.140355110 -0.000096064 0.999998093 -0.001958018 0.769417584 -0.020452470 0.001955643 0.999789059 22.186969757
0.999785185 0.000917302 0.020705651 -0.143518597 -0.000875928 0.999997616 -0.002007166 0.782320499 -0.020707440 0.001988599 0.999783516 22.646211624
0.999782562 0.002198885 0.020734867 -0.141422540 -0.002163793 0.999996185 -0.001714719 0.800603628 -0.020738564 0.001669480 0.999783456 23.112949371
0.999784887 0.003148000 0.020501606 -0.143210679 -0.003117636 0.999993920 -0.001512785 0.814452231 -0.020506242 0.001448542 0.999788821 23.578680038
0.999791026 0.003598796 0.020123895 -0.140957385 -0.003582029 0.999993205 -0.000869145 0.833452463 -0.020126890 0.000796879 0.999797106 24.055606842
0.999788165 0.004453885 0.020094829 -0.141866624 -0.004442313 0.999989927 -0.000620497 0.849283338 -0.020097386 0.000531097 0.999797881 24.529842377
0.999779642 0.004788060 0.020439487 -0.144143760 -0.004785668 0.999988556 -0.000165952 0.867326319 -0.020440048 0.000068099 0.999791086 25.015060425
0.999790013 0.004385168 0.020018479 -0.136462212 -0.004389433 0.999990344 0.000169080 0.883145571 -0.020017546 -0.000256915 0.999799609 25.500013351
0.999790430 0.004858327 0.019887419 -0.136303186 -0.004879369 0.999987602 0.001009660 0.898423135 -0.019882267 -0.001106487 0.999801695 25.987625122
0.999791801 0.004857179 0.019817891 -0.134674549 -0.004882006 0.999987364 0.001204483 0.918330967 -0.019811785 -0.001300983 0.999802887 26.483015060
0.999793291 0.004211026 0.019892054 -0.130791485 -0.004238952 0.999990225 0.001361988 0.937354565 -0.019886125 -0.001446028 0.999801219 26.980760574
0.999788046 0.003883750 0.020214301 -0.128007293 -0.003922717 0.999990523 0.001888343 0.952246726 -0.020206777 -0.001967238 0.999793887 27.481115341
0.999788702 0.002679391 0.020376442 -0.124599040 -0.002723459 0.999994040 0.002135274 0.967169642 -0.020370599 -0.002190317 0.999790013 27.992265701
0.999786735 0.001754023 0.020583931 -0.121251106 -0.001793481 0.999996603 0.001898631 0.986471236 -0.020580534 -0.001935143 0.999786317 28.504047394
0.999780059 0.000454525 0.020963278 -0.110791922 -0.000483583 0.999998868 0.001381095 1.001583576 -0.020962629 -0.001390929 0.999779284 29.009057999
0.999771476 0.000934216 0.021352919 -0.107905805 -0.000942417 0.999999464 0.000374030 1.010038614 -0.021352561 -0.000394068 0.999771953 29.531442642
0.999766290 0.000090644 0.021614568 -0.096283555 -0.000057741 0.999998868 -0.001522872 1.031204343 -0.021614684 0.001521268 0.999765217 30.005651474
0.999764919 -0.001033791 0.021657461 -0.090447068 0.001089075 0.999996185 -0.002541029 1.035838127 -0.021654751 0.002564019 0.999762237 30.527574539
0.999763906 -0.000995481 0.021706564 -0.078741491 0.001068493 0.999993801 -0.003352245 1.057438970 -0.021703089 0.003374647 0.999758780 30.962358475
0.999758840 -0.002314253 0.021834487 -0.050140321 0.002370638 0.999993920 -0.002556871 1.061301827 -0.021828432 0.002608017 0.999758244 31.458444595
0.999751747 -0.001159241 0.022249734 -0.054649115 0.001134859 0.999998748 0.001108456 1.074509501 -0.022250993 -0.001082931 0.999751747 31.891130447
0.999738872 -0.001095087 0.022825008 -0.056483924 0.000972572 0.999984980 0.005377996 1.092316508 -0.022830553 -0.005354392 0.999724925 32.385509491
0.999727249 -0.002147499 0.023252841 -0.056737363 0.001944610 0.999959886 0.008744453 1.093357801 -0.023270685 -0.008696853 0.999691367 32.910499573
0.999708533 -0.003533003 0.023882907 -0.054663181 0.003299756 0.999946475 0.009798611 1.119856238 -0.023916245 -0.009716950 0.999666750 33.442611694
0.999702990 -0.003012927 0.024180159 -0.040348291 0.002789362 0.999953032 0.009274249 1.157796264 -0.024206970 -0.009204045 0.999664605 33.983684540
0.999687672 -0.001293010 0.024958156 -0.047653437 0.001064579 0.999957442 0.009163707 1.181004405 -0.024968943 -0.009134277 0.999646485 34.536605835
0.999675035 0.000590504 0.025484992 -0.046681941 -0.000943785 0.999903619 0.013852493 1.214099407 -0.025474355 -0.013872046 0.999579251 35.076293945
0.999654055 -0.000535622 0.026297109 -0.040000141 -0.000047342 0.999754369 0.022162739 1.245328784 -0.026302516 -0.022156321 0.999408484 35.652851105
0.999623954 -0.002649470 0.027293822 -0.031595051 0.001788679 0.999501705 0.031514224 1.274443865 -0.027363716 -0.031453557 0.999130487 36.212772369
0.999608517 -0.001016582 0.027959509 -0.026934624 -0.000093302 0.999212921 0.039666206 1.302829981 -0.027977828 -0.039653283 0.998821735 36.748664856
0.999579430 0.001025022 0.028981281 -0.017410636 -0.002225367 0.999139428 0.041416053 1.348122954 -0.028913891 -0.041463133 0.998721600 37.350193024
0.999529541 0.004257476 0.030374071 -0.015561461 -0.005383599 0.999297440 0.037090179 1.392051458 -0.030194825 -0.037236251 0.998850226 37.920490265
0.999503672 0.003703438 0.031283837 -0.006950021 -0.004680917 0.999501169 0.031230258 1.425281763 -0.031152582 -0.031361200 0.999022543 38.468883514
0.999485493 0.002732288 0.031955969 0.005039334 -0.003641419 0.999589264 0.028425999 1.462879658 -0.031865176 -0.028527739 0.999084890 39.039768219
0.999427617 0.002274702 0.033750962 0.016199708 -0.003117652 0.999683976 0.024944033 1.496444941 -0.033683550 -0.025034983 0.999118865 39.596191406
0.999374688 0.002956245 0.035235073 0.026385069 -0.003806639 0.999702513 0.024092244 1.533797979 -0.035153374 -0.024211308 0.999088526 40.172843933
0.999348998 0.002988891 0.035951018 0.039370894 -0.003826433 0.999722362 0.023250556 1.563274264 -0.035871539 -0.023372985 0.999083042 40.739669800
0.999301136 0.003069756 0.037253600 0.049092650 -0.003912605 0.999737561 0.022572884 1.591370702 -0.037174538 -0.022702863 0.999050856 41.312667847
0.999237597 0.003116345 0.038917501 0.063087583 -0.003938516 0.999770284 0.021067228 1.618034720 -0.038842909 -0.021204438 0.999020338 41.874183655
0.999164104 0.002795074 0.040783625 0.081575871 -0.003581848 0.999808669 0.019231103 1.651583552 -0.040722083 -0.019361107 0.998982847 42.450054169
0.999081731 0.003108965 0.042730253 0.096399188 -0.003897276 0.999823511 0.018377658 1.681119919 -0.042665578 -0.018527314 0.998917520 43.022254944
0.998984814 0.002727916 0.044965468 0.110827208 -0.003584533 0.999813557 0.018980952 1.706539869 -0.044905309 -0.019122861 0.998808205 43.583160400
0.998878360 0.002724021 0.047269847 0.133324862 -0.003631036 0.999810755 0.019112777 1.739849925 -0.047208842 -0.019262979 0.998699307 44.164978027
0.998764396 0.001737528 0.049665246 0.159867764 -0.002648962 0.999829113 0.018291613 1.767938852 -0.049624979 -0.018400576 0.998598397 44.735664368
0.998651445 0.001991194 0.051877663 0.178951025 -0.002936659 0.999830782 0.018155055 1.793873191 -0.051832747 -0.018282922 0.998488426 45.297191620
0.998542905 0.000444760 0.053961564 0.207852364 -0.001383267 0.999848425 0.017356034 1.823781490 -0.053945664 -0.017405389 0.998392165 45.869300842
0.998420596 0.000860808 0.056174569 0.228424072 -0.001814511 0.999854982 0.016928691 1.845622301 -0.056151856 -0.017003883 0.998277426 46.419883728
0.998300970 0.000314218 0.058266394 0.256610155 -0.001300015 0.999856651 0.016881652 1.884448767 -0.058252733 -0.016928717 0.998158336 47.006141663
0.998199940 0.000303691 0.059973478 0.282004595 -0.001408076 0.999830127 0.018373163 1.904926658 -0.059957720 -0.018424537 0.998030782 47.564548492
0.998102307 -0.000750508 0.061571609 0.311395645 -0.000437311 0.999814093 0.019275907 1.937226892 -0.061574634 -0.019266259 0.997916520 48.138694763
0.998006046 -0.000386515 0.063117541 0.339156628 -0.000861982 0.999804676 0.019752068 1.965921283 -0.063112848 -0.019767089 0.997810543 48.712665558
0.997935593 -0.000723310 0.064218424 0.369592905 -0.000609644 0.999784827 0.020734550 1.989770412 -0.064219609 -0.020730898 0.997720361 49.266864777
0.997896731 0.000173450 0.064822286 0.398677349 -0.001639838 0.999743938 0.022569148 2.025387526 -0.064801775 -0.022627985 0.997641504 49.845481873
0.997850776 0.000473481 0.065524489 0.421624660 -0.002073584 0.999701262 0.024354080 2.059065819 -0.065493383 -0.024437612 0.997553647 50.410469055
0.997854650 0.001110354 0.065458789 0.454868793 -0.002802523 0.999664247 0.025764754 2.092368841 -0.065408200 -0.025892934 0.997522593 50.979370117
0.997872174 0.001333687 0.065187439 0.478481293 -0.003108736 0.999626935 0.027136069 2.120030880 -0.065126933 -0.027280977 0.997503996 51.548332214
0.997938693 0.001277347 0.064162157 0.505499125 -0.003048432 0.999616742 0.027512955 2.151267529 -0.064102411 -0.027651830 0.997560143 52.104396820
0.998005152 0.002476153 0.063083552 0.529645920 -0.004240544 0.999603093 0.027850576 2.187162876 -0.062989555 -0.028062532 0.997619569 52.659519196
0.998055279 0.005000741 0.062134441 0.551378727 -0.006731942 0.999594033 0.027684156 2.221172094 -0.061970767 -0.028048603 0.997683764 53.236148834
0.998122990 0.005298706 0.061010260 0.577563524 -0.007060931 0.999562919 0.028704781 2.258636475 -0.060831487 -0.029081697 0.997724295 53.797523499
0.998193681 0.004932733 0.059875272 0.598880768 -0.006677454 0.999557793 0.028974231 2.286571980 -0.059705868 -0.029321712 0.997785270 54.343086243
0.998250186 0.003817911 0.059008390 0.629711390 -0.005452347 0.999605358 0.027562223 2.322383165 -0.058879856 -0.027835729 0.997877061 54.921463013
0.998274803 0.004656804 0.058529813 0.643580198 -0.006208764 0.999633193 0.026361901 2.349772930 -0.058385577 -0.026679818 0.997937441 55.453044891
0.998339057 0.005468290 0.057350252 0.671275377 -0.006935054 0.999653101 0.025407774 2.386443138 -0.057191417 -0.025763307 0.998030782 56.041450500
0.998418152 0.006307835 0.055869907 0.682103872 -0.007719674 0.999655366 0.025090430 2.418268681 -0.055692378 -0.025482038 0.998122752 56.573169708
0.998502970 0.006158935 0.054350186 0.706030130 -0.007569741 0.999638736 0.025790142 2.452382565 -0.054171707 -0.026162947 0.998188734 57.150615692
0.998566568 0.006023541 0.053183015 0.725985050 -0.007542659 0.999567926 0.028409619 2.483801842 -0.052988898 -0.028770035 0.998180568 57.717178345
0.998648405 0.006043717 0.051622223 0.744739771 -0.007724224 0.999444604 0.032416731 2.518642187 -0.051397629 -0.032771662 0.998140335 58.272438049
0.998712897 0.006608620 0.050287891 0.763356686 -0.008438107 0.999306917 0.036255389 2.558912277 -0.050013449 -0.036633059 0.998076499 58.854831696
0.998765111 0.006314473 0.049278025 0.779654503 -0.008223464 0.999219537 0.038633112 2.597004175 -0.048995622 -0.038990628 0.998037636 59.420230865
0.998831511 0.005944626 0.047959484 0.794998407 -0.007842476 0.999189675 0.039481416 2.631082535 -0.047685899 -0.039811403 0.998068690 59.974044800
0.998919368 0.006438273 0.046031903 0.814985991 -0.008217387 0.999222219 0.038565405 2.673330784 -0.045747809 -0.038901977 0.998195171 60.544437408
