1.000000000 0.000000000 0.000000000 0.000000000 0.000000000 1.000000000 0.000000000 0.000000000 0.000000000 0.000000000 1.000000000 0.000000000
1.000000000 -0.000122357 -0.000005567 -0.000112967 0.000122357 1.000000000 0.000003434 -0.000019922 0.000005566 -0.000003434 1.000000000 -0.000190742
0.999999940 -0.000264965 -0.000012004 -0.000122205 0.000264965 0.999999940 0.000021754 0.000005485 0.000011998 -0.000021757 1.000000000 0.000185329
1.000000000 -0.000073000 -0.000001728 -0.000164209 0.000073000 1.000000000 0.000004532 0.000035124 0.000001728 -0.000004533 1.000000000 -0.000076941
1.000000000 -0.000169314 -0.000011444 -0.000227838 0.000169314 1.000000000 0.000002772 -0.000006201 0.000011444 -0.000002774 1.000000000 -0.000100946
1.000000000 -0.000078246 0.000006457 -0.000171894 0.000078246 1.000000000 -0.000001291 0.000068262 -0.000006457 0.000001291 1.000000000 0.000103214
1.000000000 -0.000194790 -0.000027366 -0.000220823 0.000194789 1.000000000 -0.000023218 -0.000100763 0.000027370 0.000023213 1.000000000 -0.000070754
0.999999940 -0.000293380 0.000010243 -0.000108652 0.000293380 0.999999940 0.000000167 -0.000126629 -0.000010243 -0.000000164 1.000000000 0.000495616
0.999999940 -0.000274910 -0.000005342 -0.000201729 0.000274910 0.999999940 0.000037491 -0.000077786 0.000005331 -0.000037492 1.000000000 0.000299724
0.999999940 -0.000367001 -0.000020882 -0.000244516 0.000367002 0.999999940 0.000019281 -0.000276352 0.000020875 -0.000019289 1.000000000 0.000712525
0.999999940 -0.000380075 -0.000012107 -0.000211242 0.000380074 0.999999940 -0.000011991 -0.000195398 0.000012112 0.000011986 1.000000000 0.000231004
0.999999940 -0.000279892 -0.000017182 -0.000213582 0.000279892 0.999999940 -0.000005888 -0.000137006 0.000017183 0.000005883 1.000000000 -0.000177677
0.999999940 -0.000321158 -0.000011347 -0.000226148 0.000321158 0.999999940 0.000013614 -0.000309315 0.000011343 -0.000013617 1.000000000 0.000419806
0.999999940 -0.000352052 -0.000016771 -0.000282182 0.000352052 0.999999940 0.000007993 -0.000361576 0.000016769 -0.000007999 1.000000000 0.000382743
0.999999881 -0.000508213 -0.000045130 -0.000295889 0.000508213 0.999999881 0.000014329 -0.000309279 0.000045123 -0.000014352 1.000000000 0.000190414
0.999999940 -0.000324856 0.000023367 -0.000226189 0.000324856 0.999999940 0.000012138 -0.000147809 -0.000023371 -0.000012130 1.000000000 0.000290288
0.999999940 -0.000355710 -0.000017943 -0.000139870 0.000355709 0.999999940 -0.000023088 -0.000151075 0.000017952 0.000023082 1.000000000 0.000556813
1.000000000 -0.000113807 0.000017160 -0.000146462 0.000113807 1.000000000 -0.000009649 -0.000113342 -0.000017159 0.000009650 1.000000000 0.000186610
0.999999940 -0.000331396 -0.000009930 -0.000151939 0.000331397 0.999999940 0.000036374 -0.000221698 0.000009918 -0.000036377 1.000000000 -0.000058634
1.000000000 -0.000181428 -0.000006767 -0.000280447 0.000181428 1.000000000 0.000022104 -0.000020340 0.000006763 -0.000022105 1.000000000 -0.000550483
0.999999940 -0.000307339 0.000003303 -0.000289996 0.000307339 0.999999940 0.000007493 -0.000101983 -0.000003305 -0.000007492 1.000000000 -0.000484424
0.999999940 -0.000296731 -0.000033013 -0.000215305 0.000296730 0.999999940 -0.000010875 0.000004380 0.000033016 0.000010865 1.000000000 -0.000496905
1.000000000 -0.000108741 0.000020655 -0.000298450 0.000108741 1.000000000 -0.000004162 0.000114094 -0.000020655 0.000004164 1.000000000 -0.000606929
1.000000000 -0.000110979 -0.000026535 0.000019918 0.000110979 1.000000000 -0.000024382 0.000052143 0.000026538 0.000024379 1.000000000 0.000130005
1.000000000 -0.000062836 0.000001054 -0.000084536 0.000062836 1.000000000 -0.000012690 -0.000037580 -0.000001053 0.000012690 1.000000000 -0.000071696
1.000000000 -0.000064885 0.000016013 -0.000115074 0.000064884 1.000000000 0.000049750 -0.000132831 -0.000016017 -0.000049749 1.000000000 -0.000024751
1.000000000 -0.000161055 -0.000019806 -0.000126641 0.000161055 1.000000000 0.000000346 0.000047632 0.000019806 -0.000000349 1.000000000 -0.000423208
1.000000000 0.000081488 0.000030741 -0.000107018 -0.000081486 1.000000000 -0.000036873 0.000071035 -0.000030744 0.000036871 1.000000000 0.000030696
1.000000000 -0.000100423 0.000013563 -0.000189497 0.000100423 1.000000000 -0.000009339 -0.000012046 -0.000013562 0.000009340 1.000000000 -0.000687916
1.000000000 -0.000109062 0.000014956 -0.000094842 0.000109062 1.000000000 -0.000011643 -0.000003473 -0.000014954 0.000011644 1.000000000 -0.000831045
1.000000000 -0.000001349 0.000027030 -0.000125846 0.000001349 1.000000000 0.000006758 0.000171215 -0.000027030 -0.000006758 1.000000000 -0.000064181
1.000000000 0.000154489 0.000019875 -0.000063647 -0.000154488 1.000000000 -0.000035899 0.000052409 -0.000019881 0.000035896 1.000000000 -0.000180527
1.000000000 0.000062361 -0.000001811 -0.000176881 -0.000062361 1.000000000 0.000022474 0.000013522 0.000001812 -0.000022473 1.000000000 -0.000529998
1.000000000 -0.000235042 -0.000005697 -0.000049486 0.000235042 1.000000000 -0.000000995 0.000017295 0.000005697 0.000000993 1.000000000 -0.000083675
1.000000000 -0.000158923 0.000000069 -0.000125134 0.000158923 1.000000000 -0.000042068 -0.000000383 -0.000000062 0.000042068 1.000000000 -0.000264005
1.000000000 -0.000007418 -0.000010149 -0.000112261 0.000007418 1.000000000 -0.000008121 0.000075600 0.000010149 0.000008121 1.000000000 -0.000330940
1.000000000 0.000022367 0.000010171 0.000079365 -0.000022367 1.000000000 -0.000001413 -0.000081408 -0.000010171 0.000001413 1.000000000 0.000507987
1.000000000 -0.000165307 0.000001802 -0.000034467 0.000165307 1.000000000 0.000001841 -0.000064487 -0.000001802 -0.000001841 1.000000000 -0.000018706
1.000000000 -0.000052092 -0.000015917 0.000028514 0.000052092 1.000000000 -0.000000756 -0.000033529 0.000015917 0.000000756 1.000000000 0.000048403
1.000000000 -0.000092626 -0.000002266 -0.000064269 0.000092626 1.000000000 -0.000035554 -0.000010674 0.000002270 0.000035554 1.000000000 0.000087618
1.000000000 -0.000094704 0.000000737 0.000278695 0.000094704 1.000000000 -0.000001233 -0.000064575 -0.000000736 0.000001233 1.000000000 0.001039209
1.000000000 -0.000067397 0.000008443 0.000155282 0.000067397 1.000000000 0.000004027 -0.000078334 -0.000008444 -0.000004026 1.000000000 0.000440074
1.000000000 -0.000088583 0.000004208 0.000103819 0.000088583 1.000000000 0.000004577 -0.000111028 -0.000004209 -0.000004577 1.000000000 0.000612546
1.000000000 -0.000197039 -0.000010995 -0.000067686 0.000197039 1.000000000 -0.000011749 -0.000131378 0.000010997 0.000011746 1.000000000 0.000023816
1.000000000 -0.000096007 -0.000009049 0.000050052 0.000096006 1.000000000 -0.000029286 -0.000071034 0.000009052 0.000029285 1.000000000 0.000251728
1.000000000 -0.000202460 -0.000007256 0.000377538 0.000202459 1.000000000 -0.000033777 -0.000085374 0.000007262 0.000033776 1.000000000 0.001438085
1.000000000 0.000039335 0.000015746 -0.000118688 -0.000039335 1.000000000 -0.000001280 0.000044596 -0.000015746 0.000001280 1.000000000 0.000011548
1.000000000 -0.000032662 0.000025512 -0.000019583 0.000032663 1.000000000 -0.000038049 -0.000010507 -0.000025511 0.000038050 1.000000000 0.000266132
1.000000000 -0.000086766 0.000014433 0.000205977 0.000086767 1.000000000 -0.000028539 0.000050396 -0.000014430 0.000028540 1.000000000 0.000776698
1.000000000 -0.000025346 0.000031549 0.000443682 0.000025345 1.000000000 0.000014752 -0.000227607 -0.000031549 -0.000014751 1.000000000 0.001946254
1.000000000 0.000083268 0.000047984 -0.000087201 -0.000083268 1.000000000 0.000004127 0.000080876 -0.000047983 -0.000004131 1.000000000 -0.000033385
1.000000000 -0.000084558 0.000063166 -0.000056794 0.000084559 1.000000000 -0.000014583 0.000043034 -0.000063165 0.000014589 1.000000000 0.000183097
1.000000000 -0.000039365 0.000026819 -0.000027986 0.000039365 1.000000000 -0.000006809 -0.000017718 -0.000026819 0.000006810 1.000000000 -0.000047687
1.000000000 -0.000138698 0.000019948 -0.000134881 0.000138699 1.000000000 -0.000047440 0.000044306 -0.000019941 0.000047443 1.000000000 -0.000168200
1.000000000 -0.000145597 0.000015669 0.000312735 0.000145597 1.000000000 -0.000021131 -0.000318374 -0.000015666 0.000021133 1.000000000 0.001279231
1.000000000 -0.000125517 0.000037554 -0.000189771 0.000125518 1.000000000 -0.000030480 0.000032847 -0.000037550 0.000030484 1.000000000 -0.000210739
1.000000000 0.000007101 0.000050038 -0.000130715 -0.000007100 1.000000000 -0.000030593 -0.000045835 -0.000050039 0.000030592 1.000000000 -0.000264868
1.000000000 -0.000046671 0.000021324 -0.000049250 0.000046671 1.000000000 -0.000036114 -0.000041437 -0.000021322 0.000036115 1.000000000 0.000022591
1.000000000 -0.000241685 -0.000004524 0.000166057 0.000241685 0.999999940 -0.000045334 -0.000045450 0.000004535 0.000045333 1.000000000 0.000870978
1.000000000 -0.000111369 0.000006709 0.000083953 0.000111369 1.000000000 -0.000037665 0.000013510 -0.000006705 0.000037666 1.000000000 0.000536403
1.000000000 -0.000060581 0.000030506 -0.000012963 0.000060583 1.000000000 -0.000056255 0.000141177 -0.000030503 0.000056257 1.000000000 0.000115535
1.000000000 -0.000114867 0.000034484 0.000040873 0.000114868 1.000000000 -0.000030664 -0.000084537 -0.000034480 0.000030668 1.000000000 0.000662444
0.999999940 -0.000266434 0.000012985 0.000090641 0.000266434 0.999999940 -0.000017494 -0.000126694 -0.000012981 0.000017497 1.000000000 0.000565687
1.000000000 -0.000082806 0.000017488 0.000063426 0.000082806 1.000000000 -0.000024031 -0.000039625 -0.000017486 0.000024032 1.000000000 0.000445182
1.000000000 -0.000225744 0.000042795 -0.000022644 0.000225745 1.000000000 -0.000016457 -0.000283352 -0.000042791 0.000016466 1.000000000 0.000414935
1.000000000 -0.000110154 0.000064954 0.000006914 0.000110159 1.000000000 -0.000085457 -0.000018007 -0.000064945 0.000085465 1.000000000 0.000680671
1.000000000 0.000104367 0.000072438 -0.000069643 -0.000104363 1.000000000 -0.000060998 0.000089160 -0.000072445 0.000060991 1.000000000 0.000247942
1.000000000 0.000082958 0.000025948 -0.000025558 -0.000082955 1.000000000 -0.000126848 0.000058581 -0.000025958 0.000126846 1.000000000 0.000247161
1.000000000 -0.000164014 0.000058744 0.000011744 0.000164018 1.000000000 -0.000070960 0.000024978 -0.000058732 0.000070969 1.000000000 0.000344391
1.000000000 -0.000110877 0.000021762 -0.000059944 0.000110877 1.000000000 -0.000000322 -0.000030161 -0.000021762 0.000000324 1.000000000 -0.000142708
1.000000000 -0.000232533 0.000068542 -0.000177822 0.000232548 0.999999940 -0.000226467 -0.000105083 -0.000068490 0.000226483 1.000000000 -0.000031678
1.000000000 -0.000149728 0.000065590 0.000522858 0.000149800 0.999999404 -0.001103188 -0.000147014 -0.000065425 0.001103198 0.999999404 0.002598771
1.000000000 -0.000124397 0.000064879 -0.000011831 0.000124489 0.999998987 -0.001415533 -0.000057528 -0.000064703 0.001415541 0.999998987 0.000491626
1.000000000 -0.000137160 0.000038377 -0.000329501 0.000137218 0.999998868 -0.001515761 0.000207006 -0.000038169 0.001515766 0.999998868 -0.000940668
0.999999940 -0.000278986 0.000112031 -0.000136861 0.000279154 0.999998808 -0.001502085 -0.000000438 -0.000111611 0.001502116 0.999998868 -0.000131781
1.000000000 -0.000211012 0.000021871 -0.000139403 0.000211047 0.999998689 -0.001611035 0.000165451 -0.000021531 0.001611039 0.999998689 -0.000340327
0.999999881 -0.000442086 0.000037493 -0.000464838 0.000442131 0.999999166 -0.001222826 0.000285131 -0.000036952 0.001222842 0.999999225 -0.001118766
0.999999940 -0.000261382 0.000053838 -0.000182675 0.000261479 0.999998331 -0.001821116 0.000333751 -0.000053362 0.001821130 0.999998331 -0.000657017
0.999999821 -0.000574279 0.000091303 -0.000414932 0.000574402 0.999998927 -0.001353282 0.000075782 -0.000090525 0.001353335 0.999999106 -0.000474414
0.999999881 -0.000512475 0.000027067 -0.000202780 0.000512520 0.999998450 -0.001681532 0.000196646 -0.000026206 0.001681546 0.999998569 -0.000899365
0.999999046 -0.001390896 0.000123775 -0.000537906 0.001391098 0.999997675 -0.001645949 0.000247562 -0.000121486 0.001646120 0.999998629 -0.001573651
0.999997675 -0.002105611 0.000213161 -0.000197379 0.002105976 0.999996305 -0.001729520 0.000472372 -0.000209518 0.001729965 0.999998510 -0.001438256
0.999997675 -0.002123305 0.000166461 -0.000414778 0.002123513 0.999997020 -0.001259094 0.000675280 -0.000163787 0.001259445 0.999999225 -0.002513451
0.999998331 -0.001828042 0.000166169 -0.000229858 0.001828271 0.999997437 -0.001387772 0.000398274 -0.000163632 0.001388073 0.999999106 -0.001169322
0.999998391 -0.001755766 0.000189588 -0.000297712 0.001756085 0.999997020 -0.001695006 0.000476661 -0.000186611 0.001695336 0.999998569 -0.001157684
0.999998569 -0.001651031 0.000207657 -0.000462062 0.001651414 0.999996901 -0.001860825 0.000223678 -0.000204584 0.001861165 0.999998271 -0.001456055
0.999998868 -0.001488545 0.000203239 -0.000650484 0.001488893 0.999997437 -0.001722282 0.000255207 -0.000200675 0.001722583 0.999998510 -0.002249475
0.999998927 -0.001410150 0.000098266 0.000050813 0.001410302 0.999997795 -0.001575088 0.000201761 -0.000096044 0.001575225 0.999998808 -0.000178058
0.999998927 -0.001368531 0.000122120 -0.000303898 0.001368688 0.999998271 -0.001298721 0.000375141 -0.000120342 0.001298887 0.999999225 -0.001327324
0.999999106 -0.001300130 0.000176555 -0.000246090 0.001300336 0.999998450 -0.001172452 0.000530874 -0.000175030 0.001172680 0.999999344 -0.001538604
0.999998689 -0.001587185 0.000019790 -0.000002989 0.001587198 0.999998510 -0.000656275 0.000383304 -0.000018749 0.000656305 0.999999821 -0.000404894
0.999998987 -0.001406892 0.000147940 -0.000718819 0.001406927 0.999999046 -0.000236296 0.000234694 -0.000147608 0.000236504 1.000000000 -0.002608371
0.999998629 -0.001632624 0.000220863 -0.000388119 0.001632599 0.999998689 0.000114655 0.000489349 -0.000221050 -0.000114294 0.999999940 -0.001423159
0.999998569 -0.001694496 0.000015724 -0.000416533 0.001694491 0.999998510 0.000313796 0.000392742 -0.000016256 -0.000313769 0.999999881 -0.001781981
0.999999106 -0.001260218 0.000094851 -0.000174080 0.001260176 0.999999046 0.000443384 0.000371691 -0.000095410 -0.000443264 0.999999940 -0.000446738
0.999999464 -0.001052992 0.000124200 -0.000120387 0.001052926 0.999999344 0.000528710 0.000555691 -0.000124757 -0.000528579 0.999999881 -0.000981510
0.999999166 -0.001256702 -0.000008641 0.000104539 0.001256706 0.999999046 0.000504422 0.000364838 0.000008007 -0.000504432 0.999999881 0.000007367
0.999999285 -0.001178484 0.000140717 -0.000186450 0.001178424 0.999999166 0.000421552 0.000386298 -0.000141213 -0.000421386 0.999999940 -0.000631634
0.999999523 -0.001022607 0.000082179 -0.000384909 0.001022578 0.999999464 0.000357864 0.000546883 -0.000082545 -0.000357780 0.999999940 -0.001829762
0.999999702 -0.000825120 0.000002550 -0.000207779 0.000825118 0.999999404 0.000788406 0.000355146 -0.000003201 -0.000788403 0.999999702 -0.001245598
0.999999344 -0.001114557 0.000115931 -0.000418098 0.001114448 0.999998927 0.000940790 0.000316791 -0.000116980 -0.000940660 0.999999583 -0.001633734
0.999999344 -0.001173210 0.000084329 0.000446161 0.001173156 0.999999166 0.000627760 0.000327052 -0.000085065 -0.000627661 0.999999821 0.000906024
0.999999166 -0.001336478 -0.000017191 -0.000478281 0.001336482 0.999999106 0.000182052 0.000406134 0.000016947 -0.000182075 1.000000000 -0.001538075
0.999999046 -0.001361015 0.000050468 0.000031997 0.001361012 0.999999046 0.000055407 0.000295533 -0.000050543 -0.000055338 1.000000000 -0.000038553
0.999998868 -0.001464457 0.000119012 0.000062281 0.001464492 0.999998987 -0.000291916 0.000282292 -0.000118585 0.000292090 0.999999940 0.000023755
0.999999046 -0.001410198 0.000013928 -0.000201511 0.001410205 0.999998927 -0.000453634 0.000414528 -0.000013289 0.000453653 0.999999881 -0.000597057
0.999998689 -0.001596671 0.000088150 -0.000513591 0.001596710 0.999998629 -0.000448991 0.000371663 -0.000087433 0.000449131 0.999999940 -0.001637746
0.999998987 -0.001447593 0.000084463 0.000041439 0.001447613 0.999998987 -0.000234567 0.000405187 -0.000084123 0.000234689 0.999999940 0.000383872
0.999999106 -0.001375251 -0.000047688 0.000025471 0.001375199 0.999998510 -0.001062825 0.000409350 0.000049150 0.001062758 0.999999404 -0.000067347
0.999998510 -0.001691595 -0.000195384 -0.000841611 0.001691005 0.999994218 -0.002980352 0.000313817 0.000200424 0.002980018 0.999995589 -0.001675793
0.999997258 -0.002237407 -0.000445774 0.000464686 0.002234840 0.999981403 -0.005677560 0.000432899 0.000458469 0.005676549 0.999983847 0.004969155
0.999994218 -0.003196658 -0.001150342 0.004762451 0.003187001 0.999960482 -0.008301526 -0.000877453 0.001176834 0.008297812 0.999964952 0.028648539
0.999993265 -0.003252195 -0.001668337 0.002376235 0.003234894 0.999942064 -0.010270202 -0.002044740 0.001701640 0.010264737 0.999945879 0.079704061
0.999993801 -0.002431032 -0.002519188 -0.000414588 0.002398924 0.999916911 -0.012671139 0.006901574 0.002549783 0.012665018 0.999916613 0.170965210
0.999991059 -0.001878309 -0.003786166 -0.005200747 0.001829277 0.999915004 -0.012912489 0.009564701 0.003810098 0.012905447 0.999909520 0.266305566
0.999982297 -0.001911658 -0.005631604 -0.010039360 0.001843587 0.999925494 -0.012067715 0.008448321 0.005654255 0.012057120 0.999911249 0.370406032
0.999962866 -0.002776456 -0.008152056 -0.011230829 0.002686576 0.999935627 -0.011015704 0.009507859 0.008182116 0.010993394 0.999906063 0.488543481
0.999938130 -0.002720369 -0.010781514 -0.018377792 0.002612408 0.999946475 -0.010015057 0.012901988 0.010808181 0.009986272 0.999891639 0.632796824
0.999904871 -0.001840653 -0.013670336 -0.025410540 0.001720108 0.999959588 -0.008824522 0.016416293 0.013686025 0.008800169 0.999867558 0.784517765
0.999858201 -0.001573853 -0.016765038 -0.033113129 0.001435946 0.999965012 -0.008234719 0.019991148 0.016777413 0.008209478 0.999825478 0.944165587
0.999802768 -0.000406728 -0.019855686 -0.043583184 0.000246132 0.999967217 -0.008089938 0.025959790 0.019858325 0.008083456 0.999770105 1.117381454
0.999725103 -0.000236933 -0.023443045 -0.049942791 0.000053909 0.999969542 -0.007807496 0.028849103 0.023444179 0.007804087 0.999694705 1.292090893
0.999643683 -0.000430660 -0.026688358 -0.060912307 0.000223073 0.999969721 -0.007780662 0.029250834 0.026690898 0.007771937 0.999613464 1.473359704
0.999542952 -0.001053747 -0.030213773 -0.070419200 0.000785305 0.999960184 -0.008895218 0.033394791 0.030221939 0.008867426 0.999503851 1.661826015
0.999426842 -0.001998200 -0.033793643 -0.079530589 0.001677506 0.999953330 -0.009515453 0.036850341 0.033811077 0.009453310 0.999383450 1.859306335
0.999295771 -0.002408409 -0.037441593 -0.092293598 0.002073480 0.999957502 -0.008981633 0.043752626 0.037461631 0.008897675 0.999258459 2.069967747
0.999148130 -0.003085027 -0.041149817 -0.103771307 0.002730743 0.999958754 -0.008663036 0.047786057 0.041174848 0.008543288 0.999115467 2.281247139
0.998992860 -0.003122034 -0.044759948 -0.118964463 0.002747892 0.999960780 -0.008417939 0.051924393 0.044784479 0.008286466 0.998962343 2.498709917
0.998815835 -0.003307439 -0.048538771 -0.133951426 0.002898055 0.999959648 -0.008502122 0.053310350 0.048564926 0.008351385 0.998785257 2.706360102
0.998620510 -0.003912253 -0.052362148 -0.149243250 0.003477618 0.999958754 -0.008389102 0.057508126 0.052392811 0.008195433 0.998592973 2.927794695
0.998420298 -0.004274453 -0.056022327 -0.165934861 0.003801524 0.999956250 -0.008545632 0.061556358 0.056056406 0.008319163 0.998392999 3.154100895
0.998217404 -0.003652251 -0.059569839 -0.187120140 0.003158283 0.999959886 -0.008384296 0.065243468 0.059598070 0.008181211 0.998188853 3.376086712
0.997990966 -0.003635874 -0.063250735 -0.204055130 0.003092560 0.999957502 -0.008685619 0.068909496 0.063279629 0.008472563 0.997959793 3.605900288
0.997795403 -0.003312194 -0.066282153 -0.226013988 0.002691965 0.999951780 -0.009444541 0.072090149 0.066310257 0.009245291 0.997756243 3.837964535
0.997615933 -0.003776417 -0.068907373 -0.245447397 0.002990911 0.999929428 -0.011499055 0.074213400 0.068945944 0.011265545 0.997556806 4.072225094
0.997448742 -0.004061491 -0.071270615 -0.268247426 0.003036805 0.999890566 -0.014479862 0.078693457 0.071321622 0.014226481 0.997352004 4.324244499
0.997279465 -0.004530478 -0.073574476 -0.289141089 0.003379322 0.999870062 -0.015763093 0.083257109 0.073636316 0.015471577 0.997165143 4.587163925
0.997159004 -0.004833672 -0.075169213 -0.313865900 0.003626884 0.999862492 -0.016182514 0.085967012 0.075237073 0.015863908 0.997039497 4.863795757
0.997043490 -0.004823269 -0.076686122 -0.338071495 0.003489385 0.999840438 -0.017518556 0.090302721 0.076758362 0.017199177 0.996901393 5.157008648
0.996959329 -0.004500284 -0.077793494 -0.366990805 0.003033562 0.999815702 -0.018961940 0.093445309 0.077864498 0.018668294 0.996789157 5.468073368
0.996908724 -0.004458072 -0.078441568 -0.394405246 0.002899093 0.999796212 -0.019977065 0.099410519 0.078514643 0.019687902 0.996718526 5.800037384
0.996897757 -0.004806664 -0.078560010 -0.423455060 0.003215743 0.999787450 -0.020365003 0.102649689 0.078641191 0.020049199 0.996701360 6.145457268
0.996852160 -0.004958479 -0.079127520 -0.452719629 0.003381572 0.999793231 -0.020050259 0.109914288 0.079210564 0.019719565 0.996662855 6.517068386
0.996789396 -0.005694117 -0.079865202 -0.480571061 0.004099196 0.999789178 -0.020119919 0.113701642 0.079962946 0.019727940 0.996602595 6.889300346
0.996774018 -0.005921036 -0.080040745 -0.518837214 0.004276229 0.999776423 -0.020705434 0.119404331 0.080145463 0.020296363 0.996576548 7.292054176
0.996713817 -0.005618162 -0.080808446 -0.550568461 0.003962501 0.999779224 -0.020634485 0.126281708 0.080906540 0.020246472 0.996516168 7.703791142
0.996663690 -0.005391664 -0.081439875 -0.588572860 0.003796087 0.999798000 -0.019734232 0.129067570 0.081529848 0.019359238 0.996482849 8.136698723
0.996590555 -0.005684184 -0.082310028 -0.626827598 0.004067308 0.999795675 -0.019798091 0.136076555 0.082405746 0.019395810 0.996410072 8.585743904
0.996508062 -0.005651948 -0.083304778 -0.667446256 0.004026575 0.999798477 -0.019666255 0.143729940 0.083399154 0.019262148 0.996330023 9.050721169
0.996423125 -0.005664330 -0.084314145 -0.710721016 0.004201709 0.999837697 -0.017514633 0.149191380 0.084399670 0.017097715 0.996285260 9.521915436
0.996326923 -0.006292599 -0.085399590 -0.750994146 0.005053073 0.999878764 -0.014722832 0.155387610 0.085481912 0.014237224 0.996237934 10.008077621
0.996253312 -0.006192965 -0.086262219 -0.793094039 0.005050608 0.999896646 -0.013454811 0.161924765 0.086336643 0.012968721 0.996181607 10.492303848
0.996189773 -0.006396194 -0.086976886 -0.837735116 0.005217855 0.999891579 -0.013768331 0.166984901 0.087055527 0.013262037 0.996115148 10.977163315
0.996118903 -0.007010797 -0.087738357 -0.883583426 0.005722248 0.999872208 -0.014929181 0.171357870 0.087831810 0.014369179 0.996031642 11.472127914
0.996066630 -0.005685494 -0.088424921 -0.930597901 0.004453418 0.999890268 -0.014124637 0.178942308 0.088495515 0.013675286 0.995982707 11.971380234
0.996059477 -0.004943740 -0.088549569 -0.978286803 0.003776897 0.999903798 -0.013340009 0.185428321 0.088606983 0.012953000 0.995982409 12.469048500
0.996053934 -0.005721983 -0.088564917 -1.022682667 0.004661928 0.999915004 -0.012171460 0.195141554 0.088627018 0.011710550 0.995996058 12.974999428
0.996098995 -0.006511671 -0.088002048 -1.069615483 0.005583383 0.999926209 -0.010790526 0.202778280 0.088065803 0.010257081 0.996061862 13.482643127
0.996157944 -0.006963892 -0.087297492 -1.115783215 0.006209278 0.999940932 -0.008912744 0.208329484 0.087354399 0.008336446 0.996142328 13.998830795
0.996243715 -0.005943704 -0.086390942 -1.157485962 0.005184969 0.999945998 -0.009004311 0.214324251 0.086439796 0.008522553 0.996220589 14.513787270
0.996451735 -0.004716523 -0.084033340 -1.208671451 0.003920681 0.999945939 -0.009633061 0.224962488 0.084074222 0.009269415 0.996416390 15.041391373
0.996614814 -0.003912789 -0.082118571 -1.254464269 0.003051538 0.999939024 -0.010610794 0.234015271 0.082155064 0.010324285 0.996566057 15.564642906
0.996770144 -0.004670455 -0.080171295 -1.296793342 0.003791372 0.999931157 -0.011113773 0.243226379 0.080217659 0.010773920 0.996719122 16.100664139
0.996914506 -0.005647425 -0.078291520 -1.336317658 0.004787276 0.999926150 -0.011169815 0.253947198 0.078348808 0.010760546 0.996868074 16.654567719
0.997005224 -0.007175162 -0.076999784 -1.373236656 0.006360749 0.999921262 -0.010816857 0.257572412 0.077071346 0.010294685 0.996972442 17.202571869
0.997062981 -0.007190788 -0.076247722 -1.416150451 0.006372992 0.999919593 -0.010963415 0.270888150 0.076320417 0.010445288 0.997028589 17.762199402
0.997101724 -0.006660281 -0.075787783 -1.458884716 0.005858231 0.999924481 -0.010800226 0.279288381 0.075853996 0.010324942 0.997065485 18.333673477
0.997165024 -0.005129523 -0.075070724 -1.505370975 0.004337874 0.999933302 -0.010704630 0.293951482 0.075120643 0.010348636 0.997120738 18.917713165
0.997242332 -0.004156066 -0.074098013 -1.554510355 0.003365965 0.999936163 -0.010784613 0.301631451 0.074138097 0.010505462 0.997192562 19.510540009
0.997284651 -0.003802753 -0.073544607 -1.599505305 0.003061797 0.999943435 -0.010185040 0.313045800 0.073579185 0.009932204 0.997239888 20.109878540
0.997336507 -0.003354623 -0.072860360 -1.644188404 0.002662808 0.999950469 -0.009590132 0.326938629 0.072888926 0.009370576 0.997296035 20.728399277
0.997404456 -0.003065115 -0.071936704 -1.692246079 0.002416098 0.999955595 -0.009107352 0.340109050 0.071961418 0.008909908 0.997367620 21.347269058
0.997464120 -0.002369558 -0.071131505 -1.735656738 0.001725486 0.999956965 -0.009114746 0.349378824 0.071150042 0.008968895 0.997425318 21.979761124
0.997520328 -0.001277013 -0.070367388 -1.785293937 0.000626119 0.999956846 -0.009271222 0.362957180 0.070376202 0.009204173 0.997478068 22.630807877
0.997571707 -0.000033291 -0.069646753 -1.835681677 -0.000691575 0.999945879 -0.010383615 0.373515338 0.069643326 0.010406567 0.997517645 23.283838272
0.997644305 0.000389805 -0.068599790 -1.883374333 -0.001138758 0.999940097 -0.010878937 0.385975301 0.068591453 0.010931428 0.997584939 23.945125580
0.997734606 0.001131148 -0.067263156 -1.933403254 -0.001826561 0.999945462 -0.010278093 0.400301695 0.067247875 0.010377671 0.997682273 24.613883972
0.997813344 0.001112738 -0.066085018 -1.977749348 -0.001643693 0.999966800 -0.007980587 0.414569169 0.066073932 0.008071760 0.997782052 25.293729782
0.997891903 0.001229209 -0.064886555 -2.021896839 -0.001605220 0.999982238 -0.005743083 0.429198653 0.064878345 0.005835133 0.997876108 25.971214294
0.997967184 0.001581427 -0.063710451 -2.064533234 -0.001867124 0.999988437 -0.004425009 0.445195138 0.063702717 0.004534968 0.997958601 26.668865204
0.998028159 0.001909209 -0.062738344 -2.112048388 -0.002202201 0.999987006 -0.004601249 0.456365287 0.062728740 0.004730339 0.998019397 27.344972610
0.998079181 0.002984058 -0.061879050 -2.157145023 -0.003290357 0.999982834 -0.004848654 0.473323524 0.061863516 0.005042944 0.998071790 28.041410446
0.998139381 0.003111256 -0.060894046 -2.200722218 -0.003419279 0.999981880 -0.004954801 0.491945684 0.060877528 0.005153796 0.998131931 28.735101700
0.998204291 0.003767888 -0.059781544 -2.246302366 -0.003991185 0.999985635 -0.003616254 0.503298938 0.059767053 0.003848360 0.998204887 29.436019897
0.998258293 0.003784043 -0.058872741 -2.284130573 -0.003956564 0.999988198 -0.002814126 0.520769060 0.058861401 0.003042159 0.998261511 30.137769699
0.998320937 0.004434358 -0.057755396 -2.327230215 -0.004618254 0.999984682 -0.003050965 0.535647094 0.057740983 0.003312571 0.998326063 30.844196320
0.998386681 0.004565082 -0.056595512 -2.369030952 -0.004795174 0.999980748 -0.003930414 0.552871168 0.056576468 0.004195458 0.998389482 31.550882339
0.998433352 0.004772508 -0.055749882 -2.407567739 -0.005042610 0.999976158 -0.004705212 0.569062054 0.055726103 0.004978964 0.998433590 32.255504608
0.998500526 0.003860833 -0.054608032 -2.446842194 -0.004140190 0.999978900 -0.005003471 0.584661603 0.054587562 0.005222056 0.998495340 32.964046478
0.998554766 0.003474030 -0.053632904 -2.483482599 -0.003728942 0.999982238 -0.004653564 0.598180711 0.053615797 0.004846832 0.998549819 33.674789429
0.998598278 0.002972300 -0.052843973 -2.520109177 -0.003225884 0.999983668 -0.004714084 0.612759709 0.052829102 0.004877945 0.998591602 34.393337250
0.998642981 0.003062004 -0.051987797 -2.559489965 -0.003328327 0.999981761 -0.005036992 0.624340296 0.051971421 0.005203189 0.998634994 35.095371246
0.998688579 0.001338684 -0.051178750 -2.595065594 -0.001602661 0.999985576 -0.005117235 0.636404037 0.051171161 0.005192546 0.998676538 35.809570312
0.998720944 0.000835206 -0.050553311 -2.630698204 -0.001084477 0.999987483 -0.004903647 0.653460860 0.050548576 0.004952199 0.998709321 36.522060394
0.998751700 0.000100717 -0.049949579 -2.664460897 -0.000357563 0.999986768 -0.005133198 0.667529106 0.049948402 0.005144649 0.998738527 37.230537415
0.998782396 -0.000275997 -0.049330425 -2.702578545 0.000086966 0.999992669 -0.003834041 0.680796444 0.049331129 0.003825083 0.998775065 37.945983887
0.998807549 0.000516987 -0.048817746 -2.739159584 -0.000777040 0.999985635 -0.005308184 0.695829630 0.048814300 0.005339787 0.998793602 38.656650543
0.998821259 0.001277749 -0.048522584 -2.772947311 -0.001654331 0.999968827 -0.007721594 0.700263619 0.048511207 0.007792763 0.998792291 39.363578796
0.998857141 0.002105556 -0.047749177 -2.813847303 -0.002548611 0.999954224 -0.009219821 0.716391981 0.047727574 0.009330977 0.998816907 40.072105408
0.998891532 0.002713400 -0.046993252 -2.852736473 -0.003168622 0.999948680 -0.009615176 0.732874393 0.046964750 0.009753422 0.998848975 40.782604218
0.998906434 0.003469296 -0.046624683 -2.885408163 -0.003747267 0.999975681 -0.005875828 0.742272615 0.046603169 0.006044118 0.998895109 41.486095428
0.998924553 0.003968854 -0.046194743 -2.912989616 -0.004116079 0.999986768 -0.003092355 0.755172849 0.046181858 0.003279170 0.998927593 42.191379547
0.998960793 0.004146874 -0.045389254 -2.953354836 -0.004195535 0.999990702 -0.000976845 0.767362118 0.045384783 0.001166262 0.998968899 42.893718719
0.998967588 0.005734774 -0.045064811 -2.985040426 -0.005747468 0.999983490 -0.000152093 0.779453218 0.045063194 0.000410945 0.998984098 43.580989838
0.998990417 0.006082270 -0.044510785 -3.018815279 -0.006185986 0.999978423 -0.002192743 0.795807600 0.044496499 0.002465872 0.999006510 44.259967804
0.999009907 0.005732560 -0.044118710 -3.050778151 -0.005863150 0.999978840 -0.002831135 0.803170204 0.044101555 0.003087006 0.999022365 44.933795929
0.999006152 0.006536358 -0.044090249 -3.082641125 -0.006648113 0.999975026 -0.002388560 0.818822861 0.044073537 0.002679304 0.999024689 45.591274261
0.999039948 0.007401126 -0.043179709 -3.112838030 -0.007534984 0.999967277 -0.002938078 0.831699073 0.043156557 0.003260616 0.999063015 46.241973877
0.999058604 0.007849880 -0.042663213 -3.144468784 -0.007945687 0.999966264 -0.002076549 0.842095435 0.042645473 0.002413583 0.999087334 46.879802704
0.999064803 0.007499326 -0.042582963 -3.171862125 -0.007522151 0.999971628 -0.000375824 0.853982866 0.042578936 0.000695788 0.999092877 47.505153656
0.999063909 0.007527657 -0.042599112 -3.199148655 -0.007508854 0.999971628 0.000601368 0.865893066 0.042602431 -0.000280934 0.999092042 48.124950409
0.999069393 0.007716266 -0.042439021 -3.228081703 -0.007719417 0.999970138 0.000089626 0.878601789 0.042438455 0.000238062 0.999099016 48.735317230
0.999071062 0.007601323 -0.042415570 -3.255025625 -0.007627605 0.999970734 -0.000457820 0.891099155 0.042410847 0.000780924 0.999099970 49.356937408
0.999060750 0.007110961 -0.042743605 -3.281672001 -0.007126603 0.999974608 -0.000213571 0.906191349 0.042740993 0.000517987 0.999086022 49.963104248
0.999053299 0.007097677 -0.042919509 -3.309912205 -0.007122700 0.999974549 -0.000430140 0.919425726 0.042915370 0.000735435 0.999078453 50.568454742
0.999052107 0.006385960 -0.043059103 -3.336697102 -0.006392210 0.999979556 -0.000007483 0.932999671 0.043058179 0.000282719 0.999072492 51.174488068
0.999038517 0.005406512 -0.043506410 -3.361586094 -0.005415692 0.999985337 -0.000093126 0.949164808 0.043505266 0.000328654 0.999053121 51.779174805
0.999027908 0.004768296 -0.043823712 -3.389884472 -0.004737372 0.999988437 0.000809494 0.962503970 0.043827068 -0.000601098 0.999038935 52.377521515
0.999017477 0.005245069 -0.044007085 -3.419127464 -0.005223291 0.999986172 0.000609853 0.975460052 0.044009671 -0.000379392 0.999031007 52.978424072
0.999004245 0.004765279 -0.044358961 -3.447982788 -0.004731102 0.999988377 0.000875411 0.989978969 0.044362623 -0.000664672 0.999015272 53.570110321
0.998965263 0.005411415 -0.045158952 -3.476757050 -0.005408440 0.999985337 0.000188076 1.003816009 0.045159321 0.000056358 0.998979807 54.161655426
0.998927891 0.004046521 -0.046115972 -3.505803108 -0.004033398 0.999991775 0.000377612 1.016306043 0.046117123 -0.000191203 0.998935997 54.743312836
0.998887718 0.003971316 -0.046983395 -3.537230968 -0.004013441 0.999991596 -0.000802292 1.030940771 0.046979818 0.000989965 0.998895347 55.332405090
0.998827338 0.002814446 -0.048335206 -3.565442085 -0.002888961 0.999994755 -0.001471830 1.044203520 0.048330821 0.001609743 0.998830020 55.916259766
0.998739719 0.003402036 -0.050074026 -3.599443913 -0.003512615 0.999991536 -0.002120492 1.052708030 0.050066382 0.002293710 0.998743236 56.486446381
0.998633146 0.003830634 -0.052128945 -3.632664680 -0.004001071 0.999987006 -0.003165557 1.063678622 0.052116152 0.003369801 0.998635292 57.063297272
0.998508751 0.003510203 -0.054479398 -3.667190075 -0.003739570 0.999984562 -0.004108794 1.075252295 0.054464135 0.004306397 0.998506367 57.636348724
0.998377740 0.003564324 -0.056824729 -3.704881907 -0.003823709 0.999982774 -0.004456580 1.086812735 0.056807864 0.004666632 0.998374164 58.205692291
0.998240888 0.003066700 -0.059209645 -3.741212845 -0.003371304 0.999981582 -0.005045287 1.094458461 0.059193075 0.005236025 0.998232961 58.773685455
0.998113096 0.003251482 -0.061315451 -3.781224966 -0.003525012 0.999984324 -0.004353362 1.107219458 0.061300330 0.004561285 0.998108923 59.343048096
0.998002470 0.003121352 -0.063098066 -3.818891525 -0.003322701 0.999989629 -0.003086370 1.115568042 0.063087784 0.003289861 0.998002589 59.906661987
0.997896492 0.002714872 -0.064770430 -3.856327295 -0.002877759 0.999992907 -0.002421676 1.129151344 0.064763419 0.002602977 0.997897208 60.473079681
0.997798383 0.002120592 -0.066286258 -3.895624161 -0.002272957 0.999994874 -0.002223258 1.138398409 0.066281207 0.002369029 0.997798145 61.033184052
0.997700810 0.001065960 -0.067763008 -3.934850216 -0.001220669 0.999996722 -0.002241728 1.148691297 0.067760386 0.002319290 0.997698903 61.587371826
0.997603118 0.000245549 -0.069194153 -3.973107100 -0.000355417 0.999998689 -0.001575511 1.161993742 0.069193676 0.001596328 0.997601926 62.147102356
0.997516870 -0.000354289 -0.070427231 -4.015289783 0.000288282 0.999999523 -0.000947393 1.175311089 0.070427530 0.000924737 0.997516453 62.699787140
0.997406065 0.000829831 -0.071975246 -4.056633949 -0.000961879 0.999997914 -0.001800006 1.186397076 0.071973599 0.001864568 0.997404814 63.249034882
0.997316182 0.000788874 -0.073210344 -4.101851463 -0.001016439 0.999994755 -0.003071177 1.194730401 0.073207520 0.003137349 0.997311771 63.797828674
0.997231901 -0.000839978 -0.074349537 -4.142562866 0.000654048 0.999996722 -0.002525073 1.207425475 0.074351422 0.002469455 0.997229040 64.345237732
0.997103691 -0.003492230 -0.075974151 -4.179634571 0.003476623 0.999993920 -0.000337685 1.222947001 0.075974852 0.000072574 0.997109711 64.892646790
0.996985316 -0.004995079 -0.077428736 -4.220407486 0.005269567 0.999980509 0.003341130 1.240506172 0.077410541 -0.003739074 0.996992290 65.439575195
0.996906102 -0.003998035 -0.078499608 -4.265977383 0.004665056 0.999954522 0.008315580 1.255649805 0.078462809 -0.008656056 0.996879458 65.987762451
0.996847987 -0.001967960 -0.079310961 -4.316495895 0.002834770 0.999937415 0.010818146 1.267699122 0.079284720 -0.011008875 0.996791184 66.530281067
0.996731043 -0.002627483 -0.080749474 -4.358146191 0.003374515 0.999952793 0.009116148 1.285119772 0.080721714 -0.009358836 0.996692777 67.068695068
0.996653199 -0.003839930 -0.081654981 -4.404548645 0.004316647 0.999974668 0.005662459 1.296114087 0.081631169 -0.005995983 0.996644557 67.589637756
0.996606886 -0.004146224 -0.082203545 -4.451178074 0.004414302 0.999985456 0.003079679 1.311748624 0.082189575 -0.003432100 0.996610820 68.124351501
0.996521294 -0.004099004 -0.083238475 -4.490031242 0.004158292 0.999991238 0.000538916 1.332211256 0.083235539 -0.000883171 0.996529460 68.655624390
0.996446729 -0.004366050 -0.084111802 -4.539798260 0.004387278 0.999990344 0.000067536 1.340971828 0.084110692 -0.000436318 0.996456325 69.189903259
0.996356189 -0.004074151 -0.085193239 -4.575291634 0.004027245 0.999991655 -0.000722443 1.359338403 0.085195467 0.000376716 0.996364236 69.721282959
0.996327341 -0.003346510 -0.085560687 -4.634985924 0.003299385 0.999994278 -0.000692183 1.366022229 0.085562505 0.000407343 0.996332705 70.233543396
0.996295035 -0.002862121 -0.085952953 -4.687178135 0.002783931 0.999995589 -0.001029532 1.377061963 0.085955530 0.000786431 0.996298611 70.756156921
0.996231377 -0.002694850 -0.086692289 -4.731276512 0.002661733 0.999996245 -0.000497589 1.398165464 0.086693294 0.000264962 0.996234953 71.282997131
0.996121824 -0.003446168 -0.087918855 -4.774249077 0.003505177 0.999993742 0.000516804 1.407682061 0.087916508 -0.000822971 0.996127605 71.808792114
0.996061146 -0.003184481 -0.088611215 -4.824105263 0.003373357 0.999992311 0.001981843 1.417602539 0.088604212 -0.002272955 0.996064305 72.317855835
0.995962441 -0.002336223 -0.089740656 -4.874546051 0.002556530 0.999993980 0.002340063 1.440962315 0.089734644 -0.002560040 0.995962381 72.846931458
0.995806098 -0.003319780 -0.091428332 -4.918296814 0.003558562 0.999990582 0.002448783 1.450366139 0.091419362 -0.002763866 0.995808601 73.363372803
0.995652437 -0.004455837 -0.093038768 -4.963505745 0.004745872 0.999984443 0.002896334 1.457225680 0.093024425 -0.003325292 0.995658338 73.877891541
0.995564580 -0.004343447 -0.093980201 -5.018306255 0.004632536 0.999985158 0.002858108 1.469602823 0.093966387 -0.003280798 0.995570004 74.385673523
0.995469987 -0.004039581 -0.094990671 -5.070981979 0.004272944 0.999988317 0.002253421 1.485756397 0.094980456 -0.002649103 0.995475590 74.889915466
0.995343685 -0.004919418 -0.096263677 -5.121834755 0.005078221 0.999986112 0.001404737 1.496015429 0.096255422 -0.001887044 0.995354891 75.401939392
0.995213926 -0.003962066 -0.097639583 -5.174229622 0.004046815 0.999991596 0.000669950 1.512333989 0.097636141 -0.001061873 0.995221615 75.905830383
0.995065629 -0.003054830 -0.099171072 -5.227202892 0.003126902 0.999994934 0.000571323 1.523881912 0.099168822 -0.000878602 0.995070159 76.409248352
0.994911790 -0.003323918 -0.100694269 -5.278687477 0.003344658 0.999994397 0.000037152 1.535250545 0.100693583 -0.000373751 0.994917393 76.912193298
0.994749784 -0.003616567 -0.102274343 -5.331411839 0.003734468 0.999992490 0.000961329 1.548862696 0.102270089 -0.001338222 0.994755864 77.422554016
0.994589388 -0.003415056 -0.103828005 -5.384744644 0.003801179 0.999986589 0.003521231 1.559566259 0.103814594 -0.003896848 0.994588971 77.908561707
0.994429886 -0.002753645 -0.105363630 -5.436573029 0.003328501 0.999980450 0.005280467 1.572783470 0.105347030 -0.005601757 0.994419754 78.382965088
0.994273424 -0.001545313 -0.106855087 -5.489105225 0.002078759 0.999985933 0.004881037 1.584930897 0.106846042 -0.005075210 0.994262636 78.834259033
0.994116962 -0.001553572 -0.108301856 -5.544586182 0.001867135 0.999994278 0.002793923 1.593638778 0.108296923 -0.002979699 0.994114101 79.276947021
