1.000000000 0.000000000 0.000000000 0.000000000 0.000000000 1.000000000 0.000000000 0.000000000 0.000000000 0.000000000 1.000000000 0.000000000
1.000000000 0.000026325 0.000003200 -0.000031826 -0.000026325 1.000000000 0.000003939 -0.000003216 -0.000003200 -0.000003939 1.000000000 -0.000021314
1.000000000 -0.000055054 0.000008951 -0.000087381 0.000055054 1.000000000 0.000019558 -0.000081275 -0.000008952 -0.000019558 1.000000000 0.000059868
1.000000000 -0.000034818 0.000018373 -0.000020600 0.000034818 1.000000000 0.000003501 -0.000061092 -0.000018373 -0.000003500 1.000000000 0.000103110
1.000000000 -0.000075640 0.000004665 0.000048495 0.000075640 1.000000000 -0.000000706 -0.000045301 -0.000004665 0.000000707 1.000000000 0.000108587
1.000000000 -0.000015915 -0.000009401 0.000089250 0.000015915 1.000000000 0.000015523 -0.000109748 0.000009401 -0.000015523 1.000000000 0.000029077
1.000000000 0.000007391 0.000002182 -0.000139060 -0.000007391 1.000000000 0.000002721 0.000014714 -0.000002182 -0.000002721 1.000000000 -0.000083652
1.000000000 -0.000017997 0.000003712 0.000020284 0.000017997 1.000000000 0.000004231 -0.000007826 -0.000003712 -0.000004231 1.000000000 0.000077073
1.000000000 -0.000064017 0.000006337 -0.000030492 0.000064017 1.000000000 0.000016976 0.000004470 -0.000006338 -0.000016976 1.000000000 0.000083218
1.000000000 -0.000009109 0.000006178 0.000031233 0.000009109 1.000000000 0.000008700 -0.000110951 -0.000006178 -0.000008700 1.000000000 0.000017339
1.000000000 -0.000014167 -0.000004185 0.000070436 0.000014167 1.000000000 -0.000000555 -0.000004432 0.000004185 0.000000555 1.000000000 0.000177507
1.000000000 -0.000034908 0.000001165 0.000095957 0.000034908 1.000000000 0.000020473 -0.000066916 -0.000001165 -0.000020473 1.000000000 0.000283032
1.000000000 -0.000039036 -0.000003752 0.000101961 0.000039036 1.000000000 0.000013290 -0.000046338 0.000003751 -0.000013290 1.000000000 0.000302368
1.000000000 0.000033661 0.000000984 -0.000007510 -0.000033661 1.000000000 0.000013629 -0.000061842 -0.000000983 -0.000013629 1.000000000 0.000097672
1.000000000 0.000007082 0.000004551 -0.000010608 -0.000007082 1.000000000 0.000014397 -0.000140312 -0.000004551 -0.000014397 1.000000000 0.000054557
1.000000000 -0.000003238 -0.000002215 0.000013297 0.000003238 1.000000000 0.000021978 -0.000125731 0.000002215 -0.000021978 1.000000000 0.000069464
1.000000000 0.000018824 0.000000956 0.000136781 -0.000018824 1.000000000 0.000025381 -0.000110717 -0.000000956 -0.000025381 1.000000000 0.000031198
1.000000000 -0.000012699 -0.000019922 0.000141025 0.000012699 1.000000000 -0.000000196 -0.000023416 0.000019922 0.000000196 1.000000000 0.000179906
1.000000000 -0.000012168 -0.000004698 0.000094755 0.000012168 1.000000000 0.000013288 -0.000126577 0.000004697 -0.000013288 1.000000000 0.000054477
1.000000000 -0.000034941 -0.000002709 0.000059440 0.000034942 1.000000000 0.000014228 -0.000021254 0.000002709 -0.000014228 1.000000000 0.000131434
1.000000000 -0.000051520 -0.000013991 0.000023621 0.000051520 1.000000000 0.000001253 -0.000025599 0.000013990 -0.000001254 1.000000000 -0.000022362
1.000000000 -0.000001214 0.000028477 0.000099717 0.000001216 1.000000000 -0.000051645 -0.000111901 -0.000028477 0.000051645 1.000000000 0.000565867
1.000000000 0.000001218 -0.000003315 0.000003842 -0.000001218 1.000000000 0.000008414 0.000001610 0.000003315 -0.000008414 1.000000000 0.000466043
1.000000000 -0.000044769 -0.000048203 0.000285387 0.000044767 1.000000000 -0.000057209 -0.000133230 0.000048205 0.000057207 1.000000000 0.000533471
1.000000000 -0.000039666 -0.000016624 0.000017715 0.000039663 1.000000000 -0.000150309 0.000008318 0.000016630 0.000150308 1.000000000 -0.000234286
1.000000000 -0.000015548 -0.000017971 -0.000062188 0.000015546 1.000000000 -0.000097542 -0.000099938 0.000017972 0.000097542 1.000000000 -0.000088133
1.000000000 -0.000018111 -0.000007221 0.000165470 0.000018110 1.000000000 -0.000063370 -0.000103668 0.000007222 0.000063370 1.000000000 0.000474947
1.000000000 -0.000068359 -0.000000819 0.000121298 0.000068359 1.000000000 -0.000040248 -0.000091895 0.000000822 0.000040248 1.000000000 0.000283675
1.000000000 -0.000097358 0.000006862 0.000198697 0.000097359 1.000000000 -0.000078094 -0.000079389 -0.000006855 0.000078095 1.000000000 0.000335860
1.000000000 -0.000089842 0.000000515 0.000069821 0.000089842 1.000000000 -0.000025432 -0.000180791 -0.000000512 0.000025432 1.000000000 0.000160158
1.000000000 -0.000002538 -0.000002979 0.000107457 0.000002538 1.000000000 0.000025545 -0.000045183 0.000002979 -0.000025545 1.000000000 0.000426825
1.000000000 -0.000043977 -0.000004670 0.000078927 0.000043977 1.000000000 -0.000003935 -0.000025302 0.000004670 0.000003934 1.000000000 0.000100065
1.000000000 -0.000030571 -0.000018615 0.000232772 0.000030571 1.000000000 0.000008561 0.000032965 0.000018615 -0.000008562 1.000000000 0.000301091
1.000000000 0.000037638 0.000071871 -0.000286824 -0.000037670 0.999999881 0.000433106 -0.000049222 -0.000071855 -0.000433108 0.999999881 -0.000272303
1.000000000 -0.000064693 -0.000154871 0.000098852 0.000064838 0.999999583 0.000937414 -0.000119756 0.000154810 -0.000937424 0.999999523 0.000267128
0.999999940 -0.000256369 -0.000145114 -0.000107594 0.000256522 0.999999404 0.001058648 -0.000192752 0.000144842 -0.001058686 0.999999404 -0.000680521
0.999999881 -0.000444517 -0.000239672 0.000261665 0.000444591 0.999999881 0.000308986 -0.000174608 0.000239534 -0.000309093 0.999999940 0.000296381
0.999999940 -0.000328669 -0.000231183 0.000260935 0.000328753 0.999999881 0.000363119 -0.000217165 0.000231063 -0.000363195 0.999999881 0.000439458
1.000000000 -0.000054139 -0.000099345 0.000022606 0.000054152 1.000000000 0.000130024 0.000164798 0.000099338 -0.000130029 1.000000000 -0.000115175
1.000000000 0.000070520 0.000011500 0.000037028 -0.000070520 1.000000000 -0.000018894 0.000036324 -0.000011502 0.000018893 1.000000000 0.000203076
1.000000000 0.000079853 0.000023514 0.000034134 -0.000079850 1.000000000 -0.000086171 -0.000147667 -0.000023520 0.000086169 1.000000000 0.000038119
1.000000000 -0.000051539 0.000017704 0.000281392 0.000051540 1.000000000 -0.000071074 -0.000063992 -0.000017700 0.000071074 1.000000000 0.000794565
1.000000000 -0.000076047 -0.000006164 0.000196281 0.000076047 1.000000000 -0.000057880 -0.000049882 0.000006168 0.000057880 1.000000000 0.000465955
1.000000000 -0.000014494 -0.000020221 0.000207682 0.000014492 1.000000000 -0.000097541 -0.000033858 0.000020223 0.000097540 1.000000000 0.000602413
1.000000000 -0.000028062 -0.000010048 0.000207465 0.000028062 1.000000000 -0.000011239 0.000040942 0.000010048 0.000011239 1.000000000 0.000606265
1.000000000 -0.000079134 -0.000000520 0.000171432 0.000079134 1.000000000 0.000007927 -0.000041201 0.000000520 -0.000007927 1.000000000 0.000861857
1.000000000 -0.000090593 -0.000033454 0.000154720 0.000090595 1.000000000 0.000045424 -0.000132436 0.000033450 -0.000045427 1.000000000 0.000414091
1.000000000 -0.000104512 -0.000106063 0.000262355 0.000104509 1.000000000 -0.000026691 -0.000138586 0.000106066 0.000026680 1.000000000 0.000490946
1.000000000 -0.000099795 -0.000063251 0.000328130 0.000099792 1.000000000 -0.000050029 -0.000155344 0.000063256 0.000050023 1.000000000 0.000492359
1.000000000 -0.000028577 -0.000021388 0.000154702 0.000028577 1.000000000 0.000006240 -0.000028556 0.000021388 -0.000006241 1.000000000 0.000156215
1.000000000 0.000005446 -0.000034314 0.000121747 -0.000005446 1.000000000 0.000011789 -0.000044320 0.000034314 -0.000011789 1.000000000 0.000337706
1.000000000 0.000006000 -0.000038469 0.000103194 -0.000006000 1.000000000 -0.000014701 0.000002097 0.000038469 0.000014701 1.000000000 0.000352207
1.000000000 -0.000068334 -0.000059982 0.000132836 0.000068329 1.000000000 -0.000077468 -0.000075696 0.000059987 0.000077464 1.000000000 0.000126664
1.000000000 -0.000047734 -0.000034557 0.000221109 0.000047729 1.000000000 -0.000143771 -0.000047254 0.000034564 0.000143769 1.000000000 0.000628527
0.999999821 0.000597897 -0.000121624 -0.000041744 -0.000597966 0.999999642 -0.000571180 -0.000037640 0.000121283 0.000571253 0.999999821 0.000093670
0.999999225 0.001250030 -0.000155667 -0.000502920 -0.001250287 0.999997854 -0.001660267 0.000397630 0.000153591 0.001660461 0.999998629 -0.000751051
0.999999344 0.001166124 -0.000013722 -0.000797582 -0.001166151 0.999996841 -0.002232876 0.001347925 0.000011118 0.002232891 0.999997497 -0.000808773
0.999999106 0.001317353 -0.000070634 -0.000402177 -0.001317437 0.999998391 -0.001202823 0.000426560 0.000069049 0.001202915 0.999999285 0.000727627
0.999999166 0.001297672 -0.000032448 -0.000543196 -0.001297716 0.999998212 -0.001388575 0.000626074 0.000030646 0.001388616 0.999999046 -0.000240124
0.999998927 0.001449060 0.000025679 -0.000960129 -0.001449008 0.999997079 -0.001925144 0.001000343 -0.000028468 0.001925105 0.999998152 -0.001500990
0.999998987 0.001397867 -0.000195879 -0.000693004 -0.001398153 0.999997973 -0.001466849 0.000206385 0.000193828 0.001467121 0.999998927 -0.000977518
0.999999404 0.001102794 -0.000078983 -0.000269648 -0.001102883 0.999998748 -0.001130508 0.000015273 0.000077736 0.001130594 0.999999344 0.000423604
0.999999702 0.000740154 -0.000031983 -0.000238685 -0.000740196 0.999998868 -0.001308332 0.000516410 0.000031014 0.001308355 0.999999166 0.000309039
0.999999583 0.000937592 -0.000099104 -0.000230429 -0.000937752 0.999998212 -0.001626766 0.000485489 0.000097579 0.001626858 0.999998689 0.000074196
0.999999344 0.001163921 -0.000008978 -0.000747478 -0.001163933 0.999998212 -0.001476279 0.000712049 0.000007260 0.001476289 0.999998927 0.000077988
0.999999523 0.000956767 -0.000108046 -0.000028564 -0.000956900 0.999998748 -0.001238374 0.000197361 0.000106861 0.001238477 0.999999225 0.000472718
0.999999762 0.000669828 -0.000089960 -0.000012712 -0.000669962 0.999998629 -0.001501392 0.000484459 0.000088954 0.001501451 0.999998868 0.000044170
0.999999881 0.000454813 -0.000106940 0.000177986 -0.000454982 0.999998629 -0.001584850 0.000491373 0.000106219 0.001584898 0.999998748 -0.000043074
1.000000000 0.000188857 -0.000141921 0.000067694 -0.000189069 0.999998868 -0.001497462 0.000621608 0.000141638 0.001497488 0.999998868 0.000134150
0.999999821 0.000557813 0.000021815 0.000214509 -0.000557781 0.999998808 -0.001421826 0.000231216 -0.000022608 0.001421814 0.999998987 0.001075804
0.999999702 0.000761862 -0.000037934 -0.000009689 -0.000761915 0.999998748 -0.001404174 0.000272256 0.000036864 0.001404203 0.999998987 0.000532442
0.999999881 0.000403627 -0.000169476 0.000411784 -0.000403854 0.999999046 -0.001338724 0.000381590 0.000168935 0.001338792 0.999999106 0.001055544
1.000000000 -0.000111698 0.000010403 0.000391267 0.000111713 0.999998987 -0.001408073 0.000469426 -0.000010246 0.001408075 0.999998987 0.000198450
1.000000000 -0.000053229 -0.000023796 0.000403463 0.000053195 0.999998987 -0.001419010 0.000493430 0.000023872 0.001419009 0.999998987 0.000978212
0.999999881 0.000483578 -0.000182045 -0.000090617 -0.000483854 0.999998748 -0.001515981 0.000461345 0.000181312 0.001516069 0.999998808 0.000035398
0.999999762 0.000697039 0.000038989 -0.000146284 -0.000696981 0.999998629 -0.001486907 0.000795105 -0.000040026 0.001486879 0.999998868 0.000765265
0.999999881 0.000464970 0.000034413 -0.000041796 -0.000464928 0.999999166 -0.001212807 0.000294151 -0.000034977 0.001212791 0.999999285 0.000832267
0.999999940 0.000282904 -0.000089414 0.000282436 -0.000283021 0.999999106 -0.001314838 0.000312070 0.000089042 0.001314863 0.999999106 0.001100441
0.999999881 0.000445640 0.000017691 0.000048641 -0.000445616 0.999998987 -0.001340318 0.000407263 -0.000018288 0.001340310 0.999999106 0.000688533
0.999999881 0.000491262 -0.000104216 0.000105611 -0.000491400 0.999998987 -0.001325090 0.000159681 0.000103565 0.001325141 0.999999106 0.000877896
0.999999881 0.000531125 -0.000125187 0.000098512 -0.000531302 0.999998868 -0.001416947 0.000515312 0.000124435 0.001417013 0.999998987 0.000614935
0.999999881 0.000461166 0.000025371 0.000033707 -0.000461130 0.999998927 -0.001401052 0.000318221 -0.000026017 0.001401040 0.999999046 0.000667766
0.999999821 0.000606370 -0.000081346 0.000045913 -0.000606482 0.999998868 -0.001389260 0.000444011 0.000080503 0.001389309 0.999999046 0.000559248
0.999999881 0.000474424 -0.000128348 0.000174382 -0.000474599 0.999998927 -0.001373222 0.000313551 0.000127696 0.001373282 0.999999046 0.000964312
0.999999940 0.000384022 -0.000000535 0.000065032 -0.000384023 0.999998987 -0.001380004 0.000332763 0.000000005 0.001380004 0.999999046 0.000267621
0.999999940 0.000417487 -0.000037321 0.000068580 -0.000417538 0.999998987 -0.001370394 0.000374296 0.000036749 0.001370409 0.999999046 0.000556485
0.999999762 0.000675965 -0.000119464 -0.000344789 -0.000676125 0.999998868 -0.001343651 0.000502544 0.000118555 0.001343732 0.999999106 0.000034477
0.999999642 0.000878418 0.000041138 -0.000338925 -0.000878358 0.999998569 -0.001458502 0.000772883 -0.000042419 0.001458465 0.999998927 0.000719176
0.999999583 0.000935468 0.000004346 -0.000469694 -0.000935461 0.999998569 -0.001414021 0.000694557 -0.000005669 0.001414016 0.999998987 0.000232989
0.999999702 0.000774783 -0.000054301 -0.000070611 -0.000774854 0.999998808 -0.001319925 0.000284102 0.000053278 0.001319967 0.999999106 0.000730831
0.999999821 0.000594963 0.000010203 -0.000010630 -0.000594949 0.999998927 -0.001316428 0.000244095 -0.000010987 0.001316422 0.999999106 0.000879702
0.999999881 0.000395567 0.000323786 0.000270988 -0.000394990 0.999998331 -0.001781227 0.000717204 -0.000324490 0.001781099 0.999998391 0.003258303
1.000000000 0.000072268 0.000058773 0.000046959 -0.000072120 0.999996841 -0.002508706 0.000575642 -0.000058954 0.002508702 0.999996841 0.000956915
0.999999821 0.000498048 0.000252759 0.000325334 -0.000497763 0.999999225 -0.001126979 0.000342840 -0.000253320 0.001126853 0.999999344 0.001191538
0.999999821 0.000606139 -0.000217261 0.000056572 -0.000606397 0.999999106 -0.001188333 0.000364238 0.000216541 0.001188464 0.999999285 0.000234559
0.999999940 0.000389135 -0.000153461 -0.000052879 -0.000389367 0.999998748 -0.001518934 0.000550751 0.000152870 0.001518994 0.999998808 -0.000125978
0.999999940 0.000308649 -0.000058499 -0.000278976 -0.000308715 0.999999285 -0.001137694 0.000564707 0.000058148 0.001137713 0.999999344 -0.000292507
1.000000000 0.000061811 -0.000112012 0.000102338 -0.000061950 0.999999225 -0.001247084 0.000415749 0.000111935 0.001247091 0.999999225 0.000598883
0.999999940 0.000401708 -0.000056224 -0.000260711 -0.000401765 0.999999404 -0.001029878 0.000332995 0.000055810 0.001029900 0.999999464 0.000315797
0.999999762 0.000711793 -0.000059894 -0.000277990 -0.000711856 0.999999166 -0.001060014 0.000262308 0.000059140 0.001060057 0.999999464 0.000344131
0.999999702 0.000740637 -0.000088609 -0.000053755 -0.000740749 0.999998927 -0.001271982 0.000580044 0.000087667 0.001272047 0.999999166 0.001000388
0.999999821 0.000637989 -0.000047745 -0.000096831 -0.000638051 0.999998927 -0.001318404 0.000637777 0.000046904 0.001318434 0.999999106 0.000428369
0.999999821 0.000584948 -0.000078062 0.000042854 -0.000585043 0.999999106 -0.001223728 0.000557790 0.000077346 0.001223774 0.999999225 0.000410570
0.999999762 0.000672575 -0.000116219 -0.000001923 -0.000672736 0.999998808 -0.001388172 0.000763119 0.000115285 0.001388249 0.999999046 0.001249029
0.999999583 0.000901592 -0.000035555 -0.000598923 -0.000901642 0.999998569 -0.001430848 0.000848554 0.000034265 0.001430879 0.999998987 0.000151110
0.999999642 0.000850773 -0.000060662 -0.000260602 -0.000850845 0.999998927 -0.001197763 0.000280139 0.000059643 0.001197815 0.999999285 0.000532127
0.999999762 0.000667400 -0.000054414 -0.000326764 -0.000667464 0.999999106 -0.001176861 0.000484272 0.000053629 0.001176897 0.999999285 0.000271570
0.999999821 0.000631919 -0.000040283 -0.000261086 -0.000631971 0.999998987 -0.001297102 0.000537508 0.000039464 0.001297127 0.999999166 -0.000041184
0.999999762 0.000704612 -0.000104240 -0.000124845 -0.000704749 0.999998868 -0.001321881 0.000556094 0.000103309 0.001321954 0.999999106 0.000651726
0.999999762 0.000726932 -0.000067854 -0.000337462 -0.000727011 0.999999046 -0.001176555 0.000652800 0.000066999 0.001176604 0.999999285 -0.000035810
0.999999821 0.000619472 -0.000014226 -0.000237105 -0.000619486 0.999999285 -0.001035220 0.000406180 0.000013585 0.001035229 0.999999464 0.000190974
0.999999881 0.000524055 -0.000022147 -0.000158556 -0.000524076 0.999999404 -0.000945886 0.000221528 0.000021651 0.000945897 0.999999523 0.000540701
0.999999821 0.000593993 -0.000060161 -0.000296125 -0.000594057 0.999999285 -0.001060999 0.000396495 0.000059530 0.001061035 0.999999464 0.000399240
0.999999762 0.000702613 -0.000025655 -0.000532139 -0.000702642 0.999999106 -0.001152280 0.000338209 0.000024846 0.001152298 0.999999344 -0.000571189
0.999999821 0.000634235 -0.000037633 -0.000361254 -0.000634274 0.999999225 -0.001059780 0.000174675 0.000036961 0.001059803 0.999999464 -0.000247047
0.999999702 0.000760106 -0.000039441 -0.000413646 -0.000760144 0.999999225 -0.000985016 0.000334745 0.000038693 0.000985045 0.999999523 -0.000193302
0.999999702 0.000772250 -0.000025956 -0.000335956 -0.000772275 0.999999225 -0.000997471 0.000166367 0.000025186 0.000997491 0.999999523 0.000039396
0.999999762 0.000715674 -0.000041689 -0.000452834 -0.000715717 0.999999225 -0.001025978 0.000133211 0.000040954 0.001026007 0.999999464 -0.000044207
0.999999702 0.000748846 -0.000041032 -0.000571184 -0.000748887 0.999999225 -0.001019224 0.000263114 0.000040269 0.001019255 0.999999464 -0.000382018
0.999999762 0.000703104 -0.000047321 -0.000486447 -0.000703150 0.999999285 -0.000983518 0.000262960 0.000046629 0.000983551 0.999999523 -0.000213075
0.999999762 0.000674493 -0.000030054 -0.000437831 -0.000674523 0.999999285 -0.000983655 0.000139867 0.000029390 0.000983675 0.999999523 -0.000366750
0.999999702 0.000746565 -0.000095150 -0.000536755 -0.000746666 0.999999166 -0.001066844 0.000431834 0.000094353 0.001066914 0.999999404 -0.000681455
0.999999762 0.000705016 -0.000051765 -0.000552189 -0.000705071 0.999999166 -0.001072607 0.000231107 0.000051009 0.001072643 0.999999404 -0.000932305
0.999999762 0.000715207 -0.000030574 -0.000405904 -0.000715237 0.999999225 -0.001007673 0.000215599 0.000029853 0.001007694 0.999999464 -0.000315254
0.999999821 0.000624881 -0.000042848 -0.000531065 -0.000624923 0.999999344 -0.000982185 0.000297282 0.000042234 0.000982211 0.999999523 -0.000422604
0.999999762 0.000658987 -0.000043023 -0.000312574 -0.000659030 0.999999285 -0.001004578 0.000307121 0.000042361 0.001004606 0.999999523 -0.000267562
0.999999762 0.000725623 -0.000039177 -0.000709507 -0.000725661 0.999999285 -0.000970491 0.000624378 0.000038473 0.000970520 0.999999523 -0.000836777
0.999999762 0.000687874 -0.000065131 -0.000557188 -0.000687938 0.999999285 -0.000980474 0.000347000 0.000064456 0.000980518 0.999999523 -0.000864667
0.999999762 0.000694048 -0.000003750 -0.000631517 -0.000694051 0.999999225 -0.001018915 0.000382408 0.000003043 0.001018918 0.999999464 -0.000857682
0.999999821 0.000627629 -0.000031585 -0.000551833 -0.000627660 0.999999344 -0.000981180 0.000225124 0.000030969 0.000981199 0.999999523 -0.000505606
0.999999821 0.000615671 -0.000053088 -0.000716378 -0.000615722 0.999999344 -0.000967387 0.000188838 0.000052493 0.000967419 0.999999523 -0.000908446
0.999999762 0.000658054 -0.000044850 -0.000431501 -0.000658098 0.999999285 -0.000988269 0.000229143 0.000044200 0.000988298 0.999999523 -0.000649979
0.999999762 0.000661225 -0.000034311 -0.000681795 -0.000661257 0.999999344 -0.000949920 0.000503804 0.000033683 0.000949943 0.999999523 -0.000560039
0.999999821 0.000623377 -0.000042397 -0.000489604 -0.000623418 0.999999344 -0.000974311 0.000283763 0.000041789 0.000974337 0.999999523 -0.000344848
0.999999762 0.000722282 -0.000045387 -0.000748617 -0.000722326 0.999999285 -0.000973804 0.000247603 0.000044683 0.000973836 0.999999523 -0.000931379
0.999999702 0.000796934 -0.000073956 -0.000535656 -0.000797007 0.999999225 -0.000984753 0.000251147 0.000073172 0.000984811 0.999999523 -0.000455060
0.999999762 0.000717927 -0.000053872 -0.000588852 -0.000717980 0.999999225 -0.000997427 0.000307245 0.000053156 0.000997466 0.999999523 -0.000356263
0.999999821 0.000642526 -0.000031940 -0.000592282 -0.000642556 0.999999344 -0.000959274 0.000469372 0.000031324 0.000959294 0.999999523 -0.000276275
0.999999762 0.000670730 -0.000047806 -0.000492964 -0.000670777 0.999999285 -0.000989239 0.000247262 0.000047143 0.000989271 0.999999523 -0.000230140
0.999999702 0.000729733 -0.000068138 -0.000596277 -0.000729800 0.999999285 -0.000973677 0.000616296 0.000067427 0.000973727 0.999999523 -0.000781613
0.999999821 0.000623604 -0.000052587 -0.000399314 -0.000623652 0.999999404 -0.000927327 0.000470578 0.000052009 0.000927359 0.999999583 -0.000176678
0.999999762 0.000707234 -0.000038206 -0.000498202 -0.000707272 0.999999285 -0.000985979 0.000431037 0.000037509 0.000986006 0.999999523 -0.000131313
0.999999702 0.000731762 -0.000055225 -0.000475642 -0.000731817 0.999999225 -0.001000172 0.000815590 0.000054493 0.001000212 0.999999523 -0.000336225
0.999999762 0.000684902 -0.000070260 -0.000555209 -0.000684968 0.999999285 -0.000950667 0.000607065 0.000069609 0.000950715 0.999999523 -0.000144549
0.999999762 0.000649957 -0.000057280 -0.000384038 -0.000650010 0.999999344 -0.000930954 0.000236255 0.000056675 0.000930991 0.999999583 0.000284884
0.999999762 0.000687642 -0.000044137 -0.000434957 -0.000687684 0.999999285 -0.000973503 0.000251152 0.000043467 0.000973533 0.999999523 -0.000165547
0.999999762 0.000663241 -0.000047842 -0.000443622 -0.000663286 0.999999344 -0.000942832 0.000525556 0.000047216 0.000942864 0.999999583 0.000144667
0.999999762 0.000663489 -0.000053221 -0.000499712 -0.000663540 0.999999344 -0.000954991 0.000749749 0.000052587 0.000955026 0.999999523 0.000301966
0.999999821 0.000591044 -0.000041685 -0.000488687 -0.000591083 0.999999344 -0.000954650 0.000203230 0.000041121 0.000954675 0.999999523 0.000114118
0.999999762 0.000712392 -0.000048981 -0.000448856 -0.000712439 0.999999285 -0.000949316 0.000664930 0.000048305 0.000949351 0.999999523 0.000510470
0.999999762 0.000693356 -0.000047517 -0.000469308 -0.000693400 0.999999344 -0.000940337 0.000595601 0.000046865 0.000940370 0.999999583 0.000414415
0.999999762 0.000655941 -0.000055107 -0.000408250 -0.000655992 0.999999344 -0.000934072 0.000126591 0.000054494 0.000934108 0.999999583 0.000293492
0.999999762 0.000647340 -0.000040266 -0.000569909 -0.000647378 0.999999344 -0.000949392 0.000510725 0.000039652 0.000949418 0.999999523 -0.000351436
0.999999762 0.000673311 -0.000031758 -0.000531388 -0.000673340 0.999999344 -0.000907428 0.000271724 0.000031147 0.000907449 0.999999583 0.000355731
0.999999821 0.000636108 -0.000044247 -0.000576428 -0.000636150 0.999999344 -0.000955603 0.000315737 0.000043639 0.000955631 0.999999523 0.000400407
0.999999762 0.000696677 -0.000066672 -0.000393550 -0.000696742 0.999999285 -0.000982678 0.000918702 0.000065988 0.000982725 0.999999523 0.000695701
0.999999762 0.000686302 -0.000037486 -0.000474217 -0.000686337 0.999999344 -0.000944002 0.000820133 0.000036838 0.000944027 0.999999583 0.000272200
0.999999821 0.000562019 -0.000046142 -0.000334214 -0.000562061 0.999999404 -0.000935401 0.000491177 0.000045616 0.000935427 0.999999583 0.000467253
0.999999762 0.000650607 -0.000050111 -0.000445402 -0.000650654 0.999999344 -0.000941797 0.000310063 0.000049499 0.000941830 0.999999583 0.000261785
0.999999762 0.000658960 -0.000052200 -0.000282785 -0.000659008 0.999999344 -0.000914041 0.000427019 0.000051598 0.000914075 0.999999583 0.000493653
0.999999762 0.000708719 -0.000045349 -0.000526570 -0.000708761 0.999999344 -0.000917667 0.000320016 0.000044698 0.000917698 0.999999583 -0.000154053
0.999999821 0.000601881 -0.000036051 -0.000337083 -0.000601915 0.999999344 -0.000950399 0.000294970 0.000035478 0.000950420 0.999999523 0.000305362
0.999999762 0.000690872 -0.000044061 -0.000449557 -0.000690915 0.999999285 -0.000979319 0.000911508 0.000043384 0.000979349 0.999999523 0.000571095
0.999999762 0.000662243 -0.000040242 -0.000374657 -0.000662280 0.999999344 -0.000929880 0.000300741 0.000039627 0.000929907 0.999999583 0.000031071
0.999999821 0.000615111 -0.000040549 -0.000522939 -0.000615148 0.999999344 -0.000942585 0.000309703 0.000039969 0.000942610 0.999999583 0.000168370
0.999999821 0.000631297 -0.000018310 -0.000395062 -0.000631314 0.999999344 -0.000933342 0.000316027 0.000017720 0.000933353 0.999999583 0.000325123
0.999999821 0.000581592 -0.000022295 -0.000388849 -0.000581613 0.999999404 -0.000949947 0.000514568 0.000021743 0.000949960 0.999999523 0.000348410
0.999999821 0.000638171 -0.000022630 -0.000411319 -0.000638192 0.999999344 -0.000937385 0.000295942 0.000022031 0.000937399 0.999999583 0.000033486
0.999999821 0.000554091 -0.000045466 -0.000307182 -0.000554134 0.999999404 -0.000943898 0.000540464 0.000044943 0.000943923 0.999999583 0.000125632
0.999999821 0.000580423 -0.000049369 -0.000432587 -0.000580471 0.999999344 -0.000974663 0.000342661 0.000048803 0.000974691 0.999999523 -0.000070291
0.999999762 0.000662998 -0.000045275 -0.000492467 -0.000663041 0.999999344 -0.000961073 0.000233123 0.000044638 0.000961103 0.999999523 -0.000216863
0.999999762 0.000693639 -0.000077961 -0.000468776 -0.000693713 0.999999285 -0.000950887 0.000265460 0.000077302 0.000950941 0.999999523 -0.000484684
0.999999762 0.000685685 -0.000045917 -0.000424857 -0.000685728 0.999999344 -0.000930873 0.000241733 0.000045278 0.000930904 0.999999583 -0.000014262
0.999999821 0.000614908 -0.000028543 -0.000322757 -0.000614935 0.999999344 -0.000973300 0.000623893 0.000027944 0.000973317 0.999999523 -0.000147406
0.999999821 0.000635033 -0.000039626 -0.000471595 -0.000635071 0.999999344 -0.000955815 0.000415239 0.000039019 0.000955840 0.999999523 -0.000354987
0.999999762 0.000693183 -0.000031396 -0.000334395 -0.000693212 0.999999344 -0.000937750 0.000505719 0.000030746 0.000937772 0.999999583 0.000075447
0.999999762 0.000693530 -0.000068065 -0.000240593 -0.000693595 0.999999285 -0.000957644 0.000563522 0.000067400 0.000957691 0.999999523 0.000341255
0.999999762 0.000684035 -0.000040416 -0.000387106 -0.000684073 0.999999344 -0.000947438 0.000690337 0.000039768 0.000947465 0.999999523 0.000038544
0.999999762 0.000680799 -0.000046972 -0.000275045 -0.000680844 0.999999285 -0.000962265 0.000494461 0.000046316 0.000962296 0.999999523 0.000421305
0.999999762 0.000710821 -0.000026627 -0.000521180 -0.000710847 0.999999285 -0.000977184 0.000650533 0.000025933 0.000977203 0.999999523 0.000272279
0.999999762 0.000672441 -0.000052490 -0.000378366 -0.000672490 0.999999344 -0.000940096 0.000780428 0.000051858 0.000940131 0.999999583 0.000059026
0.999999821 0.000639604 -0.000060738 -0.000316872 -0.000639660 0.999999344 -0.000936187 0.000468784 0.000060139 0.000936225 0.999999583 0.000059621
0.999999821 0.000628010 -0.000049322 -0.000182203 -0.000628057 0.999999344 -0.000968584 0.000536475 0.000048714 0.000968615 0.999999523 0.000804675
0.999999821 0.000643167 -0.000057736 -0.000310249 -0.000643221 0.999999344 -0.000936421 0.000394015 0.000057134 0.000936458 0.999999583 -0.000133163
0.999999762 0.000652931 -0.000051056 -0.000375953 -0.000652978 0.999999344 -0.000918635 0.000536978 0.000050456 0.000918668 0.999999583 -0.000064373
0.999999821 0.000629789 -0.000046944 -0.000343479 -0.000629832 0.999999344 -0.000935546 0.000413261 0.000046355 0.000935575 0.999999583 0.000261704
0.999999821 0.000600529 -0.000045294 -0.000285462 -0.000600572 0.999999344 -0.000949672 0.000484198 0.000044723 0.000949699 0.999999523 0.000333301
0.999999762 0.000667787 -0.000034880 -0.000525134 -0.000667820 0.999999344 -0.000957577 0.000707167 0.000034240 0.000957600 0.999999523 0.000030107
0.999999821 0.000565440 -0.000036998 -0.000291766 -0.000565474 0.999999404 -0.000920763 0.000305438 0.000036477 0.000920784 0.999999583 0.000341102
0.999999821 0.000641661 -0.000060782 -0.000179569 -0.000641717 0.999999344 -0.000926497 0.000358928 0.000060187 0.000926536 0.999999583 0.000793106
0.999999881 0.000539264 -0.000044914 -0.000231904 -0.000539306 0.999999404 -0.000938978 0.000261674 0.000044407 0.000939002 0.999999583 0.000416211
0.999999821 0.000556148 -0.000045836 -0.000156611 -0.000556191 0.999999404 -0.000951128 0.000305964 0.000045307 0.000951153 0.999999523 0.000425708
0.999999881 0.000510751 -0.000049792 0.000039840 -0.000510797 0.999999464 -0.000917616 0.000315764 0.000049323 0.000917642 0.999999583 0.001110231
0.999999881 0.000510230 -0.000044281 0.000171969 -0.000510270 0.999999464 -0.000911188 0.000701476 0.000043817 0.000911211 0.999999583 0.001219159
0.999999940 0.000406921 -0.000050723 -0.000006958 -0.000406967 0.999999523 -0.000919629 0.000141424 0.000050349 0.000919649 0.999999583 0.000522942
0.999999881 0.000540953 -0.000055267 -0.000006830 -0.000541004 0.999999404 -0.000923853 0.000202325 0.000054767 0.000923883 0.999999583 0.000645757
0.999999881 0.000515656 -0.000048567 -0.000081121 -0.000515701 0.999999464 -0.000928808 0.000359783 0.000048088 0.000928833 0.999999583 0.000357270
0.999999881 0.000475964 -0.000022251 -0.000261235 -0.000475984 0.999999464 -0.000933999 0.000411452 0.000021806 0.000934010 0.999999583 0.000345459
0.999999881 0.000508080 -0.000036818 -0.000130938 -0.000508113 0.999999464 -0.000919443 0.000134972 0.000036351 0.000919461 0.999999583 0.000496650
0.999999821 0.000579103 -0.000045164 -0.000106566 -0.000579145 0.999999404 -0.000928315 0.000270304 0.000044626 0.000928341 0.999999583 0.000683479
0.999999821 0.000618582 -0.000029437 -0.000357330 -0.000618609 0.999999344 -0.000940204 0.000568687 0.000028856 0.000940222 0.999999583 0.000396680
0.999999762 0.000659404 -0.000032356 -0.000352210 -0.000659435 0.999999344 -0.000961763 0.000240877 0.000031721 0.000961784 0.999999523 0.000342847
0.999999821 0.000575957 -0.000004217 -0.000115179 -0.000575963 0.999998748 -0.001454156 0.000509699 0.000003380 0.001454158 0.999998927 0.001317571
0.999999881 0.000536522 -0.000062984 0.000027224 -0.000536633 0.999998271 -0.001778369 0.000363960 0.000062030 0.001778402 0.999998391 0.002649520
0.999999881 0.000517794 -0.000110743 0.000240923 -0.000518020 0.999997795 -0.002048876 0.000366853 0.000109682 0.002048933 0.999997914 0.006599883
0.999999583 0.000893044 0.000047369 -0.001055653 -0.000892919 0.999996245 -0.002586915 0.004453942 -0.000049679 0.002586872 0.999996662 0.022818448
0.999999523 0.000958938 0.000048421 -0.001861746 -0.000958788 0.999994993 -0.003012002 0.005861759 -0.000051309 0.003011954 0.999995470 0.039073367
0.999999583 0.000936275 -0.000057310 -0.001562683 -0.000936445 0.999994934 -0.003050714 0.006275209 0.000054454 0.003050766 0.999995351 0.061085269
0.999999285 0.001185585 -0.000070790 -0.001915772 -0.001185786 0.999995053 -0.002911424 0.006136753 0.000067337 0.002911506 0.999995768 0.088222735
0.999999344 0.001111035 -0.000189253 -0.001809680 -0.001111592 0.999994993 -0.002964785 0.006073783 0.000185958 0.002964994 0.999995589 0.116659440
0.999999225 0.001178923 -0.000412381 -0.002069091 -0.001180162 0.999994755 -0.003018593 0.007210734 0.000408820 0.003019078 0.999995351 0.150319189
0.999998987 0.001279211 -0.000610201 -0.002640742 -0.001281001 0.999994874 -0.002941820 0.007871831 0.000606435 0.002942599 0.999995470 0.188388810
0.999998868 0.001302845 -0.000768617 -0.003417581 -0.001305122 0.999994755 -0.002968539 0.008440885 0.000764745 0.002969539 0.999995291 0.227168784
0.999998629 0.001281657 -0.001052283 -0.003501276 -0.001284843 0.999994576 -0.003032363 0.010025193 0.001048390 0.003033711 0.999994874 0.272181779
0.999997795 0.001578322 -0.001372768 -0.004337093 -0.001582211 0.999994755 -0.002836149 0.010038417 0.001368284 0.002838315 0.999995053 0.319082350
0.999997437 0.001421298 -0.001764634 -0.004560613 -0.001426250 0.999995053 -0.002808370 0.011191186 0.001760633 0.002810880 0.999994516 0.366950363
0.999996781 0.001353795 -0.002142056 -0.005136819 -0.001360004 0.999994874 -0.002899782 0.012604555 0.002138120 0.002902686 0.999993503 0.418715060
0.999996245 0.001086370 -0.002523911 -0.004822426 -0.001093538 0.999995351 -0.002840600 0.013973502 0.002520813 0.002843349 0.999992788 0.473791063
0.999995172 0.000948809 -0.002968493 -0.005086119 -0.000957465 0.999995291 -0.002915629 0.015897078 0.002965712 0.002918457 0.999991357 0.530866325
0.999993622 0.000701297 -0.003499953 -0.005233963 -0.000711464 0.999995530 -0.002904501 0.016170226 0.003497900 0.002906973 0.999989629 0.589815795
0.999991655 0.000864937 -0.003996480 -0.005485101 -0.000876269 0.999995589 -0.002834615 0.017872049 0.003994011 0.002838094 0.999988019 0.651036918
0.999989986 0.000679187 -0.004416604 -0.006133565 -0.000691887 0.999995649 -0.002874645 0.018864175 0.004414632 0.002877672 0.999986112 0.712037086
0.999987841 0.000545271 -0.004902614 -0.005925945 -0.000558952 0.999995947 -0.002789624 0.019611372 0.004901073 0.002792330 0.999984086 0.774193823
0.999985218 0.000542513 -0.005412058 -0.006463298 -0.000557146 0.999996185 -0.002702592 0.021046022 0.005410571 0.002705568 0.999981701 0.838724017
0.999982774 0.000364198 -0.005854422 -0.006328134 -0.000379471 0.999996543 -0.002607902 0.022774709 0.005853452 0.002610078 0.999979436 0.905845344
0.999980867 0.000452614 -0.006164982 -0.007284638 -0.000468758 0.999996483 -0.002617429 0.025124501 0.006163776 0.002620269 0.999977589 0.972871661
0.999978364 0.000331822 -0.006569982 -0.007123629 -0.000349091 0.999996483 -0.002627563 0.025188837 0.006569087 0.002629799 0.999974966 1.038461447
0.999975383 0.000720289 -0.006979699 -0.009102406 -0.000739244 0.999996066 -0.002713510 0.026229063 0.006977717 0.002718603 0.999971986 1.107207656
0.999971688 0.000981116 -0.007462983 -0.010690953 -0.001002815 0.999995291 -0.002904261 0.028243612 0.007460099 0.002911663 0.999967933 1.178367734
0.999968588 0.001049776 -0.007858611 -0.010956146 -0.001072459 0.999995291 -0.002882701 0.030702019 0.007855547 0.002891038 0.999964952 1.250907660
0.999965727 0.000859960 -0.008235152 -0.012373519 -0.000882749 0.999995768 -0.002764114 0.030362912 0.008232741 0.002771289 0.999962270 1.322225213
0.999961078 0.000836323 -0.008785072 -0.011771785 -0.000860014 0.999996006 -0.002693282 0.033150185 0.008782784 0.002700733 0.999957800 1.397064805
0.999957681 0.000871336 -0.009157069 -0.012958430 -0.000893412 0.999996722 -0.002406999 0.033115655 0.009154941 0.002415078 0.999955177 1.467445731
0.999953270 0.001149304 -0.009601298 -0.014001129 -0.001171117 0.999996722 -0.002266564 0.035102755 0.009598661 0.002277702 0.999951363 1.542848229
0.999947906 0.001004229 -0.010157892 -0.013659432 -0.001027047 0.999996960 -0.002241399 0.036920991 0.010155611 0.002251715 0.999945879 1.617280960
0.999943435 0.001063937 -0.010581306 -0.014544125 -0.001087146 0.999997020 -0.002187815 0.039684385 0.010578947 0.002199195 0.999941647 1.692833304
0.999938607 0.000873012 -0.011046137 -0.014467057 -0.000897185 0.999997199 -0.002183550 0.040477734 0.011044200 0.002193326 0.999936581 1.770580053
0.999933779 0.000678433 -0.011488106 -0.015629418 -0.000705222 0.999997020 -0.002328065 0.042029064 0.011486492 0.002336012 0.999931276 1.849832654
0.999926567 0.000588567 -0.012102749 -0.016726548 -0.000615837 0.999997258 -0.002249611 0.044095822 0.012101392 0.002256899 0.999924242 1.928358793
0.999920368 0.000699780 -0.012598705 -0.017634530 -0.000728032 0.999997258 -0.002237967 0.045476355 0.012597104 0.002246961 0.999918103 2.006385565
0.999914885 0.001116890 -0.012998576 -0.019702546 -0.001145083 0.999997020 -0.002161684 0.047509715 0.012996123 0.002176384 0.999913156 2.084746838
0.999905884 0.001572339 -0.013627727 -0.021615706 -0.001599875 0.999996722 -0.002009915 0.049387794 0.013624521 0.002031529 0.999905109 2.167478323
0.999901652 -0.000281085 -0.014022193 -0.029647242 0.000256551 0.999998391 -0.001751440 0.043687407 0.014022663 0.001747671 0.999900162 2.242525101
0.999894559 -0.000820164 -0.014500128 -0.029992258 0.000791899 0.999997795 -0.001955007 0.045289297 0.014501699 0.001943319 0.999893010 2.323081493
0.999888062 -0.001107864 -0.014922376 -0.031255174 0.001078025 0.999997377 -0.002007539 0.046663404 0.014924561 0.001991228 0.999886632 2.407282829
0.999877751 -0.001315010 -0.015576600 -0.033173826 0.001281412 0.999996841 -0.002166748 0.048358459 0.015579397 0.002146523 0.999876320 2.490055799
0.999867082 -0.000941671 -0.016277421 -0.035260808 0.000907582 0.999997377 -0.002101559 0.050120667 0.016279357 0.002086506 0.999865294 2.573971272
0.999860406 -0.000716445 -0.016693428 -0.038175229 0.000683888 0.999997854 -0.001955918 0.052327190 0.016694795 0.001944229 0.999858677 2.659898758
0.999850631 -0.000681926 -0.017272107 -0.040989272 0.000648088 0.999997854 -0.001964639 0.052671172 0.017273409 0.001953151 0.999848843 2.743598461
0.999838173 -0.000714887 -0.017972089 -0.042421836 0.000680465 0.999997914 -0.001921319 0.053579420 0.017973425 0.001908779 0.999836564 2.828890800
0.999826789 -0.000852833 -0.018590869 -0.044116486 0.000818352 0.999997973 -0.001862263 0.055876486 0.018592419 0.001846727 0.999825358 2.914136171
0.999812186 -0.001155575 -0.019344401 -0.045569062 0.001119189 0.999997556 -0.001891659 0.057338811 0.019346539 0.001869653 0.999811053 3.001300335
0.999797225 -0.001397151 -0.020087142 -0.047687497 0.001358079 0.999997199 -0.001958622 0.058661144 0.020089820 0.001930945 0.999796212 3.089016199
0.999786019 -0.001733089 -0.020617280 -0.048402853 0.001672188 0.999994218 -0.002970712 0.061466664 0.020622307 0.002935601 0.999783039 3.178337336
0.999772966 -0.001760127 -0.021231670 -0.051007740 0.001685209 0.999992251 -0.003545968 0.062502161 0.021237746 0.003509384 0.999768198 3.272611618
0.999752402 -0.001343109 -0.022216519 -0.055060133 0.001264766 0.999993026 -0.003540018 0.065047249 0.022221114 0.003511043 0.999746919 3.368576050
0.999731243 -0.001058187 -0.023161316 -0.058792714 0.000972259 0.999992609 -0.003720918 0.067742974 0.023165083 0.003697399 0.999724805 3.473183393
0.999715984 -0.000929523 -0.023816083 -0.062234193 0.000836544 0.999992013 -0.003913707 0.069143198 0.023819527 0.003892672 0.999708593 3.582987785
0.999694765 -0.000858925 -0.024688758 -0.065453529 0.000766476 0.999992609 -0.003753769 0.071540773 0.024691798 0.003733701 0.999688148 3.696814537
0.999668837 -0.000932150 -0.025714381 -0.069161683 0.000835419 0.999992490 -0.003772222 0.073815890 0.025717704 0.003749490 0.999662220 3.815806150
0.999644220 -0.001322873 -0.026641687 -0.072027832 0.001214885 0.999991000 -0.004069144 0.075042665 0.026646830 0.004035329 0.999636769 3.935616732
0.999620140 -0.001244046 -0.027532874 -0.076476738 0.001122044 0.999989569 -0.004446120 0.080102943 0.027538110 0.004413538 0.999611020 4.063632965
0.999592841 -0.001100675 -0.028513269 -0.080279522 0.000965873 0.999988317 -0.004741049 0.082139492 0.028518150 0.004711578 0.999582171 4.192181587
0.999560118 -0.000981884 -0.029641736 -0.084346116 0.000838839 0.999987960 -0.004837839 0.084893085 0.029646128 0.004810846 0.999548793 4.327638626
0.999521196 -0.001107381 -0.030921701 -0.088356152 0.000977581 0.999990642 -0.004212506 0.086777091 0.030926075 0.004180260 0.999512911 4.466166019
0.999488473 -0.000785226 -0.031969756 -0.093832195 0.000649415 0.999990761 -0.004258262 0.090390198 0.031972799 0.004235323 0.999479771 4.604798317
0.999455631 -0.000735704 -0.032983754 -0.100366920 0.000595767 0.999990761 -0.004252239 0.093330197 0.032986574 0.004230273 0.999446809 4.743800640
0.999411821 -0.001485669 -0.034260791 -0.105195098 0.001342536 0.999990225 -0.004200382 0.096007466 0.034266688 0.004151914 0.999404132 4.888482094
0.999363422 -0.002576583 -0.035579883 -0.108381495 0.002425429 0.999987900 -0.004290793 0.098302335 0.035590503 0.004201766 0.999357641 5.040446758
0.999324620 -0.002775607 -0.036640920 -0.115096800 0.002622707 0.999987721 -0.004220326 0.102292940 0.036652174 0.004121378 0.999319613 5.199789524
