1.000000000 0.000000000 0.000000000 0.000000000 0.000000000 1.000000000 0.000000000 0.000000000 0.000000000 0.000000000 1.000000000 0.000000000
0.999999881 -0.000125662 -0.000467347 0.001585094 0.000125521 0.999999940 -0.000302496 0.000354892 0.000467384 0.000302437 0.999999821 0.003628425
0.999999166 -0.000179253 -0.001276319 0.005335958 0.000179238 1.000000000 -0.000012539 0.000310808 0.001276321 0.000012310 0.999999166 0.008975022
0.999998927 0.000177620 -0.001408733 0.002385664 -0.000176132 0.999999404 0.001055874 -0.000378224 0.001408919 -0.001055625 0.999998391 0.006163069
0.999997556 -0.000002926 -0.002211857 0.004541149 0.000005171 0.999999464 0.001014888 0.000194612 0.002211853 -0.001014897 0.999997020 0.011019065
0.999996901 -0.000240290 -0.002474557 0.004047167 0.000238953 0.999999762 -0.000540925 0.009067875 0.002474687 0.000540332 0.999996722 0.055593926
0.999996901 -0.000239795 -0.002473282 0.002566699 0.000241288 0.999999762 0.000603217 -0.007195034 0.002473137 -0.000603812 0.999996662 0.102123685
0.999997199 0.000095267 -0.002330678 -0.008239211 -0.000095398 1.000000000 -0.000056413 -0.003586253 0.002330672 0.000056635 0.999997258 0.153555229
0.999995589 0.000415795 -0.002907376 -0.007178208 -0.000421190 0.999998152 -0.001855145 0.008889720 0.002906599 0.001856361 0.999994040 0.205969989
0.999991298 -0.000145221 -0.004149669 -0.007134348 0.000142379 0.999999642 -0.000685223 -0.006992703 0.004149768 0.000684626 0.999991059 0.261665702
0.999989033 0.000094964 -0.004672599 -0.013774783 -0.000104033 0.999998093 -0.001940617 -0.007254329 0.004672407 0.001941082 0.999987185 0.326825947
0.999984086 -0.000085254 -0.005640335 -0.018816762 0.000071511 0.999996960 -0.002436719 -0.009206435 0.005640526 0.002436277 0.999981105 0.397835642
0.999979436 0.000115263 -0.006432475 -0.026520284 -0.000132188 0.999996543 -0.002630886 -0.011081873 0.006432150 0.002631682 0.999975801 0.474199980
0.999973238 -0.000017057 -0.007321716 -0.032382507 -0.000006723 0.999994755 -0.003247831 -0.013961802 0.007321733 0.003247794 0.999967933 0.561474383
0.999959767 -0.000342827 -0.008972950 -0.034954164 0.000309085 0.999992847 -0.003761471 -0.014268214 0.008974177 0.003758546 0.999952674 0.664000630
0.999944270 -0.000890644 -0.010521473 -0.037657246 0.000851941 0.999992967 -0.003682429 -0.020616122 0.010524678 0.003673259 0.999937892 0.760243416
0.999924839 -0.000561734 -0.012248266 -0.045418665 0.000511309 0.999991357 -0.004119618 -0.025667852 0.012250476 0.004113046 0.999916553 0.873756588
0.999899566 -0.000383751 -0.014168117 -0.049410902 0.000311587 0.999986947 -0.005095236 -0.030500995 0.014169890 0.005090310 0.999886692 0.991599202
0.999871135 -0.000070213 -0.016049532 -0.059866559 -0.000022353 0.999983370 -0.005767237 -0.034185700 0.016049674 0.005766854 0.999854505 1.124974012
0.999831319 -0.000467150 -0.018358950 -0.065063402 0.000347238 0.999978602 -0.006534175 -0.040884130 0.018361609 0.006526698 0.999810159 1.264834285
0.999783993 -0.000257087 -0.020783540 -0.072457433 0.000112966 0.999975920 -0.006935243 -0.046784475 0.020784823 0.006931396 0.999759972 1.412530899
0.999723971 -0.000422075 -0.023488339 -0.079208277 0.000235108 0.999968231 -0.007962203 -0.050212201 0.023490954 0.007954482 0.999692440 1.580206275
0.999677300 -0.000181286 -0.025405668 -0.098921984 -0.000027136 0.999966323 -0.008203181 -0.054327659 0.025406303 0.008201222 0.999643564 1.761535883
0.999605834 0.000373090 -0.028075628 -0.108631238 -0.000617716 0.999961913 -0.008704956 -0.064919934 0.028071312 0.008718866 0.999567926 1.944852352
0.999506712 0.000026450 -0.031405084 -0.114725038 -0.000322757 0.999955475 -0.009429977 -0.077671289 0.031403430 0.009435461 0.999462306 2.144857883
0.999470174 0.000524513 -0.032542132 -0.135547534 -0.000850649 0.999949574 -0.010008935 -0.078394577 0.032535233 0.010031315 0.999420166 2.351807594
0.999405682 0.000833483 -0.034461971 -0.151741549 -0.001173432 0.999950886 -0.009845420 -0.087992489 0.034452070 0.009880006 0.999357522 2.573903799
0.999330819 0.001050485 -0.036562271 -0.155255303 -0.001439325 0.999942601 -0.010610292 -0.098160669 0.036549028 0.010655818 0.999275029 2.803632259
0.999299943 0.001089923 -0.037394721 -0.172006652 -0.001506888 0.999936998 -0.011124012 -0.109629333 0.037380241 0.011172575 0.999238670 3.049196720
0.999299049 0.001280799 -0.037413452 -0.195248589 -0.001703703 0.999934971 -0.011273846 -0.117635369 0.037396580 0.011329685 0.999236286 3.308039904
0.999280274 0.000739213 -0.037925657 -0.212924972 -0.001197570 0.999926507 -0.012064383 -0.114916697 0.037913952 0.012101118 0.999207735 3.567092419
0.999268115 0.001054301 -0.038236480 -0.224971414 -0.001531693 0.999921143 -0.012458098 -0.125613630 0.038220331 0.012507550 0.999191046 3.848923683
0.999291956 0.001278075 -0.037601892 -0.244585037 -0.001754784 0.999918461 -0.012647526 -0.144815788 0.037582673 0.012704556 0.999212682 4.095685959
0.999295533 0.001374010 -0.037502125 -0.260245323 -0.001871161 0.999910831 -0.013224733 -0.150363892 0.037480611 0.013285589 0.999208987 4.372751713
0.999351501 0.001348725 -0.035983101 -0.278669566 -0.001802213 0.999919355 -0.012573367 -0.168260962 0.035963234 0.012630063 0.999273300 4.679918766
0.999374211 0.002510120 -0.035284761 -0.290301651 -0.002956860 0.999916077 -0.012614496 -0.186004907 0.035250135 0.012710933 0.999297738 4.976131439
0.999403834 0.001036895 -0.034507547 -0.315862000 -0.001496839 0.999910355 -0.013305631 -0.187716812 0.034490660 0.013349353 0.999315798 5.280746937
0.999396086 0.001521135 -0.034713153 -0.321864367 -0.001959224 0.999918818 -0.012589738 -0.204456463 0.034691185 0.012650149 0.999318004 5.593096256
0.999425709 0.000635873 -0.033879261 -0.339687169 -0.001065935 0.999919057 -0.012677399 -0.214771464 0.033868466 0.012706233 0.999345481 5.917926311
0.999433696 0.001288749 -0.033623163 -0.354329348 -0.001708971 0.999920726 -0.012472268 -0.229865566 0.033604432 0.012522667 0.999356806 6.255321980
0.999456823 0.001209456 -0.032936528 -0.368721157 -0.001620627 0.999921083 -0.012459897 -0.243889123 0.032918863 0.012506505 0.999379754 6.580608845
0.999504805 0.001734774 -0.031421024 -0.393044710 -0.002099038 0.999931037 -0.011563720 -0.254503489 0.031398796 0.011623947 0.999439299 6.917301655
0.999510229 0.000304469 -0.031292249 -0.403497875 -0.000634058 0.999944448 -0.010523231 -0.275286615 0.031287301 0.010537917 0.999454975 7.259639263
0.999505162 -0.000260969 -0.031453516 -0.411603630 -0.000044959 0.999952674 -0.009725256 -0.290255636 0.031454567 0.009721857 0.999457896 7.618526936
0.999544621 0.000028358 -0.030175027 -0.435997069 -0.000322999 0.999952316 -0.009759579 -0.299279839 0.030173304 0.009764882 0.999496996 7.968674183
0.999617577 -0.000168751 -0.027650593 -0.470229685 -0.000150052 0.999933541 -0.011527214 -0.314084888 0.027650705 0.011526955 0.999551237 8.331113815
0.999573827 0.000543086 -0.029185539 -0.466172040 -0.000825648 0.999952912 -0.009670391 -0.333113313 0.029178910 0.009690365 0.999527216 8.706908226
0.999578178 -0.000002747 -0.029042648 -0.477695912 -0.000288415 0.999949753 -0.010021128 -0.348141879 0.029041216 0.010025280 0.999527931 9.086682320
0.999608040 -0.000011735 -0.027996546 -0.501076281 -0.000261086 0.999952495 -0.009741141 -0.362971663 0.027995333 0.009744633 0.999560475 9.473361015
0.999625444 0.000662138 -0.027358510 -0.516886652 -0.000923120 0.999954164 -0.009527805 -0.375538111 0.027350947 0.009549490 0.999580264 9.856382370
0.999635458 0.001826450 -0.026936272 -0.535433888 -0.002085519 0.999951839 -0.009592923 -0.388207406 0.026917445 0.009645602 0.999591231 10.250885010
0.999660432 0.002762998 -0.025911350 -0.555393815 -0.002987019 0.999958456 -0.008610959 -0.404034108 0.025886478 0.008685433 0.999627173 10.655339241
0.999665082 0.004937095 -0.025401974 -0.577140391 -0.005168655 0.999945641 -0.009058287 -0.420092255 0.025355872 0.009186549 0.999636233 11.064443588
0.999657631 0.004603659 -0.025755841 -0.589232564 -0.004804673 0.999958456 -0.007748135 -0.434939176 0.025719101 0.007869232 0.999638200 11.474507332
0.999671042 0.003742553 -0.025373828 -0.609654248 -0.003973847 0.999950886 -0.009071125 -0.450580508 0.025338633 0.009168972 0.999636829 11.887715340
0.999679744 0.002462489 -0.025191421 -0.627768278 -0.002717108 0.999945521 -0.010078084 -0.466001332 0.025165234 0.010143301 0.999631822 12.301341057
0.999678671 0.002404473 -0.025233351 -0.644903243 -0.002635597 0.999954820 -0.009130204 -0.487200856 0.025210258 0.009193775 0.999639869 12.726034164
0.999670804 0.002722380 -0.025516618 -0.668754995 -0.002964452 0.999950945 -0.009453831 -0.501248717 0.025489636 0.009526359 0.999629676 13.161915779
0.999643326 0.004256087 -0.026365427 -0.685607791 -0.004483107 0.999953330 -0.008557403 -0.521023750 0.026327776 0.008672551 0.999615729 13.580546379
0.999643445 0.005556275 -0.026117750 -0.715762734 -0.005813880 0.999935091 -0.009797669 -0.536556721 0.026061615 0.009946020 0.999610841 14.008984566
0.999570847 0.005395252 -0.028792461 -0.734567583 -0.005718873 0.999921262 -0.011169278 -0.552565455 0.028729936 0.011329146 0.999522924 14.463030815
0.999524951 0.002486669 -0.030723279 -0.749933362 -0.002830411 0.999933839 -0.011149877 -0.568288624 0.030693525 0.011231541 0.999465764 14.899800301
0.999491930 0.002504806 -0.031775206 -0.780649185 -0.002872034 0.999929547 -0.011516660 -0.589674115 0.031744111 0.011602066 0.999428689 15.328204155
0.999388278 0.002341674 -0.034893528 -0.801337540 -0.002733608 0.999933660 -0.011188775 -0.604504287 0.034865022 0.011277316 0.999328315 15.778701782
0.999313056 0.004799814 -0.036747795 -0.835641742 -0.005214867 0.999923646 -0.011207098 -0.622148514 0.036691196 0.011391035 0.999261677 16.217958450
0.999191463 0.005421144 -0.039837934 -0.865082860 -0.005829159 0.999931574 -0.010132837 -0.637716770 0.039780296 0.010356868 0.999154806 16.658721924
0.999065816 0.005533227 -0.042858191 -0.895343065 -0.005800514 0.999964416 -0.006114685 -0.647797465 0.042822838 0.006357573 0.999062538 17.115547180
0.998849511 0.003677567 -0.047813583 -0.932689011 -0.003857616 0.999985814 -0.003673897 -0.662528872 0.047799401 0.003854117 0.998849452 17.580970764
0.998684287 0.002857681 -0.051201429 -0.973212600 -0.002901906 0.999995470 -0.000789413 -0.681646705 0.051198944 0.000936955 0.998688042 18.059680939
0.998441577 0.003975939 -0.055665161 -1.008946061 -0.003972789 0.999992073 0.000167249 -0.697801530 0.055665385 0.000054157 0.998449504 18.516801834
0.998173833 0.004839190 -0.060212839 -1.047409177 -0.004828503 0.999988258 0.000322983 -0.711743116 0.060213700 -0.000031656 0.998185515 18.986824036
0.997847140 0.004895680 -0.065399602 -1.098706603 -0.004907497 0.999987960 -0.000020043 -0.732300162 0.065398723 0.000340948 0.997859120 19.475467682
0.997591496 0.003713943 -0.069262967 -1.147682905 -0.003850533 0.999990880 -0.001838644 -0.744762301 0.069255501 0.002100915 0.997596741 19.963531494
0.997258425 0.004335065 -0.073871680 -1.190294623 -0.004683980 0.999978602 -0.004550666 -0.745164573 0.073850386 0.004884202 0.997257352 20.423973083
0.996985495 0.005105411 -0.077420488 -1.248068929 -0.005407006 0.999978542 -0.003686442 -0.766021788 0.077400021 0.004093942 0.996991694 20.922489166
0.996517301 0.005987149 -0.083171137 -1.303967595 -0.006186259 0.999978602 -0.002136480 -0.777570009 0.083156578 0.002643558 0.996532977 21.407249451
0.996152639 0.007389409 -0.087324314 -1.363036871 -0.007524272 0.999970913 -0.001215326 -0.792226732 0.087312810 0.001867702 0.996179163 21.903858185
0.995677471 0.009950889 -0.092343479 -1.417375088 -0.010223337 0.999944687 -0.002477798 -0.801902771 0.092313707 0.003411147 0.995724142 22.403392792
0.995263577 0.010273049 -0.096668974 -1.481254816 -0.010589385 0.999940097 -0.002759930 -0.828394294 0.096634828 0.003770523 0.995312750 22.915658951
0.994804502 0.011159874 -0.101190247 -1.545560837 -0.011392484 0.999933600 -0.001721125 -0.841048658 0.101164334 0.002864992 0.994865537 23.414581299
0.994461358 0.011769345 -0.104441784 -1.623673439 -0.011968195 0.999927580 -0.001277410 -0.858257353 0.104419217 0.002520315 0.994530022 23.933464050
0.994021237 0.014402921 -0.108232684 -1.682065725 -0.014606296 0.999892712 -0.001086476 -0.871545911 0.108205423 0.002660859 0.994125009 24.435134888
0.993758559 0.016350182 -0.110347331 -1.760708809 -0.016524253 0.999863267 -0.000663125 -0.892333567 0.110321410 0.002482394 0.993892848 24.951919556
0.993421853 0.017377920 -0.113185689 -1.827040076 -0.017742161 0.999840081 -0.002211495 -0.902332008 0.113129184 0.004205105 0.993571401 25.477560043
0.993216932 0.017917976 -0.114886329 -1.900214911 -0.018595329 0.999815345 -0.004826723 -0.908915043 0.114778645 0.006930332 0.993366957 25.999382019
0.993086934 0.017906759 -0.116006628 -1.972712755 -0.018547753 0.999818087 -0.004448309 -0.937363207 0.115905873 0.006569221 0.993238449 26.543569565
0.993084848 0.019149853 -0.115826495 -2.050289631 -0.019694511 0.999799728 -0.003559678 -0.956740856 0.115735121 0.005816210 0.993263066 27.085929871
0.992991209 0.019068763 -0.116639249 -2.124236822 -0.019789530 0.999791503 -0.005024405 -0.968741536 0.116519101 0.007297426 0.993161619 27.635286331
0.993065000 0.019770427 -0.115892582 -2.197308779 -0.020577045 0.999771714 -0.005767690 -0.985673130 0.115752086 0.008112418 0.993244946 28.177026749
0.993027329 0.021045130 -0.115990765 -2.268456459 -0.021851860 0.999744952 -0.005687795 -1.005768657 0.115841500 0.008182749 0.993233919 28.730228424
0.993094146 0.021540055 -0.115325905 -2.341190815 -0.022289580 0.999737978 -0.005213402 -1.023519874 0.115183376 0.007747964 0.993314028 29.290315628
0.993300438 0.021723546 -0.113500260 -2.420293570 -0.022519071 0.999729931 -0.005731446 -1.036985993 0.113345101 0.008248967 0.993521452 29.857433319
0.993547916 0.021729644 -0.111311965 -2.489111662 -0.022636287 0.999719977 -0.006887616 -1.060435295 0.111131139 0.009362865 0.993761659 30.410575867
0.993771315 0.023237022 -0.108988658 -2.563038111 -0.023968071 0.999698102 -0.005402143 -1.079921603 0.108830243 0.007980742 0.994028330 30.975000381
0.994017303 0.023155022 -0.106739670 -2.627473116 -0.023814989 0.999704301 -0.004912270 -1.098358274 0.106594354 0.007424885 0.994274855 31.541999817
0.994234979 0.024676081 -0.104345076 -2.693741322 -0.025513880 0.999652028 -0.006701778 -1.114113808 0.104143389 0.009325392 0.994518578 32.121662140
0.994530559 0.024997659 -0.101409666 -2.757737160 -0.025784820 0.999646664 -0.006458623 -1.131186366 0.101212375 0.009038130 0.994823813 32.699798584
0.994882166 0.023688957 -0.098225653 -2.821495771 -0.024360962 0.999687195 -0.005647609 -1.151071072 0.098061144 0.008011576 0.995148063 33.282417297
0.995238662 0.024208400 -0.094413936 -2.886878014 -0.024734419 0.999684334 -0.004404942 -1.172217250 0.094277494 0.006719241 0.995523274 33.877223969
0.995606720 0.025930168 -0.089972831 -2.944750547 -0.026271496 0.999651432 -0.002611239 -1.190293789 0.089873746 0.004963487 0.995940804 34.460128784
0.995975137 0.028135017 -0.085099861 -3.006706238 -0.028474733 0.999590635 -0.002780570 -1.209615111 0.084986791 0.005192573 0.996368527 35.053249359
0.996414483 0.029303379 -0.079369515 -3.058393478 -0.029588349 0.999559224 -0.002416524 -1.229809999 0.079263709 0.004756274 0.996842265 35.653720856
0.996923983 0.029228428 -0.072719321 -3.098975658 -0.029435491 0.999565125 -0.001777162 -1.255902410 0.072635755 0.003912224 0.997350872 36.251186371
0.997346222 0.029468736 -0.066573933 -3.135038376 -0.029587952 0.999561846 -0.000805260 -1.275528431 0.066521041 0.002772909 0.997781098 36.854515076
0.997840643 0.031057952 -0.057874717 -3.189726114 -0.031291265 0.999505460 -0.003129221 -1.292284846 0.057748917 0.004933436 0.998318911 37.463706970
0.998154163 0.029955629 -0.052828677 -3.220808744 -0.030173421 0.999539256 -0.003329743 -1.312391520 0.052704599 0.004917621 0.998597980 38.073638916
0.998513520 0.030015860 -0.045494232 -3.258689880 -0.030228950 0.999535024 -0.004002970 -1.327418089 0.045352928 0.005372263 0.998956561 38.693153381
0.998722792 0.030401528 -0.040355720 -3.285481930 -0.030603833 0.999521911 -0.004404651 -1.348372340 0.040202517 0.005634066 0.999175668 39.300220490
0.998974323 0.031383749 -0.032643408 -3.318421364 -0.031591911 0.999483585 -0.005880638 -1.371876717 0.032441992 0.006905873 0.999449670 39.919502258
0.999150574 0.030596955 -0.027601559 -3.328058243 -0.030718518 0.999520063 -0.003990903 -1.387850642 0.027466206 0.004835392 0.999611020 40.526935577
0.999289095 0.031373568 -0.020903137 -3.335964680 -0.031423751 0.999504030 -0.002076647 -1.407893419 0.020827614 0.002732026 0.999779344 41.144359589
0.999374270 0.032050740 -0.014955280 -3.349944592 -0.032080691 0.999483705 -0.001767499 -1.421792626 0.014890909 0.002246169 0.999886513 41.752376556
0.999438941 0.032621726 -0.007589904 -3.361149073 -0.032633722 0.999466300 -0.001461953 -1.447693706 0.007538161 0.001708820 0.999970078 42.386238098
0.999498308 0.031526484 -0.003026375 -3.362519026 -0.031533018 0.999500453 -0.002136125 -1.466962576 0.002957518 0.002230484 0.999993145 43.006546021
0.999518871 0.030857751 0.003117259 -3.355553150 -0.030846916 0.999518096 -0.003467006 -1.486519337 -0.003222740 0.003369180 0.999989152 43.629272461
0.999481022 0.030682839 0.009812222 -3.353116751 -0.030633159 0.999517322 -0.005173917 -1.505873561 -0.009966236 0.004870653 0.999938488 44.264781952
0.999388397 0.031038603 0.016109776 -3.339500427 -0.030955825 0.999506474 -0.005362757 -1.529095650 -0.016268276 0.004860785 0.999855876 44.904399872
0.999266803 0.031182241 0.022212273 -3.342052937 -0.031066785 0.999502063 -0.005524294 -1.549006104 -0.022373471 0.004830181 0.999737978 45.553855896
0.999155998 0.030058680 0.027993843 -3.318215609 -0.029916462 0.999537289 -0.005485630 -1.572346687 -0.028145781 0.004643524 0.999593019 46.202281952
0.998991013 0.029217446 0.034106240 -3.303461552 -0.029011305 0.999557793 -0.006523658 -1.591203451 -0.034281760 0.005527609 0.999396920 46.852428436
0.998801768 0.028816015 0.039554931 -3.273741007 -0.028606478 0.999573588 -0.005853350 -1.625093460 -0.039706741 0.004714809 0.999200284 47.508190155
0.998704672 0.026818609 0.043240048 -3.248399973 -0.026546234 0.999624014 -0.006861175 -1.646552801 -0.043407805 0.005704428 0.999041140 48.123985291
0.998457611 0.028332854 0.047745474 -3.220963240 -0.028023740 0.999581695 -0.007131308 -1.681248903 -0.047927562 0.005782302 0.998834074 48.789413452
0.998276651 0.027256429 0.051969226 -3.212430239 -0.026871623 0.999606133 -0.008089059 -1.691485405 -0.052169245 0.006678621 0.998615921 49.382968903
0.998157799 0.027232727 0.054215237 -3.161913872 -0.026941618 0.999618411 -0.006093263 -1.720678806 -0.054360487 0.004621391 0.998510659 50.061847687
0.997845769 0.027236873 0.059682872 -3.147698641 -0.026817776 0.999609768 -0.007812071 -1.743382096 -0.059872359 0.006194681 0.998186827 50.704708099
0.997650564 0.026788557 0.063053235 -3.124006748 -0.026190665 0.999603987 -0.010289998 -1.763731241 -0.063303925 0.008614416 0.997957110 51.343597412
0.997439027 0.025979934 0.066635892 -3.078493834 -0.025412099 0.999633312 -0.009355100 -1.792378306 -0.066854514 0.007637784 0.997733474 51.988536835
0.997275770 0.025846349 0.069086522 -3.044526577 -0.025064960 0.999611974 -0.012153493 -1.813530445 -0.069373831 0.010388734 0.997536600 52.662494659
0.997035742 0.026033202 0.072401389 -2.999410152 -0.025331629 0.999623001 -0.010591631 -1.841791749 -0.072649829 0.008726191 0.997319341 53.324943542
0.996896267 0.026581896 0.074102461 -2.946896315 -0.025877772 0.999610603 -0.010446225 -1.859921336 -0.074351273 0.008496196 0.997195959 53.984821320
0.996653497 0.025982087 0.077503145 -2.930037498 -0.025553357 0.999652147 -0.006518559 -1.881715536 -0.077645570 0.004516278 0.996970773 54.644966125
0.996421397 0.025912663 0.080454454 -2.878582478 -0.025402382 0.999650121 -0.007359688 -1.912601948 -0.080617033 0.005289617 0.996731043 55.328872681
0.996228755 0.025235958 0.083014220 -2.829580307 -0.024614606 0.999660850 -0.008499992 -1.923157454 -0.083200559 0.006424573 0.996512055 56.025680542
0.996056974 0.026140312 0.084777460 -2.789737701 -0.025453363 0.999633849 -0.009173916 -1.957041979 -0.084986232 0.006979871 0.996357679 56.686710358
0.995878816 0.026074866 0.086864337 -2.728642941 -0.025691932 0.999654531 -0.005523673 -1.999812484 -0.086978361 0.003269197 0.996204913 57.369861603
0.995697737 0.025611097 0.089051336 -2.686812401 -0.025096936 0.999661267 -0.006888877 -2.005301952 -0.089197591 0.004624324 0.996003211 58.028369904
0.995551109 0.024367983 0.091017708 -2.624940395 -0.023746610 0.999686658 -0.007903798 -2.031102896 -0.091181807 0.005707272 0.995817900 58.721431732
0.995340765 0.024194896 0.093334630 -2.573580265 -0.023449102 0.999683797 -0.009079169 -2.065519810 -0.093524784 0.006848256 0.995593369 59.422336578
0.994900763 0.025805648 0.097501718 -2.530429363 -0.025100602 0.999649227 -0.008450999 -2.084366798 -0.097685605 0.005960552 0.995199442 60.111457825
0.994711816 0.026646651 0.099188291 -2.474280834 -0.025798267 0.999618888 -0.009826305 -2.105128765 -0.099412329 0.007215455 0.995020092 60.823505402
0.994842827 0.023087310 0.098765738 -2.413622856 -0.022353293 0.999713719 -0.008532198 -2.142644882 -0.098934464 0.006280457 0.995074153 61.496875763
0.994860351 0.023126299 0.098580346 -2.357346535 -0.022403823 0.999713480 -0.008429680 -2.174178362 -0.098747037 0.006177779 0.995093346 62.210815430
0.994782150 0.024285769 0.099089958 -2.298554420 -0.023425747 0.999677181 -0.009833686 -2.200245142 -0.099296793 0.007461119 0.995029867 62.924285889
0.994931340 0.024201104 0.097600698 -2.250031948 -0.023318568 0.999676347 -0.010173040 -2.212680817 -0.097815305 0.007845570 0.995173633 63.597671509
0.995017171 0.023155108 0.096977815 -2.196058750 -0.022647105 0.999723434 -0.006335943 -2.247939110 -0.097097702 0.004108105 0.995266378 64.321403503
0.995208263 0.022800583 0.095082372 -2.137126923 -0.022389269 0.999734759 -0.005390636 -2.267550945 -0.095180087 0.003235981 0.995454788 65.048202515
0.995354772 0.022310551 0.093654394 -2.078310490 -0.022033378 0.999749124 -0.003992673 -2.290890217 -0.093719997 0.001910603 0.995596707 65.766830444
0.995385826 0.023933403 0.092919961 -2.035307884 -0.023566229 0.999709547 -0.005046904 -2.306529999 -0.093013763 0.002833844 0.995660722 66.499481201
0.995631278 0.022456070 0.090631224 -1.973882675 -0.022142330 0.999744833 -0.004465773 -2.319899797 -0.090708390 0.002439477 0.995874524 67.228637695
0.995864749 0.021262549 0.088325053 -1.926194668 -0.020943040 0.999770343 -0.004542629 -2.339477539 -0.088401347 0.002674048 0.996081471 67.936256409
0.995927632 0.022497913 0.087304145 -1.882286072 -0.022419939 0.999746859 -0.001873709 -2.362081051 -0.087324202 -0.000091275 0.996179938 68.652091980
0.996110260 0.022523496 0.085188277 -1.835347176 -0.022307562 0.999745011 -0.003485984 -2.360659599 -0.085245073 0.001572081 0.996358752 69.365982056
0.996293783 0.020739933 0.083479404 -1.802328587 -0.020647524 0.999784887 -0.001970251 -2.400820017 -0.083502315 0.000239305 0.996507525 70.089454651
0.996494055 0.020695213 0.081063643 -1.756527424 -0.020579010 0.999785662 -0.002268781 -2.406502008 -0.081093237 0.000592617 0.996706367 70.783798218
0.996703327 0.020515123 0.078494832 -1.710072517 -0.020500319 0.999789357 -0.000994543 -2.437484980 -0.078498691 -0.000617905 0.996914029 71.481292725
0.996923625 0.019995766 0.075785398 -1.668061256 -0.020047059 0.999798954 -0.000083959 -2.456240416 -0.075771831 -0.001435573 0.997124135 72.150360107
0.997235000 0.018437602 0.071987905 -1.603128910 -0.018483698 0.999829173 -0.000025793 -2.484677553 -0.071976081 -0.001304881 0.997405469 72.824958801
0.997004211 0.025508251 0.073020391 -1.762876511 -0.025544990 0.999673605 -0.000430862 -2.518196106 -0.073007546 -0.001435734 0.997330368 73.039100647
0.997384965 0.023462081 0.068357259 -1.609741688 -0.023526993 0.999723196 0.000144560 -2.548562050 -0.068334945 -0.001752423 0.997660875 73.940750122
0.997211516 0.028883861 0.068810955 -1.732709885 -0.028796049 0.999582708 -0.002267924 -2.474954128 -0.068847761 0.000280116 0.997627079 74.480674744
0.997577846 0.026422987 0.064344972 -1.699731350 -0.026344266 0.999650717 -0.002071733 -2.511102676 -0.064377241 0.000371594 0.997925580 75.132255554
0.997678816 0.028560175 0.061816581 -1.633377552 -0.028469184 0.999591827 -0.002352443 -2.560266495 -0.061858546 0.000587115 0.998084724 75.745597839
0.997742295 0.030070171 0.060048811 -1.668740273 -0.029934615 0.999546885 -0.003155861 -2.568475246 -0.060116492 0.001351198 0.998190463 76.416069031
0.998025596 0.028101498 0.056171689 -1.627967834 -0.027939076 0.999602795 -0.003674875 -2.571246147 -0.056252651 0.002098234 0.998414338 76.989799500
0.998165786 0.028494470 0.053414002 -1.613731861 -0.028235771 0.999585629 -0.005591788 -2.595010042 -0.053551212 0.004073347 0.998556733 77.587394714
0.998306811 0.028712314 0.050587516 -1.576722860 -0.028453812 0.999578118 -0.005822980 -2.649596691 -0.050733373 0.004373713 0.998702586 78.021926880
0.998432636 0.028400572 0.048224803 -1.586463451 -0.028048778 0.999574900 -0.007956122 -2.650356293 -0.048430268 0.006591005 0.998804808 78.694473267
0.998559415 0.028856089 0.045236062 -1.575782299 -0.028497364 0.999557197 -0.008555099 -2.656499386 -0.045462910 0.007253667 0.998939633 79.246780396
0.998709619 0.027449057 0.042728022 -1.568119049 -0.027017450 0.999578238 -0.010646297 -2.685351610 -0.043002222 0.009478157 0.999030113 79.761032104
0.998829663 0.027124600 0.040044550 -1.574222326 -0.026698302 0.999581456 -0.011142323 -2.721225977 -0.040330019 0.010060160 0.999135792 80.286872864
0.998924136 0.029296128 0.035948910 -1.562977791 -0.028869305 0.999507010 -0.012335371 -2.733206987 -0.036292568 0.011284280 0.999277472 80.845962524
0.999027550 0.029899297 0.032402188 -1.559752941 -0.029503770 0.999485016 -0.012616994 -2.758252859 -0.032762736 0.011648741 0.999395251 81.400756836
0.999166608 0.028889319 0.028835297 -1.554705381 -0.028505158 0.999500632 -0.013645860 -2.775011063 -0.029215114 0.012812533 0.999491036 81.941505432
0.999286711 0.028136265 0.025187150 -1.557776213 -0.027824396 0.999532759 -0.012648150 -2.813264847 -0.025531251 0.011938312 0.999602675 82.429542542
0.999327898 0.028684454 0.022824289 -1.566191196 -0.028370410 0.999499917 -0.013966072 -2.819283485 -0.023213485 0.013309151 0.999641955 82.961845398
0.999385655 0.029394621 0.019082006 -1.560729980 -0.029150968 0.999491453 -0.012923605 -2.840436935 -0.019452184 0.012359408 0.999734402 83.489540100
0.999443412 0.029147614 0.016226143 -1.577483654 -0.028969267 0.999518394 -0.011119889 -2.862797499 -0.016542450 0.010643640 0.999806464 84.012290955
0.999449790 0.030221252 0.013667626 -1.586997747 -0.030090049 0.999500096 -0.009705537 -2.878227234 -0.013954108 0.009288936 0.999859512 84.514335632
0.999471128 0.030833473 0.010332717 -1.590256929 -0.030722810 0.999470651 -0.010702983 -2.901037693 -0.010657256 0.010379870 0.999889314 85.024803162
0.999435961 0.032810748 0.007144360 -1.591011286 -0.032743447 0.999420166 -0.009341106 -2.925272942 -0.007446705 0.009101907 0.999930859 85.532394409
0.999435186 0.033370804 0.003948300 -1.602828979 -0.033326115 0.999385238 -0.010888015 -2.944140434 -0.004309214 0.010750284 0.999932945 86.025794983
0.999451935 0.033068430 0.001494515 -1.624143839 -0.033049025 0.999387085 -0.011539324 -2.965267420 -0.001875185 0.011483608 0.999932289 86.489128113
0.999437392 0.033523157 -0.001051036 -1.631405115 -0.033534702 0.999336898 -0.014183728 -2.979743004 0.000574857 0.014210996 0.999898851 86.980705261
0.999375463 0.035225105 -0.002811128 -1.649916887 -0.035255458 0.999311149 -0.011599462 -3.002870560 0.002400599 0.011691327 0.999928772 87.448921204
0.999304652 0.037093822 -0.003771471 -1.665519357 -0.037129298 0.999262214 -0.009816901 -3.016354561 0.003404542 0.009950106 0.999944687 87.920989990
0.999241650 0.038774129 -0.003602387 -1.674894094 -0.038805991 0.999203980 -0.009239028 -3.038335800 0.003241285 0.009371813 0.999950826 88.388053894
0.999230802 0.039114390 -0.002785902 -1.695811868 -0.039138503 0.999191403 -0.009203774 -3.053627014 0.002423652 0.009305731 0.999953747 88.874633789
0.999234319 0.039030831 -0.002762818 -1.695800781 -0.039049514 0.999212265 -0.007063445 -3.081308842 0.002484950 0.007165922 0.999971151 89.334449768
0.999211311 0.039664857 -0.001849054 -1.708585501 -0.039677776 0.999183834 -0.007570206 -3.097212315 0.001547274 0.007637600 0.999969661 89.795127869
0.999107301 0.042241856 -0.000409760 -1.722757578 -0.042243842 0.999064445 -0.009255079 -3.105712175 0.000018423 0.009264127 0.999957025 90.237091064
0.999028862 0.044038091 0.001347041 -1.735847473 -0.044021651 0.998975873 -0.010454430 -3.113828182 -0.001806056 0.010384981 0.999944448 90.644783020
0.998964548 0.045359075 0.003520387 -1.751463652 -0.045318883 0.998914599 -0.010761637 -3.140705585 -0.004004704 0.010590956 0.999935806 91.067855835
0.998988926 0.044670451 0.005064975 -1.733634114 -0.044612516 0.998943508 -0.011026156 -3.162347794 -0.005552168 0.010789048 0.999926388 91.504570007
0.998929977 0.045510795 0.008225024 -1.738426924 -0.045416299 0.998903990 -0.011331434 -3.175642014 -0.008731711 0.010945761 0.999901950 91.909439087
0.998856962 0.046382356 0.011551735 -1.731628895 -0.046229091 0.998843670 -0.013199129 -3.195390463 -0.012150585 0.012650016 0.999846101 92.336204529
0.998591304 0.050240736 0.017063878 -1.755899549 -0.050007321 0.998652935 -0.013841252 -3.200446606 -0.017736288 0.012968436 0.999758542 92.732757568
0.998422921 0.051778141 0.021694411 -1.740299940 -0.051489614 0.998580158 -0.013653697 -3.224833012 -0.022370571 0.012515128 0.999671400 93.139190674
0.998165607 0.053694572 0.027965140 -1.756147623 -0.053380638 0.998503864 -0.011854392 -3.232561111 -0.028559813 0.010339851 0.999538600 93.540733337
0.997907341 0.054531269 0.034744237 -1.730698347 -0.054195382 0.998474717 -0.010537754 -3.240600586 -0.035265878 0.008632727 0.999340653 93.938629150
0.997462332 0.057100762 0.042525176 -1.727823257 -0.056674730 0.998330355 -0.011158402 -3.260955334 -0.043091331 0.008719982 0.999033034 94.319847107
0.997072518 0.057242557 0.050690722 -1.710794926 -0.056746803 0.998326123 -0.011166903 -3.271334648 -0.051245090 0.008257677 0.998651981 94.726600647
0.996483028 0.058547512 0.059947580 -1.686143875 -0.058106542 0.998269141 -0.009074477 -3.285017490 -0.060375109 0.005559216 0.998160243 95.127998352
0.995721340 0.059926696 0.070340455 -1.667547703 -0.059465714 0.998193026 -0.008631261 -3.287518501 -0.070730597 0.004411485 0.997485697 95.443061829
0.994821131 0.061484795 0.080934577 -1.632155895 -0.061005782 0.998102188 -0.008380428 -3.310219288 -0.081296250 0.003399549 0.996684313 95.786361694
0.993791342 0.061368708 0.092804529 -1.589431763 -0.060575694 0.998099208 -0.011340611 -3.324751616 -0.093324080 0.005648503 0.995619774 96.167839050
0.992455721 0.060975995 0.106364809 -1.537399292 -0.059957173 0.998119473 -0.012753103 -3.344740391 -0.106942415 0.006279557 0.994245410 96.522087097
0.990808845 0.060917765 0.120776027 -1.477132797 -0.059741158 0.998124659 -0.013342577 -3.363729954 -0.121362336 0.006004644 0.992590129 96.888740540
0.988796532 0.060959402 0.136254892 -1.423245430 -0.059555423 0.998121619 -0.014360688 -3.383666992 -0.136874408 0.006085080 0.990569651 97.247795105
0.986372292 0.062076867 0.152369380 -1.352421761 -0.060159378 0.998041153 -0.017167084 -3.400813103 -0.153136611 0.007766685 0.988174498 97.598114014
0.983236492 0.063840888 0.170793369 -1.287458420 -0.061281495 0.997915685 -0.020221025 -3.411154747 -0.171728313 0.009415575 0.985099375 97.928756714
0.980018795 0.062479574 0.188837200 -1.201690674 -0.059451886 0.997996151 -0.021661032 -3.432634354 -0.189812168 0.010001491 0.981769502 98.268646240
0.976441085 0.059222322 0.207498297 -1.110643387 -0.055867366 0.998195887 -0.021996735 -3.453941822 -0.208426639 0.009886133 0.977988064 98.594444275
0.972384572 0.055421375 0.226708263 -1.010656357 -0.051958814 0.998423696 -0.021217013 -3.471745253 -0.227526829 0.008851604 0.973731518 98.924530029
0.967997909 0.052700002 0.245362446 -0.912851334 -0.048762877 0.998565912 -0.022098174 -3.487710476 -0.246175110 0.009426410 0.969179511 99.263809204
0.962996542 0.052987561 0.264253527 -0.802919388 -0.048766434 0.998556435 -0.022513097 -3.510451317 -0.265064985 0.008793333 0.964190483 99.576248169
0.957387328 0.053135112 0.283876806 -0.690961838 -0.048640411 0.998554647 -0.022864114 -3.529912710 -0.284681350 0.008081929 0.958588123 99.888656616
0.951046586 0.052568704 0.304543644 -0.564157486 -0.047719609 0.998587847 -0.023349335 -3.552446127 -0.305341095 0.007673603 0.952212095 100.209350586
0.943836629 0.051854689 0.326318026 -0.435674667 -0.046430182 0.998623550 -0.024395876 -3.572113037 -0.327133924 0.007874718 0.944945157 100.521743774
0.935935140 0.050361708 0.348552883 -0.288978577 -0.043893665 0.998686433 -0.026434815 -3.595721722 -0.349426329 0.009442009 0.936916292 100.833244324
0.927469432 0.047953706 0.370811194 -0.131389618 -0.040350530 0.998786390 -0.028239802 -3.624895573 -0.371715248 0.011229126 0.928278863 101.132949829
0.918201685 0.049607448 0.392994642 0.010810852 -0.040867243 0.998696446 -0.030581623 -3.637738943 -0.393999457 0.012019490 0.919032097 101.415229797
0.908229649 0.052124895 0.415213048 0.163993835 -0.042430591 0.998569310 -0.032546140 -3.656328678 -0.416315407 0.011941634 0.909141839 101.706108093
0.897677600 0.052462734 0.437518716 0.333549500 -0.042430062 0.998564780 -0.032681853 -3.680511475 -0.438605338 0.010773822 0.898615181 101.989990234
0.886789799 0.049658980 0.459497333 0.514266968 -0.038863290 0.998701930 -0.032929324 -3.699084759 -0.460536063 0.011343810 0.887568533 102.269042969
0.874645829 0.048639294 0.482316196 0.702865601 -0.036135469 0.998727202 -0.035187807 -3.724464893 -0.483413815 0.013348146 0.875290155 102.540374756
0.861615300 0.047563452 0.505328417 0.884296417 -0.032985985 0.998742163 -0.037762366 -3.749582291 -0.506488919 0.015867874 0.862100422 102.782691956
0.847893596 0.047375999 0.528045416 1.078777313 -0.030925980 0.998723090 -0.039946504 -3.771156311 -0.529263675 0.017540064 0.848276079 103.037826538
0.832956195 0.046075497 0.551417291 1.258907318 -0.026903251 0.998720825 -0.042812102 -3.790184975 -0.552684486 0.020825682 0.833130300 103.283447266
0.817198336 0.046761498 0.574456453 1.469230652 -0.024917683 0.998637795 -0.045843530 -3.816770077 -0.575817645 0.023149135 0.817250371 103.525207520
0.800319612 0.047496296 0.597689331 1.650897980 -0.023161788 0.998562455 -0.048338130 -3.844991684 -0.599125922 0.024842406 0.800269306 103.758224487
0.782967150 0.050474577 0.620011806 1.879421234 -0.023879120 0.998406768 -0.051124178 -3.868783474 -0.621604562 0.025223212 0.782924950 103.997207642
0.763397157 0.053665966 0.643696189 2.106906891 -0.025246862 0.998260140 -0.053284783 -3.885652542 -0.645435870 0.024426138 0.763423800 104.238555908
0.742942333 0.053460427 0.667217255 2.335670471 -0.025222007 0.998333395 -0.051906392 -3.907097816 -0.668880105 0.021734897 0.743052363 104.457664490
0.721018791 0.050598741 0.691065729 2.582237244 -0.024195414 0.998560548 -0.047868915 -3.949341536 -0.692493021 0.017793767 0.721205056 104.662399292
0.699442565 0.047331322 0.713119864 2.845146179 -0.021405783 0.998744428 -0.045293611 -3.964188576 -0.714368284 0.016415393 0.699577332 104.848236084
0.677159190 0.043610044 0.734543085 3.111045837 -0.015962299 0.998877823 -0.044588387 -3.992383003 -0.735663414 0.018468441 0.677095413 105.093902588
0.652888000 0.040713586 0.756359458 3.365478516 -0.013085534 0.999011517 -0.042479742 -4.028645515 -0.757341504 0.017837152 0.652775526 105.284843445
0.628498316 0.038826991 0.776841223 3.636020660 -0.012055577 0.999119520 -0.040183112 -4.057698250 -0.777717590 0.015889753 0.628413081 105.464881897
0.603622854 0.040206768 0.796255648 3.943759918 -0.010693015 0.999045908 -0.042340517 -4.065145493 -0.797198296 0.017043328 0.603477001 105.651657104
0.575422108 0.043418963 0.816703320 4.234409332 -0.011254819 0.998915672 -0.045176279 -4.092314243 -0.817779183 0.016803578 0.575286806 105.820785522
0.546780705 0.045248382 0.836052179 4.547588348 -0.011890842 0.998857617 -0.046282995 -4.108208656 -0.837191403 0.015365289 0.546694160 105.980384827
0.518543601 0.042879306 0.853975356 4.857177734 -0.009139488 0.998962700 -0.044609722 -4.138656139 -0.855002344 0.015327189 0.518397629 106.137199402
0.489144981 0.041293193 0.871224463 5.186473846 -0.007280417 0.999037206 -0.043263540 -4.166979790 -0.872172058 0.014819263 0.488974661 106.274513245
0.458665758 0.039838314 0.887715399 5.504993439 -0.004699077 0.999089301 -0.042408556 -4.195549011 -0.888596475 0.015279910 0.458435208 106.397521973
0.428299665 0.038768619 0.902804732 5.831844330 -0.001047570 0.999099791 -0.042406794 -4.217564106 -0.903636158 0.017217062 0.427954763 106.516540527
0.396304429 0.038909279 0.917294264 6.193859100 0.001746049 0.999067724 -0.043132264 -4.239833355 -0.918117583 0.018695150 0.395867109 106.647003174
0.365220189 0.037983324 0.930145979 6.530883789 0.005728474 0.999056637 -0.043046631 -4.264816284 -0.930903554 0.021049818 0.364658058 106.723480225
0.333878160 0.036892060 0.941893995 6.888278961 0.008384507 0.999078035 -0.042103946 -4.295205116 -0.942578912 0.021954907 0.333261013 106.817092896
0.301941693 0.036879212 0.952612817 7.256425858 0.011091675 0.999047875 -0.042192530 -4.313234329 -0.953261793 0.023305753 0.301245183 106.914154053
0.271745473 0.037441611 0.961640537 7.601968765 0.012642618 0.999017775 -0.042469516 -4.318566322 -0.962286174 0.023698550 0.271005094 106.975143433
0.243853018 0.036813937 0.969113231 7.959465027 0.016154129 0.998986363 -0.042013526 -4.346496105 -0.969677627 0.025900310 0.243011191 107.036613464
0.217451572 0.036683291 0.975381553 8.337879181 0.019882826 0.998919666 -0.042001218 -4.381225109 -0.975868523 0.028526573 0.216487318 107.085449219
0.192535639 0.036243089 0.980620503 8.693922043 0.023181353 0.998870850 -0.041469052 -4.399898052 -0.981016040 0.030716378 0.191478059 107.140800476
0.170784786 0.036676209 0.984625459 9.059175491 0.025585644 0.998804927 -0.041642245 -4.428314209 -0.984976113 0.032304138 0.169642299 107.188529968
0.151679739 0.036471244 0.987756550 9.439510345 0.027459830 0.998777866 -0.041094910 -4.454427242 -0.988048136 0.033356894 0.150492907 107.229667664
0.134564504 0.037122756 0.990209222 9.833452225 0.028004233 0.998756349 -0.041248824 -4.480525017 -0.990509033 0.033280678 0.133357555 107.269454956
0.119283929 0.037612241 0.992147565 10.216582298 0.029130589 0.998719454 -0.041363694 -4.508350849 -0.992432714 0.033835873 0.118035525 107.300804138
0.105257362 0.035454866 0.993812799 10.598285675 0.031721741 0.998735964 -0.038990237 -4.540955544 -0.993938923 0.035629489 0.103999607 107.333396912
0.094209701 0.035402916 0.994922638 11.000815392 0.033761028 0.998679101 -0.038733426 -4.569097996 -0.994979799 0.037238680 0.092890009 107.358657837
0.083499856 0.037000962 0.995820582 11.376573563 0.033597752 0.998637676 -0.039922815 -4.575934410 -0.995941222 0.036790881 0.082142957 107.387908936
0.074684404 0.036997687 0.996520698 11.780380249 0.035116095 0.998594105 -0.039706446 -4.605787754 -0.996588767 0.037959363 0.073280193 107.409339905
0.066531882 0.038471859 0.997042298 12.194379807 0.035433248 0.998535037 -0.040893886 -4.627722263 -0.997154951 0.038049188 0.065071218 107.440010071
0.059897885 0.038527012 0.997460723 12.602142334 0.037202198 0.998474479 -0.040800173 -4.656412125 -0.997511029 0.039551575 0.058373220 107.459739685
0.053828955 0.039890688 0.997753084 13.018841743 0.037617028 0.998411477 -0.041946456 -4.684022427 -0.997841299 0.039790440 0.052242883 107.485252380
0.048313715 0.041149307 0.997984171 13.437335968 0.037661102 0.998365462 -0.042988248 -4.710309505 -0.998121977 0.039662108 0.046685006 107.507736206
0.043432049 0.041205890 0.998206198 13.856946945 0.036546644 0.998414934 -0.042804640 -4.737074375 -0.998387694 0.038340192 0.041857269 107.530685425
