1.000000000 0.000000000 0.000000000 0.000000000 0.000000000 1.000000000 0.000000000 0.000000000 0.000000000 0.000000000 1.000000000 0.000000000
0.999998927 0.000712433 0.001284041 0.001855048 -0.000706587 0.999989390 -0.004547344 -0.002348350 -0.001287267 0.004546432 0.999988854 0.963190198
0.999996483 -0.001514672 0.002172616 0.005789936 0.001526451 0.999984086 -0.005430038 0.000711969 -0.002164357 0.005433335 0.999982893 1.923529863
0.999992609 -0.003128481 0.002237397 0.010475263 0.003131534 0.999994099 -0.001362516 -0.001748368 -0.002233121 0.001369511 0.999996483 2.887670517
0.999983191 -0.005636826 0.001378851 0.017742943 0.005630432 0.999973536 0.004598509 -0.001156025 -0.001404736 -0.004590669 0.999988496 3.845950365
0.999957383 -0.009233944 -0.000137987 0.026459908 0.009234483 0.999946713 0.004611376 0.002958857 0.000095398 -0.004612454 0.999989331 4.793283939
0.999929368 -0.011829091 -0.001168102 0.028444737 0.011831075 0.999928534 0.001706341 0.005609149 0.001147834 -0.001720040 0.999997854 5.732408047
0.999920130 -0.012498146 -0.001891823 0.027655892 0.012494641 0.999920249 -0.001851604 0.009008044 0.001914814 0.001827818 0.999996543 6.664907455
0.999927163 -0.011762337 -0.002705041 0.021364503 0.011756387 0.999928415 -0.002205011 0.006966555 0.002730783 0.002173048 0.999993861 7.598874092
0.999923468 -0.011747553 -0.003863101 0.014361203 0.011746056 0.999930918 -0.000410007 0.005843343 0.003867650 0.000364600 0.999992430 8.539815903
0.999920368 -0.011695800 -0.004743848 0.012202885 0.011707412 0.999928534 0.002427621 0.007545384 0.004715115 -0.002482966 0.999985754 9.470911026
0.999914587 -0.011907587 -0.005376627 -0.000143569 0.011928613 0.999921203 0.003895818 0.010390690 0.005329813 -0.003959621 0.999977946 10.396039009
0.999899745 -0.012784234 -0.006092290 -0.005195625 0.012813472 0.999906600 0.004784803 0.012467049 0.006030552 -0.004862387 0.999970019 11.319108009
0.999891281 -0.013081469 -0.006807862 -0.011731364 0.013114365 0.999902487 0.004809911 0.016245294 0.006744278 -0.004898669 0.999965310 12.239381790
0.999881983 -0.013320979 -0.007661705 -0.013554551 0.013345453 0.999906003 0.003152070 0.021610562 0.007618996 -0.003253946 0.999965727 13.147735596
0.999868751 -0.013466619 -0.009011359 -0.027600117 0.013480593 0.999908030 0.001491592 0.019317504 0.008990444 -0.001612874 0.999958277 14.058715820
0.999831855 -0.015041565 -0.010483051 -0.043928616 0.015041143 0.999886870 -0.000119145 0.026549740 0.010483655 -0.000038552 0.999945045 14.970203400
0.999817133 -0.014674179 -0.012266244 -0.053276971 0.014664987 0.999892175 -0.000839074 0.027811423 0.012277234 0.000659036 0.999924421 15.876013756
0.999818981 -0.013190403 -0.013708016 -0.071501032 0.013170027 0.999912024 -0.001575639 0.024388202 0.013727592 0.001394819 0.999904811 16.777656555
0.999811471 -0.011917011 -0.015328970 -0.088863611 0.011899878 0.999928474 -0.001208315 0.019704018 0.015342271 0.001025674 0.999881744 17.677215576
0.999785960 -0.012287826 -0.016646611 -0.106766358 0.012276643 0.999924421 -0.000773836 0.024895228 0.016654860 0.000569306 0.999861121 18.583662033
0.999768198 -0.011431261 -0.018245772 -0.128188327 0.011440276 0.999934494 0.000389780 0.023993809 0.018240122 -0.000598426 0.999833465 19.469549179
0.999751925 -0.011130473 -0.019292550 -0.151134968 0.011152008 0.999937415 0.001009097 0.024979031 0.019280106 -0.001223998 0.999813437 20.355028152
0.999714255 -0.012011628 -0.020669879 -0.169999152 0.012026400 0.999927580 0.000590542 0.029327847 0.020661291 -0.000838958 0.999786258 21.241065979
0.999677241 -0.011930412 -0.022427818 -0.190615535 0.011941811 0.999928653 0.000374453 0.026505994 0.022421747 -0.000642161 0.999748409 22.108116150
0.999649107 -0.011589942 -0.023818690 -0.207927346 0.011609291 0.999932408 0.000674233 0.027434738 0.023809265 -0.000950515 0.999716103 22.982395172
0.999618411 -0.011852338 -0.024948461 -0.235924751 0.011923272 0.999925256 0.002696371 0.026708048 0.024914635 -0.002992809 0.999685109 23.844953537
0.999578774 -0.013001856 -0.025947507 -0.252732038 0.013143854 0.999899507 0.005309487 0.032209091 0.025875870 -0.005648300 0.999649167 24.698410034
0.999559700 -0.013114346 -0.026617356 -0.275681287 0.013308247 0.999886096 0.007120698 0.031302840 0.026520945 -0.007471791 0.999620318 25.540765762
0.999559760 -0.012039537 -0.027118407 -0.303101361 0.012210682 0.999906480 0.006154319 0.032941654 0.027041776 -0.006482744 0.999613285 26.371517181
0.999548078 -0.010480809 -0.028174013 -0.327769578 0.010587855 0.999937296 0.003653059 0.031997263 0.028133959 -0.003949711 0.999596357 27.192081451
0.999531448 -0.010380058 -0.028795019 -0.361053556 0.010429887 0.999944329 0.001580899 0.039123397 0.028777005 -0.001880487 0.999584079 27.990753174
0.999506950 -0.009485031 -0.029933747 -0.385234058 0.009522711 0.999953985 0.001116510 0.041993856 0.029921781 -0.001401010 0.999551237 28.787874222
0.999464512 -0.009406300 -0.031340826 -0.409365594 0.009431425 0.999955237 0.000653963 0.041327022 0.031333275 -0.000949201 0.999508500 29.576402664
0.999411702 -0.009551458 -0.032938033 -0.442124665 0.009553490 0.999954283 -0.000095638 0.039016526 0.032937445 -0.000219092 0.999457419 30.354000092
0.999355316 -0.009362540 -0.034659501 -0.477986038 0.009363258 0.999956191 -0.000141593 0.036601029 0.034659307 -0.000183024 0.999399185 31.106143951
0.999265432 -0.009301030 -0.037175510 -0.500293374 0.009334013 0.999956131 0.000713736 0.041044507 0.037167244 -0.001060209 0.999308467 31.892858505
0.999176621 -0.009756218 -0.039383769 -0.529965460 0.009889121 0.999945998 0.003181187 0.041927859 0.039350614 -0.003568038 0.999219060 32.664562225
0.999100327 -0.008886505 -0.041468341 -0.559984684 0.009084177 0.999948204 0.004580867 0.044746257 0.041425481 -0.004953451 0.999129355 33.409160614
0.999033630 -0.007373831 -0.043330062 -0.597416043 0.007593029 0.999959171 0.004896407 0.044558868 0.043292187 -0.005220681 0.999048829 34.129154205
0.998976171 -0.004727999 -0.044991352 -0.638691783 0.004934251 0.999977827 0.004474326 0.041918553 0.044969197 -0.004691743 0.998977363 34.850429535
0.998889089 -0.003503978 -0.046990875 -0.674784541 0.003679382 0.999986589 0.003646767 0.045256399 0.046977464 -0.003815613 0.998888671 35.558670044
0.998813331 -0.003367716 -0.048586365 -0.710307956 0.003593925 0.999983072 0.004569200 0.050156727 0.048570156 -0.004738394 0.998808682 36.271587372
0.998750746 -0.002269508 -0.049916856 -0.744437456 0.002581558 0.999977589 0.006187817 0.057008326 0.049901690 -0.006308950 0.998734236 36.963603973
0.998753667 0.000857425 -0.049903847 -0.785803556 -0.000522031 0.999977171 0.006733447 0.059065640 0.049908485 -0.006699003 0.998731434 37.639068604
0.998821616 0.003822039 -0.048382156 -0.828785181 -0.003600796 0.999982715 0.004659149 0.060037926 0.048399128 -0.004479444 0.998818099 38.294750214
0.998892009 0.005599435 -0.046726834 -0.865504146 -0.005509892 0.999982774 0.002044922 0.053937774 0.046737485 -0.001785197 0.998905599 38.949150085
0.998977721 0.006258996 -0.044770248 -0.898113608 -0.006272004 0.999980271 -0.000150059 0.063327752 0.044768423 0.000430704 0.998997271 39.607040405
0.999105513 0.007348241 -0.041644447 -0.925216794 -0.007329965 0.999972939 0.000591540 0.068360440 0.041647676 -0.000285758 0.999132335 40.250629425
0.999192715 0.011862480 -0.038384255 -0.958207190 -0.011743245 0.999925554 0.003330315 0.068194598 0.038420904 -0.002876870 0.999257445 40.883071899
0.999284506 0.016279772 -0.034139447 -0.991843700 -0.016053056 0.999847293 0.006904450 0.069222376 0.034246638 -0.006351467 0.999393165 41.507183075
0.999335825 0.021144859 -0.029682823 -1.018295050 -0.020917851 0.999749780 0.007937705 0.070737422 0.029843241 -0.007311532 0.999527752 42.114208221
0.999397337 0.024709044 -0.024380919 -1.033923626 -0.024517465 0.999666393 0.008125480 0.075874865 0.024573565 -0.007522824 0.999669671 42.696205139
0.999396265 0.028937979 -0.019223880 -1.048943162 -0.028750671 0.999537110 0.009949346 0.082529306 0.019502889 -0.009390643 0.999765694 43.290046692
0.999349058 0.033753496 -0.012725295 -1.059219837 -0.033614933 0.999374866 0.010949575 0.089798719 0.013086922 -0.010514691 0.999859035 43.844516754
0.999300838 0.036989920 -0.005426540 -1.067838788 -0.036932215 0.999263883 0.010373995 0.093292296 0.005806278 -0.010166328 0.999931395 44.373710632
0.999190569 0.040187713 0.001756709 -1.068397880 -0.040204398 0.999132991 0.010807997 0.090717196 -0.001320841 -0.010869877 0.999940038 44.880584717
0.998966396 0.044556163 0.008989343 -1.065667987 -0.044646475 0.998951733 0.010108397 0.098170847 -0.008529533 -0.010499294 0.999908566 45.379821777
0.998664737 0.048843831 0.016822785 -1.067804575 -0.048971027 0.998774052 0.007233342 0.106639072 -0.016448859 -0.008047515 0.999832392 45.872753143
0.998397052 0.050879080 0.024791945 -1.064285636 -0.051010463 0.998687029 0.004696039 0.091661021 -0.024520464 -0.005953162 0.999681592 46.287929535
0.998144567 0.051352095 0.032718502 -1.048481941 -0.051523075 0.998662114 0.004404005 0.095738769 -0.032448567 -0.006081591 0.999454916 46.718200684
0.997893035 0.050534129 0.040690232 -1.025232673 -0.050812297 0.998691201 0.005830897 0.095204085 -0.040342316 -0.007886177 0.999154806 47.117927551
0.997425437 0.052511938 0.048836902 -1.004796028 -0.052896719 0.998578012 0.006619458 0.097682029 -0.048419856 -0.009185727 0.998784900 47.510066986
0.996799648 0.055328153 0.057699122 -0.987965107 -0.055788878 0.998422027 0.006403873 0.104738325 -0.057253763 -0.009602347 0.998313487 47.871330261
0.995977521 0.060147721 0.066414848 -0.965228081 -0.060682483 0.998138726 0.006062161 0.099626988 -0.065926604 -0.010067996 0.997773707 48.193069458
0.995109916 0.063997373 0.075238831 -0.949772596 -0.064645819 0.997888923 0.006212549 0.094107836 -0.074682415 -0.011046042 0.997146308 48.478569031
0.994411588 0.063188069 0.084575698 -0.913870811 -0.063987613 0.997927666 0.006773765 0.094777912 -0.083972417 -0.012147708 0.996393979 48.764644623
0.993509293 0.062018141 0.095357582 -0.881168365 -0.062763497 0.998016655 0.004834211 0.094724447 -0.094868660 -0.010787809 0.995431364 49.038028717
0.992416263 0.060641035 0.106924154 -0.835867882 -0.061024006 0.998136222 0.000310482 0.095330641 -0.106706053 -0.006833067 0.994267166 49.307891846
0.990820169 0.061606616 0.120333940 -0.798443317 -0.061644789 0.998092294 -0.003408859 0.088333562 -0.120314404 -0.004040395 0.992727578 49.571884155
0.988698661 0.063565686 0.135772973 -0.765057087 -0.063383512 0.997973084 -0.005668707 0.087513655 -0.135858163 -0.003001124 0.990723670 49.820259094
0.986224413 0.065251350 0.151999280 -0.717134953 -0.064930789 0.997864664 -0.007076957 0.086276621 -0.152136520 -0.002889965 0.988355219 50.081806183
0.983423650 0.065840513 0.168946058 -0.663641930 -0.065362848 0.997826278 -0.008393306 0.085448295 -0.169131473 -0.002788620 0.985589504 50.342567444
0.980180383 0.064937674 0.187162206 -0.602983475 -0.064297393 0.997885525 -0.009496282 0.082224637 -0.187383175 -0.002725972 0.982283115 50.592018127
0.976387441 0.064005226 0.206327111 -0.535531044 -0.063343920 0.997943461 -0.009816449 0.078836977 -0.206531093 -0.003484911 0.978433788 50.825298309
0.971901238 0.064050339 0.226507261 -0.464207649 -0.063181438 0.997940361 -0.011091526 0.077505052 -0.226751179 -0.003531187 0.973946333 51.070102692
0.966583371 0.066263139 0.247640789 -0.388603210 -0.064964168 0.997797251 -0.013422300 0.075696945 -0.247984722 -0.003114004 0.968758881 51.316783905
0.960417151 0.067578584 0.270244390 -0.305584908 -0.065844618 0.997709811 -0.015487841 0.070294619 -0.270672053 -0.002919352 0.962667108 51.551803589
0.953177810 0.068636037 0.294518739 -0.207095146 -0.066722639 0.997634232 -0.016552893 0.063858867 -0.294958085 -0.003873217 0.955502331 51.794834137
0.944586277 0.071603633 0.320358813 -0.109921455 -0.069676235 0.997416317 -0.017491084 0.057673693 -0.320783526 -0.005799553 0.947134674 52.040611267
0.934788048 0.073606580 0.347495794 -0.002525330 -0.071561500 0.997260213 -0.018734256 0.051693738 -0.347922683 -0.007354760 0.937494397 52.275508881
0.923623800 0.074360512 0.376018077 0.109462738 -0.072126135 0.997194231 -0.020037452 0.042136788 -0.376453072 -0.008613669 0.926395595 52.507949829
0.911027730 0.072494462 0.405922532 0.245969772 -0.069485761 0.997336626 -0.022166625 0.032973766 -0.406448364 -0.008011427 0.913638592 52.736465454
0.896243691 0.069585614 0.438069791 0.395690918 -0.065308936 0.997555852 -0.024842655 0.024768829 -0.438727707 -0.006344800 0.898597598 52.959098816
0.878973484 0.068839468 0.471875817 0.550664902 -0.062454067 0.997620523 -0.029203016 0.017321825 -0.472763240 -0.003801883 0.881181300 53.179809570
0.859450102 0.070749313 0.506300390 0.719709396 -0.061876778 0.997492611 -0.034350969 0.010187387 -0.507461131 -0.001805296 0.861672759 53.404727936
0.837671638 0.072749540 0.541307390 0.900571823 -0.061404467 0.997350156 -0.039016612 0.003185987 -0.542711437 -0.000555584 0.839919031 53.627426147
0.813234866 0.075361289 0.577035308 1.091741562 -0.062249001 0.997155488 -0.042499725 -0.011729360 -0.578596711 -0.001357615 0.815612674 53.845634460
0.785882652 0.079237379 0.613278031 1.282409668 -0.065171681 0.996846199 -0.045281552 -0.027696133 -0.614931822 -0.004382378 0.788568139 54.056800842
0.756088197 0.083184294 0.649161756 1.503665924 -0.068429150 0.996500909 -0.047992300 -0.046254396 -0.650882602 -0.008135174 0.759134769 54.283943176
0.722982585 0.084381118 0.685693920 1.763975143 -0.068210743 0.996382058 -0.050694160 -0.061481953 -0.687490821 -0.010120698 0.726122499 54.516155243
0.686568260 0.081818208 0.722447157 2.051252365 -0.064371727 0.996586323 -0.051690042 -0.079557180 -0.724210143 -0.011016435 0.689491272 54.739727020
0.647218406 0.080497324 0.758042634 2.325380325 -0.061811615 0.996676266 -0.053063210 -0.101555228 -0.759794593 -0.012512351 0.650042892 54.947673798
0.605158925 0.080040842 0.792070746 2.677505493 -0.059749018 0.996693254 -0.055068962 -0.120750785 -0.793859243 -0.013999976 0.607940257 55.171104431
0.559384525 0.079784006 0.825059593 3.040498734 -0.055878259 0.996722341 -0.058498889 -0.135923743 -0.827022672 -0.013379522 0.562009335 55.377002716
0.510836601 0.078892104 0.856050134 3.422790527 -0.053048354 0.996775448 -0.060205191 -0.157519579 -0.858039498 -0.014657034 0.513374507 55.577873230
0.461948633 0.077078573 0.883550942 3.826248169 -0.051412184 0.996868432 -0.060084160 -0.182839990 -0.885415316 -0.017669497 0.464464724 55.765663147
0.412657648 0.074812636 0.907808781 4.266551971 -0.050666083 0.996963739 -0.059128910 -0.203895926 -0.909475982 -0.021595120 0.415195167 55.928417206
0.362471461 0.074617699 0.929003060 4.715599060 -0.053440299 0.996813834 -0.059213340 -0.223299384 -0.930461466 -0.028183056 0.365304202 56.084144592
0.313047707 0.075085886 0.946764588 5.178958893 -0.051470198 0.996746182 -0.062031187 -0.244821668 -0.948341727 -0.029311441 0.315893769 56.216915131
0.266156912 0.071478710 0.961275816 5.658621788 -0.040189810 0.997202516 -0.063022435 -0.278093457 -0.963091493 -0.021859635 0.268285096 56.304058075
0.222020134 0.065703690 0.972825766 6.168846130 -0.027017917 0.997758448 -0.061221533 -0.305699468 -0.974667668 -0.012691314 0.223297641 56.377696991
0.179557800 0.064866722 0.981606483 6.691882133 -0.017748445 0.997874916 -0.062695190 -0.329654932 -0.983587265 -0.006164576 0.180327535 56.442562103
0.141431823 0.066252232 0.987728596 7.226386547 -0.014507682 0.997789621 -0.064849749 -0.357265115 -0.989841700 -0.005157833 0.142080396 56.492431641
0.108825684 0.067147292 0.991790414 7.756671906 -0.005398268 0.997741222 -0.066957846 -0.386320531 -0.994046211 0.001932783 0.108942360 56.522361755
0.079967164 0.065327242 0.994654477 8.312858582 0.001708699 0.997839749 -0.065673813 -0.423323512 -0.996796012 0.006951313 0.079682782 56.537364960
0.054891914 0.063678600 0.996459603 8.886940002 0.008643644 0.997896671 -0.064246565 -0.456891537 -0.998454869 0.012139658 0.054226041 56.551292419
0.035151452 0.062891364 0.997401118 9.461251259 0.013394987 0.997898698 -0.063394800 -0.480468988 -0.999292254 0.015588595 0.034235150 56.547241211
0.019201206 0.064657852 0.997722745 10.049734116 0.016216759 0.997755289 -0.064972050 -0.510446370 -0.999684095 0.017427374 0.018109564 56.549869537
0.005734880 0.064449698 0.997904420 10.652003288 0.016778365 0.997774184 -0.064537704 -0.543802202 -0.999842763 0.017113328 0.004640753 56.545341492
-0.005841667 0.065390825 0.997842610 11.269596100 0.017611142 0.997711539 -0.065279141 -0.578385353 -0.999827862 0.017191807 -0.006979909 56.534343719
-0.014835436 0.068203479 0.997561097 11.888681412 0.022471994 0.997441649 -0.067861117 -0.614870191 -0.999637365 0.021410435 -0.016330151 56.512535095
-0.021363970 0.070036314 0.997315645 12.527867317 0.026740640 0.997226477 -0.069457218 -0.653798461 -0.999414027 0.025184980 -0.023177534 56.494155884
-0.025840590 0.069563456 0.997242749 13.175258636 0.027449554 0.997249067 -0.068852618 -0.684894979 -0.999289095 0.025594678 -0.027678993 56.471454620
-0.029482530 0.066752255 0.997333884 13.833638191 0.025039591 0.997503936 -0.066023424 -0.721992731 -0.999251604 0.023026297 -0.031080388 56.452098846
-0.032128520 0.059667185 0.997701108 14.516124725 0.022824474 0.997999966 -0.058950055 -0.764050782 -0.999223053 0.020878028 -0.033426128 56.441177368
-0.033283658 0.054308802 0.997969329 15.214134216 0.023952760 0.998279095 -0.053526800 -0.794890821 -0.999158859 0.022122553 -0.034527220 56.411918640
-0.033691932 0.051807545 0.998088658 15.908359528 0.026549827 0.998349547 -0.050924856 -0.826387465 -0.999079466 0.024783326 -0.035011809 56.382080078
-0.033305906 0.053924773 0.997989416 16.604728699 0.030063519 0.998145580 -0.052929904 -0.863914967 -0.998992920 0.028240196 -0.034865316 56.347976685
-0.032424819 0.061264474 0.997594774 17.314207077 0.031106474 0.997697949 -0.060259752 -0.898676217 -0.998989940 0.029077750 -0.034255903 56.322353363
-0.030364411 0.069340117 0.997130811 18.034015656 0.031468581 0.997162640 -0.068384044 -0.932794571 -0.999043405 0.029301848 -0.032460295 56.303092957
-0.028285382 0.070148900 0.997135401 18.758239746 0.032184131 0.997081280 -0.069232136 -0.966493249 -0.999081612 0.030133685 -0.030460505 56.281505585
-0.026116343 0.065667965 0.997499704 19.493921280 0.031488083 0.997398913 -0.064836919 -1.008555651 -0.999162853 0.029716050 -0.028116172 56.261627197
-0.023734013 0.059003260 0.997975528 20.231468201 0.031357516 0.997809649 -0.058247685 -1.056136131 -0.999226391 0.029911587 -0.025532218 56.245235443
-0.020753575 0.057628620 0.998122334 21.008218765 0.029172324 0.997947216 -0.057011928 -1.098270535 -0.999358952 0.027934346 -0.022392133 56.238605499
-0.017370850 0.063032895 0.997860312 21.743366241 0.037170984 0.997361660 -0.062354319 -1.139146805 -0.999157906 0.036008302 -0.019668018 56.214836121
-0.013993247 0.068777598 0.997533798 22.480802536 0.038808554 0.996917248 -0.068190672 -1.175976992 -0.999148726 0.037758637 -0.016619265 56.192260742
-0.011802537 0.069301099 0.997525930 23.231077194 0.032760728 0.997086763 -0.068882957 -1.219349265 -0.999393582 0.031866681 -0.014038505 56.201873779
-0.008363336 0.065796047 0.997798026 23.976919174 0.028554507 0.997441709 -0.065533213 -1.261152744 -0.999557257 0.027943552 -0.010220718 56.202705383
-0.003797184 0.061960503 0.998071492 24.741413116 0.032517735 0.997558415 -0.061804950 -1.319050193 -0.999463856 0.032220341 -0.005802728 56.204181671
-0.000179097 0.063176908 0.998002350 25.487415314 0.037065729 0.997317016 -0.063126869 -1.363093257 -0.999312699 0.036980391 -0.002520316 56.191341400
0.002511550 0.067759432 0.997698605 26.234153748 0.037133314 0.997007310 -0.067805953 -1.403640985 -0.999307096 0.037218157 -0.000012099 56.194545746
0.006513778 0.068781912 0.997610509 26.983829498 0.033317417 0.997062802 -0.068961695 -1.445257902 -0.999423563 0.033687014 0.004203010 56.202480316
0.010013163 0.068125382 0.997626483 27.751224518 0.032615948 0.997123420 -0.068418398 -1.491529346 -0.999417782 0.033223618 0.007762386 56.213302612
0.013501569 0.064761326 0.997809410 28.487379074 0.036267746 0.997211993 -0.065213293 -1.548940539 -0.999250889 0.037068777 0.011115179 56.230228424
0.017416451 0.065324306 0.997712016 29.234977722 0.040874828 0.996982694 -0.065990075 -1.594510198 -0.999012530 0.041930620 0.014693781 56.227764130
0.020858973 0.066353872 0.997578084 29.985895157 0.043597195 0.996785700 -0.067212775 -1.639692068 -0.998831391 0.044893600 0.017899085 56.242458344
0.023890879 0.065980412 0.997534931 30.732599258 0.043679625 0.996797919 -0.066977791 -1.690451860 -0.998759925 0.045172103 0.020932380 56.253650665
0.026869878 0.064629488 0.997547388 31.490037918 0.045285765 0.996804595 -0.065801159 -1.731647253 -0.998612642 0.046942778 0.023857225 56.281455994
0.030597007 0.063486770 0.997513652 32.256488800 0.047359552 0.996767819 -0.064891994 -1.786036015 -0.998409212 0.049227294 0.027491407 56.304794312
0.033394646 0.063817143 0.997402728 33.008369446 0.045668177 0.996819556 -0.065308884 -1.828554392 -0.998398364 0.047730535 0.030374017 56.332984924
0.036407515 0.065734342 0.997172773 33.764537811 0.042727891 0.996819496 -0.067271076 -1.871630669 -0.998423219 0.045056272 0.033483028 56.365173340
0.039050899 0.065484405 0.997089207 34.521934509 0.044781994 0.996733069 -0.067214899 -1.923215151 -0.998233259 0.047276448 0.035990797 56.394878387
0.041904226 0.065415807 0.996977806 35.286357880 0.042799570 0.996820807 -0.067204431 -1.964067459 -0.998204589 0.045486372 0.038971238 56.425590515
0.044236712 0.065947630 0.996841967 36.039844513 0.041102953 0.996853709 -0.067772433 -2.009105444 -0.998175085 0.043971181 0.041386887 56.463184357
0.046991546 0.065765388 0.996728003 36.829936981 0.037441939 0.997013152 -0.067549430 -2.066977978 -0.998193324 0.040493678 0.044388805 56.513729095
0.050147649 0.067682050 0.996445894 37.598167419 0.035987500 0.996930778 -0.069526114 -2.113972187 -0.998093247 0.039346166 0.047558032 56.554306030
0.053490192 0.071244851 0.996023595 38.362274170 0.035103139 0.996700943 -0.073178455 -2.163638592 -0.997951210 0.038877882 0.050812803 56.594364166
0.056640755 0.073530145 0.995683193 39.136783600 0.035214223 0.996516585 -0.075594902 -2.215323925 -0.997773409 0.039343957 0.053854149 56.642448425
0.059486851 0.075777054 0.995348752 39.916503906 0.029087923 0.996559680 -0.077607661 -2.267214298 -0.997805238 0.033569261 0.057077996 56.695663452
0.062428948 0.074521750 0.995263398 40.702362061 0.025629036 0.996760011 -0.076241411 -2.322419643 -0.997720301 0.030267306 0.060316753 56.749168396
0.066224858 0.075323358 0.994957626 41.506870270 0.027345762 0.996635079 -0.077270500 -2.381062984 -0.997429907 0.032325108 0.063942239 56.813327789
0.070134893 0.076518543 0.994598448 42.296276093 0.026846839 0.996547699 -0.078561634 -2.436207771 -0.997176051 0.032211743 0.067838490 56.864955902
0.073830165 0.077154778 0.994281828 43.085643768 0.023070510 0.996603727 -0.079048060 -2.492635250 -0.997003913 0.028774718 0.071799435 56.930549622
0.078093424 0.075499006 0.994083107 43.892139435 0.022153771 0.996750772 -0.077441961 -2.543190479 -0.996699810 0.028070400 0.076167077 56.995548248
0.082531437 0.075237654 0.993744373 44.687400818 0.022045776 0.996764302 -0.077297226 -2.609313965 -0.996344507 0.028287319 0.080605716 57.065830231
0.087860562 0.078952633 0.992998958 45.496665955 0.018490985 0.996552944 -0.080871291 -2.667843342 -0.995961070 0.025466925 0.086097784 57.141513824
0.093867451 0.087683901 0.991715968 46.295581818 0.016643401 0.995836556 -0.089623570 -2.726418257 -0.995445490 0.024918268 0.092017300 57.219886780
0.101176709 0.092105068 0.990595698 47.090782166 0.015260254 0.995444357 -0.094114527 -2.794978142 -0.994751334 0.024638945 0.099310242 57.303272247
0.108352832 0.095534593 0.989511430 47.900478363 0.010583435 0.995204389 -0.097243130 -2.858523369 -0.994056106 0.021008996 0.106822126 57.401821136
0.115646452 0.093511656 0.988878965 48.713157654 0.007117274 0.995455086 -0.094965860 -2.934933662 -0.993264914 0.018020593 0.114455305 57.501342773
0.122808471 0.091628976 0.988191366 49.537261963 0.006867219 0.995626330 -0.093171820 -3.013953209 -0.992406666 0.018228412 0.121642113 57.619796753
0.130519480 0.088311583 0.987504780 50.366573334 0.006572010 0.995926201 -0.089933313 -3.075005531 -0.991423965 0.018227942 0.129407406 57.723369598
0.138051927 0.082879573 0.986951172 51.186042786 0.004466000 0.996430397 -0.084300280 -3.141484499 -0.990414917 0.016045541 0.137189016 57.841110229
0.144842044 0.075402208 0.986577630 52.003631592 0.002341885 0.997063220 -0.076547436 -3.202125549 -0.989452064 0.013397738 0.144240096 57.976669312
0.152232617 0.072416835 0.985688090 52.804733276 0.001910365 0.997288704 -0.073564149 -3.272332430 -0.988342822 0.013081888 0.151681513 58.101894379
0.159732789 0.074269593 0.984362364 53.614250183 0.001849318 0.997141361 -0.075533859 -3.332656860 -0.987158537 0.013885633 0.159138858 58.235561371
0.165289626 0.080921642 0.982919574 54.393127441 0.002326343 0.996593356 -0.082438588 -3.391970634 -0.986242294 0.015912853 0.164538339 58.370964050
0.170604080 0.084823176 0.981681764 55.192714691 0.001235747 0.996268630 -0.086298317 -3.446104527 -0.985338867 0.015935957 0.169862673 58.524253845
0.175964832 0.087963246 0.980458498 55.980758667 0.000032765 0.995999098 -0.089363389 -3.510789871 -0.984396458 0.015756937 0.175257921 58.665336609
0.181063548 0.087622330 0.979560316 56.766540527 -0.002634767 0.996062696 -0.088611484 -3.577525139 -0.983467877 0.013463397 0.180581525 58.820430756
0.186425909 0.084596239 0.978820086 57.541297913 0.001539456 0.996259689 -0.086396672 -3.641402006 -0.982467830 0.017613428 0.185598344 58.962039948
0.190975651 0.077879630 0.978500366 58.306697845 0.002079271 0.996813297 -0.079742998 -3.702842474 -0.981592536 0.017263534 0.190205112 59.108577728
0.194329217 0.071764454 0.978307784 59.065879822 0.000443564 0.997313738 -0.073246770 -3.760970116 -0.980936229 0.014667929 0.193775371 59.265647888
0.197712064 0.068409525 0.977870226 59.809692383 -0.003592770 0.997605741 -0.069063775 -3.822073460 -0.980253577 0.010141478 0.197484493 59.419612885
0.200781941 0.068431199 0.977242947 60.526824951 -0.004838228 0.997614264 -0.068863630 -3.876030207 -0.979624152 0.009098451 0.200633973 59.579231262
0.202567875 0.070445515 0.976731122 61.247692108 -0.006614802 0.997484744 -0.070570484 -3.926493168 -0.979245901 0.007834431 0.202524349 59.736625671
0.204312295 0.074879944 0.976037621 61.950294495 -0.010783097 0.997181714 -0.074244872 -3.978699207 -0.978846371 0.004644432 0.204543918 59.888725281
0.206168815 0.078908473 0.975329638 62.643089294 -0.011762857 0.996870995 -0.078164786 -4.030118942 -0.978445709 0.004642478 0.206451908 60.041549683
0.208132207 0.084332347 0.974458277 63.339832306 -0.012672910 0.996424913 -0.083526634 -4.087153912 -0.978018582 0.005035358 0.208456874 60.199020386
0.210405439 0.086400211 0.973788798 64.031196594 -0.011677211 0.996237993 -0.085868955 -4.139199257 -0.977544546 0.006696158 0.210622817 60.339092255
0.211421117 0.086681120 0.973543704 64.695457458 -0.014445635 0.996227920 -0.085563749 -4.191218853 -0.977288365 0.004026526 0.211875811 60.494331360
0.212126061 0.083036639 0.973708034 65.357292175 -0.013854514 0.996538877 -0.081965365 -4.256738186 -0.977144122 0.003896736 0.212542295 60.651268005
0.212758884 0.080582917 0.973776162 66.015419006 -0.013877094 0.996742129 -0.079451442 -4.309978008 -0.977006197 0.003390812 0.213183999 60.794052124
0.212809563 0.079384275 0.973863542 66.670776367 -0.012882627 0.996835411 -0.078441694 -4.361460686 -0.977008760 0.004147222 0.213158801 60.933982849
0.211289823 0.078759871 0.974245071 67.310386658 -0.012931728 0.996886194 -0.077785656 -4.411334515 -0.977337837 0.003836645 0.211650431 61.075828552
0.209873825 0.079806879 0.974465907 67.937561035 -0.014124802 0.996806622 -0.078594439 -4.458892822 -0.977626503 0.002730776 0.210330859 61.210693359
0.207334846 0.082325235 0.974799871 68.551620483 -0.014993722 0.996603131 -0.080977499 -4.514720917 -0.978155136 0.002173581 0.207864910 61.351345062
0.204536229 0.086197287 0.975056350 69.174613953 -0.013103781 0.996267259 -0.085323587 -4.567370892 -0.978771210 0.004674844 0.204902232 61.504898071
0.203098252 0.086696379 0.975312710 69.777259827 -0.010995911 0.996211648 -0.086264327 -4.617238522 -0.979096532 0.006795683 0.203282148 61.621261597
0.200641096 0.085802659 0.975900114 70.373161316 -0.011985929 0.996297657 -0.085131764 -4.662084579 -0.979591489 0.005383862 0.200926661 61.747570038
0.198480874 0.082504541 0.976626039 70.957565308 -0.011728728 0.996579170 -0.081806526 -4.709952354 -0.980034590 0.004782449 0.198769584 61.861503601
0.196402758 0.078591339 0.977368593 71.541435242 -0.011469165 0.996898532 -0.077857018 -4.763080597 -0.980456233 0.004081735 0.196695030 61.977516174
0.194344357 0.077865362 0.977837980 72.102622986 -0.007996326 0.996937096 -0.077796958 -4.807904243 -0.980900764 0.007300289 0.194371730 62.100082397
0.192503765 0.079291858 0.978087485 72.658653259 -0.004214720 0.996787667 -0.079978324 -4.849943161 -0.981287181 0.011273763 0.192219585 62.201637268
0.190072149 0.081406370 0.978389204 73.212089539 -0.000380384 0.996562421 -0.082844548 -4.891551971 -0.981770098 0.015374275 0.189449683 62.303794861
0.187931836 0.083042122 0.978665113 73.760261536 -0.000941735 0.996434093 -0.084369011 -4.936897278 -0.982181668 0.014933979 0.187339887 62.416595459
0.186840579 0.086035125 0.978615642 74.316879272 -0.001053996 0.996174634 -0.087377593 -4.972662926 -0.982389688 0.015294222 0.186216518 62.519233704
0.185615748 0.084179014 0.979009986 74.876937866 0.001076671 0.996305764 -0.085870296 -5.023107529 -0.982621849 0.016992953 0.184839427 62.624092102
0.186672702 0.082340963 0.978965342 75.415458679 0.006509862 0.996355832 -0.085044995 -5.072488785 -0.982400596 0.022248510 0.185456395 62.716648102
0.188781619 0.080478124 0.978715897 75.975624084 0.011513912 0.996386409 -0.084152028 -5.111948967 -0.981951535 0.027155204 0.187172830 62.814521790
0.190528095 0.079857923 0.978428185 76.535041809 0.014205262 0.996357083 -0.084087431 -5.156602859 -0.981579006 0.029919844 0.188699603 62.924854279
0.193775445 0.079782657 0.977796376 77.094581604 0.011691833 0.996429145 -0.083620027 -5.198882580 -0.980976284 0.027635738 0.192150697 63.039855957
0.199128672 0.080358647 0.976673007 77.655975342 0.010403598 0.996402800 -0.084103100 -5.246139050 -0.979918063 0.026908252 0.197576329 63.164482117
0.205780268 0.079339661 0.975376785 78.224517822 0.011822398 0.996433735 -0.083546735 -5.286791325 -0.978526831 0.028723560 0.204108417 63.280944824
0.213590175 0.079593986 0.973675549 78.804473877 0.009503240 0.996459067 -0.083541110 -5.330691338 -0.976877153 0.027096635 0.212077439 63.409633636
0.221804857 0.077654675 0.971993983 79.360488892 0.009859886 0.996594250 -0.081870027 -5.371193409 -0.975041151 0.027742915 0.220283791 63.555625916
0.230358034 0.077520236 0.970013261 79.940887451 0.006324562 0.996681511 -0.081153430 -5.417122364 -0.973085463 0.024829254 0.229103312 63.705387115
0.239777729 0.077009089 0.967768669 80.522354126 0.005288347 0.996730626 -0.080623947 -5.462748528 -0.970813453 0.024449723 0.238586530 63.857597351
0.249154240 0.081191413 0.965054452 81.120208740 -0.000535493 0.996490955 -0.083697982 -5.506734848 -0.968463719 0.020336922 0.248323396 64.029930115
0.258785814 0.083050072 0.962357879 81.724693298 -0.003622110 0.996373355 -0.085011572 -5.552622795 -0.965927958 0.018514026 0.258148134 64.205146790
0.269746572 0.085790016 0.959102154 82.342224121 -0.007421466 0.996179104 -0.087019205 -5.601692677 -0.962902844 0.016355192 0.269352615 64.393554688
0.280430585 0.087558277 0.955872476 82.959838867 -0.008808226 0.996023715 -0.088652022 -5.653441906 -0.959833860 0.016441202 0.280086756 64.580383301
0.290088415 0.088401318 0.952908158 83.587654114 -0.011842579 0.995979846 -0.088791907 -5.702884197 -0.956926584 0.014472620 0.289969146 64.782699585
0.300590783 0.088677719 0.949621737 84.224357605 -0.012313674 0.995946050 -0.089105844 -5.751380920 -0.953673720 0.015091061 0.300464213 64.990722656
0.310493439 0.089479528 0.946354687 84.871299744 -0.016472740 0.995916724 -0.088761099 -5.802129745 -0.950432777 0.011970687 0.310699612 65.219596863
0.321177006 0.084637508 0.943229437 85.524307251 -0.016063804 0.996341884 -0.083933525 -5.852424622 -0.946882904 0.011805668 0.321361691 65.453460693
0.331716120 0.077620022 0.940180540 86.194114685 -0.012564648 0.996884525 -0.077868350 -5.903185844 -0.943295598 0.014017147 0.331657887 65.691184998
0.342709571 0.073035911 0.936598003 86.872764587 -0.011128575 0.997219026 -0.073691100 -5.957195282 -0.939375520 0.014831645 0.342569292 65.942008972
0.353165865 0.069640346 0.932965219 87.555824280 -0.011914236 0.997479737 -0.069945954 -6.005202293 -0.935484886 0.013586950 0.353105456 66.204536438
0.362695366 0.067782350 0.929439366 88.250595093 -0.005819965 0.997496605 -0.070474505 -6.045633316 -0.931889594 0.020151479 0.362181932 66.474960327
0.371388435 0.062422231 0.926376820 88.963294983 0.000962373 0.997711062 -0.067614771 -6.082406044 -0.928477049 0.026002865 0.370478332 66.752433777
0.378562987 0.052369066 0.924092829 89.684715271 0.010988979 0.998073399 -0.061063342 -6.127538681 -0.925510287 0.033271156 0.377258152 67.034286499
0.385303050 0.048173338 0.921531856 90.397880554 0.015985074 0.998138130 -0.058861513 -6.171281815 -0.922651589 0.037410270 0.383815676 67.329879761
0.392838091 0.048028689 0.918352604 91.119384766 0.018260613 0.998030901 -0.060006995 -6.220465183 -0.919426322 0.040342722 0.391187578 67.637237549
0.400162458 0.054495391 0.914822519 91.839653015 0.020432046 0.997451782 -0.068354972 -6.259412766 -0.916216373 0.046044797 0.398029357 67.950439453
0.407336801 0.058660496 0.911392212 92.555831909 0.024334911 0.996883631 -0.075039245 -6.302814960 -0.912953794 0.052744888 0.404639840 68.262794495
0.413006186 0.060567595 0.908712029 93.272453308 0.022785142 0.996786594 -0.076793715 -6.358654022 -0.910443127 0.052421413 0.410299033 68.586334229
0.417246163 0.062352624 0.906651974 93.983039856 0.015306494 0.997019887 -0.075611576 -6.415460587 -0.908664525 0.045426305 0.415048331 68.931793213
0.421268404 0.065876015 0.904540420 94.676101685 0.008981548 0.997006595 -0.076793112 -6.472723961 -0.906891525 0.040474694 0.419415712 69.267044067
0.425393760 0.068973653 0.902376175 95.359809875 0.008070103 0.996762812 -0.079992533 -6.531284332 -0.904972315 0.041310597 0.423460126 69.591682434
0.429405719 0.073120609 0.900146782 96.037452698 0.004737037 0.996520877 -0.083209023 -6.591112137 -0.903099239 0.039994456 0.427565366 69.917861938
0.432834685 0.076411545 0.898229063 96.706855774 0.001261237 0.996348917 -0.085366264 -6.647726059 -0.901472390 0.038082357 0.431157947 70.247802734
0.436865240 0.074823909 0.896409571 97.378929138 0.000387712 0.996518672 -0.083369032 -6.707152843 -0.899526834 0.036768582 0.435315371 70.584320068
0.440908402 0.071488641 0.894700646 98.037536621 0.001485973 0.996763527 -0.080375977 -6.768228531 -0.897550881 0.036767945 0.439375103 70.912048340
0.444314569 0.068967536 0.893212259 98.688377380 0.001410257 0.996977270 -0.077681035 -6.819990158 -0.895869792 0.035774473 0.442874223 71.239089966
0.447769970 0.067702450 0.891581953 99.318084717 0.000420813 0.997113347 -0.075927317 -6.882494926 -0.894148707 0.034373157 0.446448863 71.565200806
0.451438010 0.069810204 0.889567375 99.955200195 -0.001779293 0.997003317 -0.077338450 -6.930019855 -0.892300725 0.033330716 0.450209439 71.889106750
0.453930646 0.070344314 0.888255894 100.566055298 -0.000802687 0.996910751 -0.078538880 -6.983154297 -0.891036630 0.034938220 0.452584803 72.214126587
0.456435174 0.068281978 0.887132764 101.177818298 0.001504456 0.996990263 -0.077511698 -7.035099983 -0.889755428 0.036713712 0.454958707 72.516662598
0.458208472 0.067261383 0.886296213 101.778717041 0.003633766 0.996982694 -0.077540047 -7.081202507 -0.888837337 0.038750105 0.456581473 72.823318481
0.459991127 0.067188650 0.885377824 102.366333008 0.002293811 0.997039676 -0.076854080 -7.132572174 -0.887920499 0.037383080 0.458475322 73.136894226
0.462223530 0.066337548 0.884278655 102.945327759 0.003961201 0.997033536 -0.076866858 -7.182017326 -0.886754692 0.039032474 0.460589528 73.430175781
0.464866132 0.068047978 0.882762134 103.509086609 0.003507901 0.996892750 -0.078693032 -7.228852272 -0.885374129 0.039678365 0.463182926 73.730407715
0.467693657 0.067658834 0.881297350 104.073097229 0.006767449 0.996762693 -0.080114715 -7.280556679 -0.883864820 0.043433286 0.465721667 74.026840210
0.470447958 0.067536466 0.879839540 104.628913879 0.007477910 0.996725917 -0.080507115 -7.335979939 -0.882396102 0.044453759 0.468402535 74.335144043
0.473755747 0.065703459 0.878201902 105.174179077 0.010842678 0.996702194 -0.080418378 -7.380599976 -0.880589545 0.047620729 0.471480936 74.624206543
0.477329195 0.064766027 0.876334608 105.711082458 0.012267262 0.996691763 -0.080342948 -7.426187992 -0.878638923 0.049100257 0.474955589 74.907463074
0.480362415 0.064315207 0.874708772 106.232391357 0.012916870 0.996680796 -0.080377065 -7.477555275 -0.876974940 0.049908616 0.477937251 75.195854187
0.483980209 0.063228920 0.872791588 106.752197266 0.013915054 0.996703923 -0.079921879 -7.524512291 -0.874968290 0.050825555 0.481505185 75.484466553
0.487362504 0.062956385 0.870927274 107.258789062 0.015226716 0.996633053 -0.080563970 -7.568795204 -0.873066962 0.052525226 0.484762967 75.767005920
0.491296500 0.064079478 0.868632019 107.758537292 0.014810068 0.996531248 -0.081891239 -7.614771843 -0.870866477 0.053097386 0.488643348 76.048202515
0.495573401 0.064275108 0.866184533 108.263168335 0.017025851 0.996347666 -0.083674908 -7.656692505 -0.868399262 0.056214586 0.492669076 76.332893372
0.500461757 0.067649268 0.863111615 108.759605408 0.014626376 0.996139646 -0.086556681 -7.706905365 -0.865635037 0.055942498 0.497540385 76.619094849
0.505811155 0.073437698 0.859512687 109.246795654 0.011219176 0.995725513 -0.091678225 -7.755222321 -0.862571418 0.056014877 0.502825141 76.915641785
0.511546791 0.080180138 0.855506301 109.730537415 0.006073465 0.995274544 -0.096911177 -7.807078838 -0.859233975 0.054770492 0.508642554 77.213745117
0.517461896 0.086704060 0.851302266 110.219673157 0.000622061 0.994815052 -0.101698779 -7.860570908 -0.855706036 0.053154811 0.514725029 77.534553528
0.523864031 0.091541246 0.846868753 110.696212769 -0.003124911 0.994408369 -0.105556324 -7.905600071 -0.851796150 0.052650772 0.521220863 77.842254639
0.529456794 0.091905333 0.843343854 111.192031860 -0.007293742 0.994570851 -0.103806570 -7.956200600 -0.848305583 0.048809960 0.527252555 78.160552979
0.534859836 0.090961769 0.840030313 111.690849304 -0.013757803 0.994994044 -0.098982073 -8.012090683 -0.844828784 0.041384567 0.533433914 78.497436523
0.540456653 0.088719226 0.836681187 112.199134827 -0.019793332 0.995490491 -0.092773348 -8.062568665 -0.841138899 0.033579268 0.539775550 78.850837708
0.546333551 0.087057352 0.833030999 112.704948425 -0.025969449 0.995866060 -0.087042965 -8.112792015 -0.837164938 0.025921140 0.546335876 79.199874878
0.552423537 0.085017607 0.829216659 113.209152222 -0.029078215 0.996145129 -0.082760498 -8.169075012 -0.833056271 0.021606700 0.552766144 79.536453247
0.558266521 0.088783592 0.824897468 113.727012634 -0.034328386 0.995878160 -0.083953761 -8.220573425 -0.828951061 0.018551180 0.559013307 79.931556702
0.564357102 0.092687123 0.820311069 114.248161316 -0.037898634 0.995538354 -0.086412616 -8.266244888 -0.824660361 0.017678907 0.565351844 80.303550720
0.570831418 0.096044242 0.815430522 114.778602600 -0.040466134 0.995218933 -0.088892557 -8.310086250 -0.820069373 0.017745346 0.571988821 80.683219910
0.576835513 0.098285288 0.810925961 115.312797546 -0.043106500 0.995014429 -0.089934133 -8.362480164 -0.815722108 0.016921017 0.578196347 81.081161499
