1.000000000 0.000000000 0.000000000 0.000000000 0.000000000 1.000000000 0.000000000 0.000000000 0.000000000 0.000000000 1.000000000 0.000000000
1.000000000 0.000046482 0.000020130 -0.000243420 -0.000046485 1.000000000 0.000134549 0.000362610 -0.000020123 -0.000134550 1.000000000 -0.000934630
1.000000000 -0.000084013 0.000068968 -0.000474398 0.000083996 0.999999940 0.000248058 -0.000010091 -0.000068989 -0.000248053 0.999999940 0.000365314
1.000000000 0.000123999 0.000083470 -0.000090474 -0.000124018 0.999999940 0.000225550 -0.000242744 -0.000083442 -0.000225560 1.000000000 0.000808053
1.000000000 0.000125908 0.000025372 0.000057051 -0.000125911 1.000000000 0.000121544 0.000255302 -0.000025357 -0.000121548 1.000000000 -0.000691804
1.000000000 0.000060704 -0.000019710 0.000152063 -0.000060704 1.000000000 -0.000025186 0.000249529 0.000019708 0.000025187 1.000000000 -0.000683682
1.000000000 0.000115464 -0.000000977 0.000051835 -0.000115464 1.000000000 0.000050310 0.000132028 0.000000982 -0.000050309 1.000000000 -0.000565913
0.999999940 0.000329547 0.000019076 -0.000031514 -0.000329551 0.999999940 0.000184978 0.000005986 -0.000019015 -0.000184985 1.000000000 0.000053001
0.999999940 0.000259897 0.000066744 -0.000322858 -0.000259912 0.999999940 0.000224226 -0.000257895 -0.000066685 -0.000224243 1.000000000 -0.001077416
1.000000000 0.000192401 0.000019246 0.000145694 -0.000192402 1.000000000 0.000034824 -0.000158792 -0.000019240 -0.000034827 1.000000000 0.000097009
1.000000000 0.000060367 0.000024558 0.000099996 -0.000060367 1.000000000 -0.000029998 -0.000510207 -0.000024560 0.000029997 1.000000000 0.000342686
1.000000000 0.000030931 0.000061079 -0.000210026 -0.000030936 1.000000000 0.000076985 -0.000631169 -0.000061077 -0.000076987 1.000000000 0.000647642
1.000000000 -0.000047127 0.000057875 -0.000347165 0.000047111 0.999999940 0.000280933 -0.000616760 -0.000057888 -0.000280930 0.999999940 0.000296067
0.999999940 0.000310680 0.000047227 0.000024723 -0.000310689 0.999999940 0.000196864 -0.000299700 -0.000047166 -0.000196879 1.000000000 -0.000707103
1.000000000 0.000190036 0.000033267 0.000030466 -0.000190036 1.000000000 -0.000011151 0.000355741 -0.000033269 0.000011144 1.000000000 -0.000789532
1.000000000 0.000009597 -0.000010307 0.000390024 -0.000009598 1.000000000 -0.000061647 0.000015331 0.000010306 0.000061648 1.000000000 0.000518633
1.000000000 0.000053423 0.000038776 0.000047828 -0.000053433 0.999999940 0.000273488 -0.000434265 -0.000038761 -0.000273490 0.999999940 0.000940068
1.000000000 0.000049863 0.000028798 0.000444657 -0.000049867 1.000000000 0.000135090 0.000210684 -0.000028792 -0.000135092 1.000000000 -0.000110859
1.000000000 0.000201662 0.000004112 0.000324802 -0.000201662 1.000000000 0.000008379 0.000016994 -0.000004110 -0.000008380 1.000000000 -0.000488765
1.000000000 -0.000065536 -0.000010628 0.000270970 0.000065536 1.000000000 -0.000037014 -0.000163807 0.000010630 0.000037013 1.000000000 0.000945593
1.000000000 -0.000131551 0.000007438 0.000618590 0.000131549 0.999999940 0.000238945 -0.000542265 -0.000007470 -0.000238944 1.000000000 0.002544023
0.999999940 -0.000298801 0.000076641 -0.000233214 0.000298781 0.999999940 0.000252475 -0.000403861 -0.000076716 -0.000252452 0.999999940 0.001500700
1.000000000 0.000180963 0.000005282 0.000567454 -0.000180964 0.999999940 0.000234952 -0.000620107 -0.000005240 -0.000234952 1.000000000 0.003859435
1.000000000 0.000147564 0.000046363 -0.000863194 -0.000147565 1.000000000 0.000010618 -0.000528906 -0.000046361 -0.000010625 1.000000000 0.000103998
1.000000000 -0.000193018 0.000026169 -0.000555755 0.000193019 1.000000000 -0.000036808 -0.000740455 -0.000026162 0.000036813 1.000000000 0.001391832
0.999999940 -0.000337182 0.000056487 -0.000902943 0.000337176 0.999999940 0.000112992 -0.000602849 -0.000056525 -0.000112972 1.000000000 0.000476315
1.000000000 0.000151064 0.000056400 -0.000331388 -0.000151074 1.000000000 0.000174572 -0.000049462 -0.000056373 -0.000174581 1.000000000 0.002220217
0.999999940 -0.000310229 0.000036973 -0.000652773 0.000310220 0.999999940 0.000226157 -0.000928108 -0.000037043 -0.000226145 1.000000000 0.000099756
0.999999881 -0.000423100 -0.000000477 0.000200490 0.000423100 0.999999881 0.000138345 -0.000660070 0.000000419 -0.000138345 1.000000000 0.002394172
0.999999821 -0.000627336 0.000002340 -0.000244572 0.000627336 0.999999821 0.000002655 -0.000703334 -0.000002342 -0.000002653 1.000000000 0.001644145
0.999999940 -0.000273646 0.000044329 0.000305131 0.000273647 0.999999940 -0.000022805 -0.000105932 -0.000044323 0.000022817 1.000000000 0.003224364
0.999999940 -0.000202236 0.000062245 0.000452165 0.000202228 0.999999940 0.000130174 -0.000584533 -0.000062271 -0.000130162 1.000000000 0.003760724
0.999999821 -0.000560869 0.000023147 0.000073571 0.000560863 0.999999821 0.000279549 -0.000674777 -0.000023303 -0.000279536 1.000000000 0.001371023
0.999999821 -0.000496906 0.000012887 0.000045323 0.000496903 0.999999821 0.000269172 -0.000452802 -0.000013021 -0.000269165 1.000000000 0.001687180
0.999999940 -0.000221259 0.000053807 0.000301109 0.000221258 0.999999940 0.000021323 -0.000009566 -0.000053812 -0.000021311 1.000000000 0.003324148
0.999999940 -0.000196816 0.000044234 0.000399293 0.000196818 0.999999940 -0.000057314 -0.000185202 -0.000044223 0.000057323 1.000000000 0.003022397
1.000000000 -0.000069959 0.000050520 -0.000078277 0.000069959 1.000000000 -0.000007613 0.000182240 -0.000050520 0.000007617 1.000000000 0.001115405
1.000000000 0.000105479 0.000076888 0.000543273 -0.000105492 1.000000000 0.000174610 -0.000007029 -0.000076870 -0.000174618 1.000000000 0.003274345
1.000000000 -0.000031459 0.000027087 -0.000345854 0.000031454 0.999999940 0.000206262 0.000042768 -0.000027094 -0.000206261 1.000000000 0.000173588
1.000000000 -0.000065567 0.000008687 0.000034702 0.000065566 1.000000000 0.000148930 -0.000008018 -0.000008697 -0.000148929 1.000000000 0.001758102
0.999999881 -0.000360370 0.000021255 -0.000080347 0.000360371 0.999999881 -0.000045775 0.000114408 -0.000021238 0.000045783 1.000000000 0.000213478
1.000000000 -0.000060649 0.000084110 -0.000249355 0.000060654 1.000000000 -0.000053951 0.000034116 -0.000084107 0.000053956 1.000000000 0.001877385
0.999999940 -0.000264335 0.000026807 -0.000093420 0.000264330 0.999999940 0.000187608 -0.000319706 -0.000026857 -0.000187601 1.000000000 0.000597387
0.999999940 -0.000214100 0.000051762 -0.000528558 0.000214087 0.999999940 0.000254570 -0.000522408 -0.000051817 -0.000254559 1.000000000 0.000357186
0.999999881 -0.000416380 -0.000005006 -0.000184801 0.000416381 0.999999881 0.000099095 -0.000291004 0.000004964 -0.000099097 1.000000000 -0.000030001
0.999999881 -0.000404597 0.000003263 -0.000088879 0.000404597 0.999999881 0.000020330 -0.000353383 -0.000003272 -0.000020328 1.000000000 -0.000107279
1.000000000 -0.000050782 0.000059791 0.000253738 0.000050791 1.000000000 -0.000152624 0.000351057 -0.000059783 0.000152627 1.000000000 0.001559296
1.000000000 -0.000139945 0.000024813 0.000004812 0.000139941 1.000000000 0.000170915 -0.000099472 -0.000024837 -0.000170912 1.000000000 0.001872559
1.000000000 -0.000044068 0.000063173 -0.000800481 0.000044054 0.999999940 0.000214121 -0.000322657 -0.000063182 -0.000214118 1.000000000 0.000460684
1.000000000 -0.000187043 0.000043574 -0.000127807 0.000187038 1.000000000 0.000115270 -0.000185285 -0.000043595 -0.000115261 1.000000000 -0.000066322
0.999999940 -0.000332081 -0.000002749 0.000222523 0.000332081 0.999999940 0.000045688 -0.000048200 0.000002733 -0.000045689 1.000000000 0.001374465
0.999999821 -0.000525280 -0.000016720 0.000256540 0.000525278 0.999999881 -0.000123313 -0.000105768 0.000016785 0.000123305 1.000000000 0.000429022
0.999999881 -0.000355177 0.000027803 -0.000540673 0.000355174 0.999999881 0.000123867 -0.000389534 -0.000027847 -0.000123857 1.000000000 -0.000752887
0.999999940 0.000335681 0.000031535 0.001034439 -0.000335688 0.999999940 0.000238855 0.000202559 -0.000031455 -0.000238865 1.000000000 0.001513494
1.000000000 0.000241479 0.000052004 0.000826104 -0.000241487 1.000000000 0.000157540 0.000129590 -0.000051966 -0.000157552 1.000000000 0.001204926
0.999999881 0.000467674 -0.000001705 0.000373683 -0.000467674 0.999999940 0.000025132 0.000572718 0.000001717 -0.000025132 1.000000000 -0.000763364
0.999999881 0.000425262 -0.000002587 0.000772136 -0.000425263 0.999999940 -0.000054359 0.000322818 0.000002563 0.000054360 1.000000119 -0.000504288
0.999999940 0.000267595 0.000002136 0.000962339 -0.000267595 0.999999940 0.000183181 0.000092478 -0.000002087 -0.000183182 1.000000000 0.001299652
0.999999940 0.000368387 0.000007801 0.000676390 -0.000368389 0.999999940 0.000255685 0.000238625 -0.000007707 -0.000255688 1.000000000 0.000277259
0.999999940 0.000336534 -0.000036781 0.001274667 -0.000336531 1.000000000 0.000080303 0.000437637 0.000036808 -0.000080291 1.000000000 0.001152359
1.000000000 0.000201016 -0.000008641 0.000733881 -0.000201016 1.000000119 -0.000033441 0.000184568 0.000008634 0.000033442 1.000000119 -0.000076823
0.999999940 0.000355061 -0.000031844 0.000954899 -0.000355059 1.000000000 0.000056455 0.000250051 0.000031864 -0.000056443 1.000000000 -0.000397281
1.000000000 0.000213851 0.000048559 0.000842627 -0.000213864 1.000000000 0.000265899 -0.000050599 -0.000048502 -0.000265910 1.000000000 0.000285773
0.999999881 0.000436729 0.000040175 0.000326088 -0.000436735 0.999999881 0.000165967 0.000460066 -0.000040102 -0.000165985 1.000000000 -0.000749490
1.000000000 0.000224103 -0.000023778 0.000815952 -0.000224102 1.000000000 0.000003154 0.000263721 0.000023778 -0.000003149 1.000000000 -0.000150785
0.999999940 0.000259826 -0.000025993 0.001021884 -0.000259826 1.000000000 -0.000000984 0.000317864 0.000025992 0.000000990 1.000000000 0.000860176
1.000000000 0.000237505 -0.000061406 0.001452021 -0.000237500 1.000000000 0.000089033 0.000258372 0.000061427 -0.000089018 1.000000000 0.001912283
0.999999940 0.000295400 0.000016804 0.000466359 -0.000295403 0.999999940 0.000211620 0.000087860 -0.000016742 -0.000211625 1.000000000 -0.000259244
0.999999940 0.000294100 0.000045839 0.000682734 -0.000294111 0.999999940 0.000240798 0.000157002 -0.000045768 -0.000240811 1.000000000 0.001098167
1.000000000 0.000065295 -0.000028838 0.001108774 -0.000065293 1.000000000 0.000052538 -0.000096817 0.000028842 -0.000052536 1.000000000 0.000627673
1.000000000 0.000135679 0.000033862 0.000448936 -0.000135676 1.000000119 -0.000060934 0.000147672 -0.000033870 0.000060930 1.000000119 -0.000517803
0.999999940 0.000285016 -0.000011641 0.000696314 -0.000285016 1.000000000 0.000057554 0.000260614 0.000011657 -0.000057551 1.000000000 -0.000401279
1.000000000 0.000186949 -0.000016861 0.001187894 -0.000186945 1.000000000 0.000209343 0.000215382 0.000016900 -0.000209340 1.000000000 0.002074652
1.000000000 0.000237918 -0.000005032 0.001021423 -0.000237917 1.000000000 0.000209607 0.000059462 0.000005081 -0.000209606 1.000000000 0.001681472
0.999999940 0.000253745 -0.000019331 0.001135042 -0.000253744 1.000000000 0.000068889 0.000011614 0.000019349 -0.000068884 1.000000000 0.001372213
1.000000000 0.000058722 -0.000007939 0.000719164 -0.000058722 1.000000119 -0.000087184 -0.000016919 0.000007934 0.000087185 1.000000119 0.000665862
1.000000000 0.000160357 -0.000012378 0.000719082 -0.000160355 1.000000000 0.000157863 -0.000024928 0.000012403 -0.000157861 1.000000000 -0.000050462
1.000000000 0.000177596 0.000010695 0.000715617 -0.000177599 1.000000000 0.000209338 0.000086820 -0.000010658 -0.000209340 1.000000000 0.001084764
1.000000000 -0.000025474 -0.000009740 0.001169810 0.000025475 1.000000000 0.000140532 -0.000180777 0.000009737 -0.000140533 1.000000000 0.001747374
1.000000000 0.000168272 -0.000029712 0.001337652 -0.000168274 1.000000119 -0.000067812 -0.000101817 0.000029700 0.000067817 1.000000119 0.001633435
0.999999940 -0.000086786 -0.000011472 0.000739403 0.000086787 1.000000000 0.000113518 -0.000163751 0.000011462 -0.000113519 1.000000000 0.001629136
0.999999940 0.000316586 -0.000017846 0.001193465 -0.000316582 0.999999940 0.000253808 -0.000009301 0.000017926 -0.000253802 1.000000000 0.001312256
1.000000000 0.000147603 -0.000019450 0.001227900 -0.000147599 1.000000000 0.000216639 -0.000280061 0.000019482 -0.000216637 1.000000000 0.003367290
0.999999940 0.000112113 -0.000038393 0.001313080 -0.000112108 0.999999940 0.000138041 0.000075797 0.000038409 -0.000138037 1.000000000 0.002456775
1.000000000 0.000031977 -0.000040159 0.001308743 -0.000031979 1.000000119 -0.000040196 -0.000113498 0.000040157 0.000040198 1.000000119 0.000806270
1.000000000 0.000214094 0.000004899 0.001346754 -0.000214095 1.000000000 0.000126901 -0.000131394 -0.000004872 -0.000126902 1.000000000 0.002672073
0.999999940 0.000315656 0.000011215 0.001134655 -0.000315658 0.999999940 0.000245237 -0.000037023 -0.000011137 -0.000245241 1.000000000 0.003184878
0.999999940 0.000352502 0.000018663 0.000896626 -0.000352507 0.999999940 0.000251306 0.000063755 -0.000018575 -0.000251313 1.000000000 0.002165849
1.000000000 -0.000050504 -0.000037723 0.001129179 0.000050510 0.999999940 0.000143044 -0.000181254 0.000037716 -0.000143046 1.000000000 0.001634929
1.000000000 -0.000036483 -0.000037812 0.001245145 0.000036485 1.000000000 0.000044226 0.000005326 0.000037811 -0.000044227 1.000000000 0.002169001
0.999999940 0.000249088 -0.000041607 0.001278446 -0.000249087 1.000000000 0.000021729 -0.000068166 0.000041613 -0.000021718 1.000000000 0.001453707
1.000000000 0.000157124 -0.000008161 0.001217094 -0.000157125 1.000000000 -0.000220487 -0.000105310 0.000008126 0.000220488 1.000000000 0.002267360
0.999999881 0.000478990 -0.000032183 0.002162560 -0.000479002 0.999999881 -0.000376334 -0.000271963 0.000032002 0.000376349 1.000000000 0.004996242
1.000000000 0.000200856 0.000038414 0.000939182 -0.000200835 0.999999881 -0.000545546 -0.000343775 -0.000038523 0.000545538 0.999999881 0.001015799
1.000000000 -0.000055978 0.000029737 0.000793573 0.000055998 0.999999762 -0.000678619 -0.000628966 -0.000029699 0.000678620 0.999999821 0.000557021
0.999999881 0.000442176 0.000064742 0.000846230 -0.000442119 0.999999523 -0.000880826 0.000426088 -0.000065132 0.000880798 0.999999642 0.000522659
1.000000000 0.000190928 -0.000000306 0.001049361 -0.000190928 0.999999702 -0.000891544 0.000213597 0.000000136 0.000891544 0.999999702 0.002030035
0.999999940 0.000112581 -0.000011510 0.000830551 -0.000112593 0.999999464 -0.001039320 0.000319212 0.000011393 0.001039321 0.999999523 -0.000711860
1.000000000 0.000066104 -0.000033344 0.001178538 -0.000066138 0.999999523 -0.001013988 0.000070428 0.000033277 0.001013991 0.999999523 0.002114941
1.000000000 -0.000154203 0.000016621 0.000785892 0.000154221 0.999999464 -0.001078106 -0.000257430 -0.000016455 0.001078108 0.999999464 0.000796478
1.000000000 -0.000133864 -0.000008484 0.001086489 0.000133856 0.999999583 -0.000942950 0.000043794 0.000008610 0.000942949 0.999999583 0.001695689
1.000000000 -0.000158262 0.000053119 0.000888394 0.000158302 0.999999762 -0.000748668 0.000166105 -0.000053000 0.000748677 0.999999762 0.001417683
0.999999762 -0.000624569 0.000019729 0.001034076 0.000624586 0.999999404 -0.000881693 0.000461383 -0.000019178 0.000881705 0.999999642 0.000980118
0.999999106 -0.001383647 0.000052703 0.001178989 0.001383695 0.999998748 -0.000927503 -0.000333238 -0.000051420 0.000927575 0.999999642 0.002768985
0.999998569 -0.001689383 0.000046986 0.001292270 0.001689416 0.999998331 -0.000703066 0.000124342 -0.000045799 0.000703144 0.999999821 0.002309003
0.999999344 -0.001202477 0.000055202 0.000854571 0.001202495 0.999999285 -0.000339901 -0.000063370 -0.000054794 0.000339967 1.000000000 0.000423884
0.999999523 -0.000972087 0.000000514 0.001564703 0.000972087 0.999999285 -0.000730181 0.000317510 0.000000196 0.000730181 0.999999762 0.002937239
0.999999642 -0.000784581 0.000015334 0.000783095 0.000784594 0.999999344 -0.000815731 0.000041918 -0.000014694 0.000815743 0.999999702 0.000043259
0.999999702 -0.000758717 0.000022791 0.001597003 0.000758732 0.999999583 -0.000650952 0.000580444 -0.000022297 0.000650969 0.999999881 0.002980294
0.999999523 -0.000984322 0.000023665 0.001211375 0.000984333 0.999999464 -0.000448986 0.000288006 -0.000023223 0.000449010 0.999999940 0.001538615
0.999999523 -0.000908514 0.000063040 0.001097704 0.000908548 0.999999464 -0.000543979 0.000665295 -0.000062546 0.000544036 0.999999881 0.000279480
0.999999523 -0.001025587 0.000072365 0.001462908 0.001025625 0.999999404 -0.000530697 0.000041692 -0.000071821 0.000530771 0.999999881 0.001976127
0.999999404 -0.001116615 0.000050444 0.001119632 0.001116648 0.999999285 -0.000647889 -0.000064440 -0.000049721 0.000647945 0.999999881 0.001946617
0.999999702 -0.000738254 -0.000006787 0.001302441 0.000738252 0.999999702 -0.000305471 0.000306398 0.000007013 0.000305465 1.000000000 0.002573332
0.999999523 -0.000954799 0.000053775 0.001189515 0.000954826 0.999999464 -0.000514154 0.000476968 -0.000053284 0.000514205 0.999999940 0.000642826
0.999999523 -0.000969289 0.000076682 0.001023056 0.000969318 0.999999523 -0.000381875 0.000230268 -0.000076312 0.000381949 1.000000000 0.001052925
0.999999106 -0.001340665 0.000086996 0.001046768 0.001340705 0.999999046 -0.000454323 0.000497262 -0.000086387 0.000454439 0.999999940 0.001353657
0.999999344 -0.001133281 0.000028554 0.000876234 0.001133283 0.999999404 -0.000078411 -0.000199953 -0.000028465 0.000078443 1.000000119 0.002316080
0.999999702 -0.000708183 0.000091003 0.000650307 0.000708184 0.999999762 -0.000009846 0.000194425 -0.000090996 0.000009910 1.000000000 -0.000327025
1.000000000 -0.000178987 -0.000011894 0.001677434 0.000178989 0.999999940 0.000142635 0.000616082 0.000011869 -0.000142637 1.000000000 0.002586532
1.000000000 -0.000046088 0.000017248 0.001188972 0.000046085 0.999999940 0.000153953 0.000424168 -0.000017255 -0.000153952 1.000000000 0.001729587
0.999999940 -0.000188284 0.000077487 0.000286941 0.000188262 1.000000000 0.000282489 0.000171112 -0.000077540 -0.000282474 1.000000000 -0.000537467
0.999999940 -0.000214422 0.000033603 0.000985868 0.000214405 0.999999881 0.000525192 0.000430822 -0.000033715 -0.000525185 0.999999940 0.000598331
0.999999940 -0.000193009 0.000047405 0.000826665 0.000192972 0.999999762 0.000781775 0.000317714 -0.000047555 -0.000781766 0.999999762 0.000772004
0.999999821 -0.000537638 -0.000044468 0.001716268 0.000537707 0.999998689 0.001557499 0.000118560 0.000043630 -0.001557523 0.999998868 0.004013523
1.000000000 -0.000121795 0.000082822 0.000665793 0.000121718 0.999999583 0.000930639 0.000449709 -0.000082935 -0.000930629 0.999999583 0.000202676
0.999999881 -0.000279544 0.000193596 -0.000752286 0.000279438 0.999999821 0.000547982 0.000217599 -0.000193750 -0.000547928 0.999999881 -0.002446299
0.999999940 -0.000334428 0.000125543 0.000042007 0.000334357 0.999999821 0.000566513 0.000450626 -0.000125732 -0.000566471 0.999999881 -0.000339817
0.999999940 -0.000303831 0.000070877 0.000953903 0.000303767 0.999999583 0.000903367 0.000517736 -0.000071152 -0.000903346 0.999999583 0.001358130
0.999999940 -0.000242559 0.000061991 0.000776406 0.000242512 0.999999702 0.000759691 0.000114211 -0.000062175 -0.000759676 0.999999762 0.001373877
0.999999940 -0.000303231 0.000094701 0.001443985 0.000303183 0.999999881 0.000510044 0.000360551 -0.000094856 -0.000510015 0.999999940 0.002916960
0.999999821 -0.000526416 0.000064335 0.001537925 0.000526352 0.999999464 0.000991654 0.000432646 -0.000064857 -0.000991620 0.999999583 0.002934606
0.999999940 -0.000339140 0.000110698 0.000788971 0.000339029 0.999999523 0.001001672 0.000268253 -0.000111037 -0.001001635 0.999999583 0.001191736
0.999999762 -0.000591172 0.000068004 0.001090217 0.000591137 0.999999702 0.000527649 0.000368549 -0.000068316 -0.000527608 0.999999940 0.001492327
0.999999940 -0.000306870 0.000065394 0.001527046 0.000306803 0.999999523 0.001017093 0.000277611 -0.000065706 -0.001017073 0.999999583 0.002853310
0.999999762 -0.000714478 0.000130750 0.000810308 0.000714327 0.999999106 0.001146073 -0.000290202 -0.000131569 -0.001145980 0.999999344 0.000142340
0.999999762 -0.000678393 0.000131090 0.001252600 0.000678289 0.999999464 0.000791115 0.000523973 -0.000131627 -0.000791026 0.999999702 0.001733675
0.999999702 -0.000697969 0.000142499 0.000850466 0.000697845 0.999999404 0.000867762 -0.000104471 -0.000143104 -0.000867663 0.999999642 -0.000087876
0.999999821 -0.000517445 0.000203091 0.000169136 0.000517353 0.999999762 0.000454245 0.000463540 -0.000203326 -0.000454139 0.999999881 -0.001657727
0.999999702 -0.000821214 0.000219073 0.000274069 0.000821320 0.999999583 -0.000486522 -0.000445459 -0.000218673 0.000486701 0.999999881 -0.001286633
0.999999583 -0.000848738 0.000168127 0.000604672 0.000848943 0.999998927 -0.001222653 0.000017106 -0.000167089 0.001222795 0.999999285 -0.001856038
0.999999702 -0.000835608 0.000206706 0.000830920 0.000835938 0.999998391 -0.001601657 0.000177281 -0.000205367 0.001601830 0.999998748 -0.000357409
0.999999762 -0.000719709 0.000152779 0.000891268 0.000720097 0.999996543 -0.002555391 0.000339339 -0.000150939 0.002555499 0.999996781 -0.000304082
0.999999702 -0.000768123 0.000126748 0.001484854 0.000768615 0.999992013 -0.003927685 -0.000433242 -0.000123730 0.003927781 0.999992311 0.003563220
0.999999583 -0.000876147 0.000122048 0.001289611 0.000876746 0.999987125 -0.004996092 -0.000031863 -0.000117670 0.004996198 0.999987543 0.006934781
0.999999762 -0.000622645 -0.000207531 0.003690619 0.000621679 0.999989092 -0.004625724 -0.000539233 0.000210409 0.004625594 0.999989331 0.017482741
0.999999642 -0.000778391 -0.000359330 0.003925452 0.000777003 0.999992311 -0.003845566 -0.001407603 0.000362321 0.003845285 0.999992549 0.031909157
0.999999702 -0.000565675 -0.000661887 0.004380090 0.000562929 0.999991298 -0.004142240 -0.001382583 0.000664224 0.004141865 0.999991179 0.037810303
0.999999404 -0.000519149 -0.000990242 0.006172802 0.000515060 0.999991357 -0.004125515 -0.002578533 0.000992375 0.004125003 0.999991000 0.050324809
0.999998927 -0.000772716 -0.001232558 0.002015045 0.000767638 0.999991238 -0.004115107 -0.002314569 0.001235727 0.004114157 0.999990702 0.042621002
0.999998510 -0.000223669 -0.001727642 0.002226735 0.000216583 0.999991596 -0.004100347 -0.002457537 0.001728545 0.004099967 0.999990106 0.049023286
0.999997258 -0.000127588 -0.002345203 0.003693134 0.000118210 0.999991953 -0.003998290 -0.001846240 0.002345694 0.003998002 0.999989271 0.063302353
0.999995112 -0.000024174 -0.003137824 0.004544784 0.000012178 0.999992669 -0.003823164 -0.002102016 0.003137894 0.003823107 0.999987841 0.074196607
0.999992907 0.000602857 -0.003712330 0.003657981 -0.000616298 0.999993384 -0.003620709 -0.001857438 0.003710122 0.003622972 0.999986529 0.081258066
0.999989390 0.000367957 -0.004585037 0.004141909 -0.000382883 0.999994636 -0.003254757 -0.002236828 0.004583815 0.003256477 0.999984145 0.092016727
0.999985456 0.000058436 -0.005415394 0.003117268 -0.000076589 0.999994397 -0.003351884 -0.001640922 0.005415167 0.003352250 0.999979734 0.099944808
0.999980211 -0.000560861 -0.006268477 0.003246236 0.000540699 0.999994695 -0.003217671 -0.001469477 0.006270248 0.003214218 0.999975204 0.112985171
0.999972403 -0.000070435 -0.007427923 0.002379539 0.000046149 0.999994636 -0.003269644 -0.001067333 0.007428114 0.003269211 0.999967039 0.124380864
0.999958456 -0.000179104 -0.009106394 0.002309585 0.000149944 0.999994874 -0.003202674 -0.001554404 0.009106922 0.003201176 0.999953389 0.137090147
0.999940217 0.000208256 -0.010925855 0.002601049 -0.000240263 0.999995708 -0.002928217 -0.001068320 0.010925196 0.002930667 0.999935985 0.149235517
0.999919415 -0.000107818 -0.012696422 0.002393780 0.000075008 0.999996662 -0.002584630 -0.000751748 0.012696659 0.002583469 0.999916017 0.160635278
0.999890208 0.000231336 -0.014816195 0.001524563 -0.000261185 0.999997914 -0.002012761 -0.001047429 0.014815698 0.002016409 0.999888182 0.174165979
0.999863267 0.000072448 -0.016531169 0.000375206 -0.000102053 0.999998510 -0.001790001 0.000226665 0.016531013 0.001791444 0.999861717 0.184732124
0.999838173 -0.001043898 -0.017956676 -0.001511157 0.001024087 0.999998808 -0.001112389 0.000197047 0.017957810 0.001093819 0.999838173 0.195848972
0.999804497 -0.002301778 -0.019638581 -0.002623030 0.002290823 0.999997199 -0.000580288 0.000629462 0.019639857 0.000535186 0.999807000 0.209779665
0.999764502 -0.002440115 -0.021563346 -0.003499454 0.002428267 0.999996901 -0.000575644 0.000874227 0.021564683 0.000523147 0.999767303 0.220647201
0.999712288 -0.002836700 -0.023818500 -0.004063164 0.002795820 0.999994576 -0.001749440 0.000485379 0.023823332 0.001682344 0.999714732 0.233524621
0.999653161 -0.002778717 -0.026187221 -0.005952131 0.002681026 0.999989271 -0.003764826 0.001701737 0.026197400 0.003693312 0.999649942 0.249576986
0.999584615 -0.002423439 -0.028717689 -0.008605002 0.002237850 0.999976397 -0.006492923 0.002671205 0.028732743 0.006425960 0.999566495 0.270333350
0.999502361 -0.003878032 -0.031305179 -0.011155139 0.003643073 0.999964774 -0.007558983 0.002330120 0.031333391 0.007441173 0.999481261 0.285755843
0.999409556 -0.004427605 -0.034071669 -0.012858887 0.004157051 0.999959230 -0.008007484 0.003764993 0.034105737 0.007861117 0.999387324 0.307850242
0.999292552 -0.003495316 -0.037445266 -0.013881334 0.003194788 0.999962211 -0.008082631 0.005468962 0.037472107 0.007957284 0.999265909 0.337530166
0.999132574 -0.004684827 -0.041378483 -0.015178150 0.004361481 0.999959290 -0.007901175 0.004979497 0.041413814 0.007713849 0.999112308 0.356217444
0.998977363 -0.002624502 -0.045136407 -0.015508310 0.002315345 0.999973536 -0.006900318 0.006883064 0.045153316 0.006788755 0.998956919 0.371043116
0.998848379 -0.002618474 -0.047907360 -0.017846782 0.002401901 0.999986649 -0.004577669 0.007486942 0.047918707 0.004457329 0.998841286 0.389555484
0.998679280 -0.002906725 -0.051295009 -0.017631726 0.002810089 0.999994159 -0.001955943 0.009025167 0.051300388 0.001809217 0.998681605 0.408956736
0.998495579 -0.002516245 -0.054774068 -0.019963842 0.002591396 0.999995768 0.001301021 0.008493264 0.054770570 -0.001441006 0.998497903 0.425734013
0.998318672 -0.003668924 -0.057847697 -0.021209672 0.003890621 0.999985516 0.003720273 0.009278986 0.057833210 -0.003939082 0.998318493 0.447069943
0.998136461 -0.003149796 -0.060939871 -0.021913633 0.003436314 0.999983490 0.004597417 0.011248965 0.060924385 -0.004798257 0.998130858 0.472087353
0.997957826 -0.004466603 -0.063720129 -0.025087928 0.004859434 0.999970138 0.006011314 0.011543846 0.063691378 -0.006308682 0.997949719 0.484224290
0.997783005 -0.004597013 -0.066394351 -0.025223309 0.005067624 0.999963224 0.006921442 0.011983824 0.066360094 -0.007242558 0.997769475 0.505816102
0.997651339 -0.004811334 -0.068326809 -0.026325142 0.005342068 0.999956965 0.007587001 0.012434143 0.068287373 -0.007934188 0.997634172 0.544484675
0.997501731 -0.005454803 -0.070430785 -0.027842496 0.006038699 0.999949098 0.008080098 0.012903584 0.070383117 -0.008485222 0.997483969 0.566475630
0.997357309 -0.004109981 -0.072535977 -0.027498178 0.004671861 0.999960303 0.007578264 0.014044794 0.072501972 -0.007897114 0.997336984 0.584727645
0.997260988 -0.003490736 -0.073880248 -0.027208479 0.004007574 0.999968529 0.006848538 0.015184370 0.073854029 -0.007125862 0.997243583 0.613529623
0.997219265 -0.002675338 -0.074475661 -0.029391030 0.003166283 0.999974012 0.006474726 0.016182983 0.074456401 -0.006692532 0.997201800 0.641817927
0.997184873 -0.003926783 -0.074879214 -0.030112183 0.004348447 0.999975562 0.005469040 0.017498383 0.074855916 -0.005779253 0.997177601 0.665794730
0.997146547 -0.003580537 -0.075405404 -0.032024786 0.004006905 0.999976814 0.005503813 0.018128755 0.075383961 -0.005790250 0.997137785 0.681828439
0.997097075 -0.002890709 -0.076085649 -0.032602824 0.003308760 0.999980092 0.005368991 0.019048665 0.076068617 -0.005605155 0.997086823 0.697948992
0.997066855 -0.002269051 -0.076501712 -0.033912346 0.002668465 0.999983311 0.005119178 0.018275289 0.076488823 -0.005308306 0.997056305 0.718544483
0.997033477 -0.002033070 -0.076942444 -0.034295123 0.002329514 0.999990225 0.003763244 0.018889589 0.076934040 -0.003931318 0.997028410 0.749898314
0.997054219 -0.001071061 -0.076692574 -0.038053900 0.001279051 0.999995649 0.002662921 0.019873794 0.076689400 -0.002753171 0.997051239 0.767261207
0.996992886 -0.002259985 -0.077460431 -0.037677787 0.002414560 0.999995291 0.001901935 0.020695765 0.077455759 -0.002083248 0.996993542 0.787972927
0.996981204 -0.001537289 -0.077627912 -0.039659627 0.001695330 0.999996603 0.001970012 0.021502819 0.077624626 -0.002095670 0.996980369 0.803498149
0.996926606 -0.002711227 -0.078293934 -0.038477696 0.002746165 0.999996126 0.000338570 0.022573752 0.078292713 -0.000552537 0.996930242 0.829534352
0.996911764 -0.003585960 -0.078447603 -0.038996898 0.003528955 0.999993384 -0.000865284 0.021113954 0.078450181 0.000585774 0.996917963 0.859024882
0.996877015 -0.002362339 -0.078934245 -0.039640583 0.002136039 0.999993324 -0.002951262 0.024071887 0.078940712 0.002773438 0.996875465 0.880778611
0.996911347 -0.001166972 -0.078525417 -0.042497307 0.000774899 0.999987066 -0.005023225 0.025544478 0.078530259 0.004946861 0.996899486 0.907003284
0.996850789 -0.001899020 -0.079277463 -0.041558366 0.001450830 0.999982655 -0.005710648 0.024057325 0.079286940 0.005577645 0.996836185 0.936367869
0.996856868 0.001500860 -0.079209678 -0.041473933 -0.001970363 0.999980867 -0.005849517 0.027173959 0.079199389 0.005987203 0.996840835 0.967133880
0.996814191 0.003459685 -0.079683572 -0.040993113 -0.003885215 0.999979019 -0.005185821 0.029428646 0.079663955 0.005478888 0.996806681 0.994568408
0.996866047 0.001250543 -0.079097606 -0.044665780 -0.001686379 0.999983788 -0.005443545 0.030396175 0.079089507 0.005559875 0.996852040 1.011100769
0.996847570 0.002897423 -0.079287805 -0.046538912 -0.003328814 0.999980390 -0.005309187 0.031052962 0.079270877 0.005556385 0.996837616 1.035135508
0.996805787 0.004156242 -0.079755850 -0.044923335 -0.004555486 0.999978006 -0.004824517 0.032199547 0.079734042 0.005172434 0.996802747 1.065009236
0.996778429 0.006557285 -0.079935677 -0.046375487 -0.006937562 0.999965906 -0.004480483 0.033396401 0.079903588 0.005020606 0.996789932 1.094189167
0.996739924 0.007667291 -0.080318108 -0.047735959 -0.007923476 0.999964476 -0.002871404 0.035457317 0.080293238 0.003498440 0.996765256 1.127909303
0.996654570 0.008918067 -0.081241146 -0.043902975 -0.008987286 0.999959469 -0.000486386 0.034682535 0.081233509 0.001214897 0.996694326 1.162964582
0.996615708 0.007237296 -0.081882380 -0.045133159 -0.007271749 0.999973476 -0.000122560 0.036970668 0.081879333 0.000717574 0.996641934 1.199749827
0.996654809 0.006738778 -0.081447825 -0.048875198 -0.006765811 0.999977112 -0.000055919 0.035114743 0.081445597 0.000606792 0.996677577 1.223238707
0.996631265 0.006299154 -0.081770957 -0.046980247 -0.006277550 0.999980271 0.000521284 0.035878990 0.081772618 -0.000006207 0.996650994 1.268514633
0.996604264 0.006442580 -0.082087524 -0.050575707 -0.006440410 0.999979198 0.000291221 0.039309733 0.082087696 0.000238446 0.996625006 1.302265763
0.996604085 0.008369171 -0.081916153 -0.054089949 -0.008394885 0.999964714 0.000030527 0.038921550 0.081913523 0.000657254 0.996639252 1.345047593
0.996569574 0.008365938 -0.082335249 -0.054683562 -0.008422236 0.999964416 -0.000336445 0.039019305 0.082329504 0.001028738 0.996604621 1.399444222
0.996549010 0.007714566 -0.082647212 -0.053527080 -0.007735875 0.999970078 0.000062395 0.040752195 0.082645223 0.000577169 0.996578872 1.442664266
0.996587515 0.007774295 -0.082176261 -0.058342487 -0.007769570 0.999969721 0.000377276 0.041527301 0.082176708 0.000262486 0.996617734 1.470114112
0.996533573 0.010303583 -0.082550868 -0.057292432 -0.010345775 0.999946475 -0.000083368 0.046262298 0.082545593 0.000937132 0.996586859 1.499382615
0.996528983 0.010922180 -0.082526132 -0.058529057 -0.010971406 0.999939740 -0.000143041 0.047229148 0.082519598 0.001047972 0.996588886 1.550799727
0.996514738 0.011320462 -0.082645312 -0.060694709 -0.011332381 0.999935746 0.000324889 0.048180550 0.082643680 0.000612811 0.996578991 1.610067964
0.996562719 0.010266184 -0.082203008 -0.064706996 -0.010255625 0.999947190 0.000550708 0.048283115 0.082204305 0.000294229 0.996615589 1.659049988
0.996536851 0.008707083 -0.082695417 -0.061330587 -0.008701990 0.999961972 0.000421998 0.049216658 0.082695961 0.000299078 0.996574700 1.713552475
0.996505499 0.009766780 -0.082953878 -0.062916130 -0.009785637 0.999952078 0.000179282 0.051335324 0.082951665 0.000633101 0.996553302 1.748398423
0.996513963 0.008670368 -0.082974568 -0.060058855 -0.008633078 0.999962389 0.000808180 0.050312325 0.082978450 -0.000089037 0.996551335 1.794312835
0.996499002 0.008936684 -0.083125979 -0.058883153 -0.008823730 0.999959588 0.001726084 0.051313821 0.083138041 -0.000986560 0.996537566 1.838875175
0.996562123 0.007998263 -0.082463659 -0.062296905 -0.007907952 0.999967694 0.001421712 0.052424092 0.082472362 -0.000764706 0.996593058 1.890264511
0.996526599 0.007758119 -0.082912818 -0.058704235 -0.007694462 0.999969900 0.001087277 0.053633902 0.082918748 -0.000445532 0.996556222 1.949699640
0.996546447 0.007345052 -0.082711406 -0.056153215 -0.007224995 0.999972343 0.001750735 0.055135846 0.082721993 -0.001147099 0.996572018 2.004003048
0.996568561 0.008340646 -0.082350120 -0.055391878 -0.008239382 0.999964774 0.001569447 0.058922388 0.082360312 -0.000885548 0.996602237 2.051852942
0.996571660 0.011759683 -0.081893094 -0.055112235 -0.011581127 0.999929368 0.002655054 0.056392867 0.081918530 -0.001697538 0.996637583 2.124982357
0.996699154 0.009777963 -0.080591910 -0.058685973 -0.009678614 0.999951839 0.001623315 0.060230948 0.080603883 -0.000837938 0.996746004 2.183374405
0.996785820 0.010409666 -0.079433762 -0.059517771 -0.010172443 0.999942482 0.003390515 0.057705108 0.079464503 -0.002571583 0.996834397 2.263642311
0.996873796 0.010174709 -0.078352757 -0.060187779 -0.009943066 0.999944985 0.003345988 0.061201915 0.078382485 -0.002556460 0.996920109 2.315865755
0.996935010 0.012040777 -0.077301733 -0.059579983 -0.011752211 0.999922156 0.004186820 0.061186679 0.077346139 -0.003265521 0.996998906 2.366692781
0.996930778 0.013062820 -0.077190779 -0.055064380 -0.012759963 0.999908864 0.004415388 0.061445568 0.077241421 -0.003416886 0.997006536 2.410862684
0.996991098 0.014844174 -0.076081641 -0.051318452 -0.014410098 0.999876618 0.006251212 0.061156631 0.076165065 -0.005136057 0.997081995 2.453532219
0.997103572 0.013017319 -0.074933328 -0.046677575 -0.012545595 0.999898374 0.006762545 0.061790120 0.075013742 -0.005802874 0.997165561 2.505187035
0.997167945 0.012365567 -0.074183501 -0.042589515 -0.011821570 0.999899924 0.007767745 0.061801951 0.074272133 -0.006868781 0.997214377 2.534574270
0.997264564 0.012321508 -0.072880119 -0.040672153 -0.011765853 0.999898374 0.008048682 0.063373387 0.072971903 -0.007169168 0.997308254 2.572941780
0.997350752 0.009954966 -0.072058283 -0.035098612 -0.009426738 0.999926150 0.007666941 0.063296348 0.072129294 -0.006967355 0.997370899 2.615837812
0.997435868 0.010643977 -0.070769593 -0.030083776 -0.010126651 0.999919355 0.007664802 0.065759182 0.070845492 -0.006928492 0.997463167 2.674101830
0.997492433 0.008548299 -0.070256494 -0.025344744 -0.008063504 0.999941707 0.007181101 0.065638438 0.070313796 -0.006596579 0.997503102 2.730193138
0.997574806 0.007826175 -0.069160439 -0.024598569 -0.007338471 0.999946415 0.007303040 0.067253433 0.069213890 -0.006777796 0.997578740 2.773531914
0.997659683 0.007442821 -0.067968801 -0.024488702 -0.006960431 0.999948919 0.007331331 0.066898048 0.068019904 -0.006841082 0.997660637 2.815075397
0.997720242 0.006633974 -0.067157947 -0.021100119 -0.006110485 0.999949336 0.007997308 0.069588095 0.067207605 -0.007568709 0.997710288 2.844902515
0.997706950 0.005627427 -0.067449465 -0.008522779 -0.005065525 0.999951065 0.008498844 0.070727520 0.067493990 -0.008137689 0.997686446 2.900510073
0.997851431 0.004482097 -0.065362617 -0.006854728 -0.003871270 0.999947667 0.009468877 0.069224916 0.065401644 -0.009195497 0.997816622 2.938659906
0.997976959 0.004975798 -0.063380659 -0.005081311 -0.004332218 0.999937713 0.010287578 0.071188636 0.063427873 -0.009992190 0.997936428 2.969310999
0.998071015 0.002926582 -0.062012210 -0.000324741 -0.002279427 0.999942243 0.010504100 0.071445480 0.062039368 -0.010342487 0.998020053 2.999440908
0.998212099 0.003038090 -0.059692699 0.001223847 -0.002410131 0.999940991 0.010589054 0.070924543 0.059721343 -0.010426256 0.998160660 3.027876377
0.998339534 0.003928978 -0.057469562 0.004189000 -0.003339070 0.999940813 0.010357122 0.072785914 0.057506848 -0.010148028 0.998293459 3.058655262
0.998457193 0.003127485 -0.055438764 0.005985275 -0.002553561 0.999942422 0.010420218 0.072064772 0.055468161 -0.010262575 0.998407722 3.089061737
0.998579502 0.003324193 -0.053175915 0.008010879 -0.002777954 0.999942660 0.010342916 0.070844986 0.053207241 -0.010180503 0.998531580 3.130897522
0.998704612 0.002787086 -0.050807122 0.008327186 -0.002284071 0.999947786 0.009955866 0.069624051 0.050832227 -0.009826922 0.998658836 3.156561375
0.998827517 0.002135084 -0.048363902 0.010591596 -0.001637369 0.999945343 0.010328335 0.069958173 0.048383303 -0.010237035 0.998776376 3.208479643
0.998958528 0.001463526 -0.045604147 0.013617456 -0.000964875 0.999939501 0.010954434 0.069426805 0.045617417 -0.010899022 0.998899519 3.244271517
0.999103129 0.001298483 -0.042323682 0.016006336 -0.000829406 0.999938071 0.011098777 0.070007592 0.042335477 -0.011053718 0.999042273 3.283031702
0.999230802 0.001018555 -0.039199587 0.018751323 -0.000585869 0.999938786 0.011047928 0.068976492 0.039208435 -0.011016466 0.999170423 3.320690632
0.999370337 -0.000679105 -0.035474602 0.018889301 0.001043134 0.999947011 0.010244175 0.070456281 0.035465758 -0.010274728 0.999318063 3.358297586
0.999493957 -0.002144584 -0.031737268 0.020257071 0.002477416 0.999942303 0.010451484 0.069500506 0.031713028 -0.010524821 0.999441564 3.394656181
0.999611199 -0.002885791 -0.027734112 0.022739798 0.003161569 0.999945939 0.009904922 0.068665169 0.027704030 -0.009988754 0.999566257 3.428868771
0.999722660 -0.002726824 -0.023390444 0.027798280 0.002932247 0.999957323 0.008752543 0.068736225 0.023365576 -0.008818703 0.999688089 3.467123032
0.999847829 -0.003821043 -0.017017867 0.031846002 0.003959306 0.999959350 0.008098242 0.068706602 0.016986234 -0.008164389 0.999822378 3.508402109
0.999950528 -0.003808202 -0.009181620 0.034587510 0.003881312 0.999960780 0.007958102 0.065784708 0.009150954 -0.007993346 0.999926150 3.551156282
0.999991119 -0.003939950 -0.001514297 0.038042225 0.003950476 0.999967635 0.007012437 0.066995531 0.001486619 -0.007018355 0.999974251 3.581969023
0.999971688 -0.004289359 0.006176731 0.040418163 0.004251723 0.999972403 0.006093366 0.065887533 -0.006202698 -0.006066931 0.999962330 3.611160517
0.999887228 -0.003119819 0.014690043 0.044694804 0.003040451 0.999980688 0.005422113 0.067656279 -0.014706675 -0.005376836 0.999877334 3.658995390
0.999663889 -0.002056802 0.025842337 0.040291939 0.001940269 0.999987841 0.004533647 0.067125075 -0.025851348 -0.004481983 0.999655724 3.694727182
0.999299407 -0.002800386 0.037321590 0.043242477 0.002681990 0.999991238 0.003222014 0.065266579 -0.037330285 -0.003119660 0.999298096 3.731163263
0.998797417 -0.003514891 0.048901767 0.046640798 0.003433508 0.999992549 0.001748130 0.064134941 -0.048907541 -0.001578123 0.998802185 3.760341167
0.998203635 -0.005115452 0.059695616 0.053999364 0.005108102 0.999986887 0.000275743 0.065457590 -0.059696250 0.000029684 0.998216510 3.794576883
0.997448444 -0.005159284 0.071203969 0.057781845 0.005296770 0.999984443 -0.001742204 0.064727262 -0.071193874 0.002114910 0.997460246 3.825821400
