1.000000000 0.000000000 0.000000000 0.000000000 0.000000000 1.000000000 0.000000000 0.000000000 0.000000000 0.000000000 1.000000000 0.000000000
0.999999523 -0.000705137 0.000704227 0.000646022 0.000705398 0.999999702 -0.000370187 0.015210153 -0.000703966 0.000370684 0.999999702 0.736594379
0.999999404 0.000844344 0.000698210 0.002195774 -0.000844517 0.999999642 0.000247527 0.029533863 -0.000698001 -0.000248116 0.999999702 1.483353734
0.999999702 0.000478560 0.000614487 0.006923635 -0.000478566 0.999999881 0.000009653 0.044788022 -0.000614482 -0.000009947 0.999999821 2.215651512
0.999999583 0.000485582 0.000765912 0.009290847 -0.000484925 0.999999523 -0.000857633 0.060212389 -0.000766328 0.000857262 0.999999285 2.957116842
0.999998510 0.001111871 0.001339125 0.010838969 -0.001110474 0.999998868 -0.001043120 0.074904218 -0.001340284 0.001041631 0.999998569 3.704080105
0.999997675 0.001711841 0.001329750 0.012841512 -0.001709871 0.999997437 -0.001480749 0.088664360 -0.001332281 0.001478472 0.999998033 4.440853119
0.999998510 0.001105959 0.001316248 0.017474793 -0.001104577 0.999998868 -0.001050282 0.104326002 -0.001317408 0.001048826 0.999998569 5.188226223
0.999997318 0.001758166 0.001504341 0.021876479 -0.001757519 0.999998391 -0.000430980 0.116668768 -0.001505097 0.000428335 0.999998689 5.924605370
0.999996424 0.002207422 0.001508117 0.026492337 -0.002207127 0.999997616 -0.000197241 0.132130742 -0.001508549 0.000193912 0.999998868 6.672215462
0.999995351 0.002431754 0.001824144 0.029923052 -0.002430251 0.999996722 -0.000825578 0.147621512 -0.001826146 0.000821142 0.999997973 7.400330544
0.999989927 0.003950867 0.002126394 0.030180121 -0.003948035 0.999991357 -0.001334594 0.161191285 -0.002131648 0.001326185 0.999996901 8.137951851
0.999990523 0.003965464 0.001714856 0.038614348 -0.003964033 0.999991715 -0.000837273 0.177847937 -0.001718162 0.000830467 0.999998152 8.885309219
0.999984860 0.005085695 0.002080523 0.036359064 -0.005084918 0.999987125 -0.000378301 0.189608216 -0.002082419 0.000367716 0.999997735 9.608802795
0.999977171 0.006408085 0.002140452 0.040544994 -0.006408007 0.999979496 -0.000042891 0.201520711 -0.002140683 0.000029174 0.999997675 10.354145050
0.999975562 0.006668527 0.002106017 0.042996138 -0.006666491 0.999977291 -0.000972189 0.215670362 -0.002112453 0.000958125 0.999997258 11.105035782
0.999958634 0.008783431 0.002356727 0.041417316 -0.008777522 0.999958336 -0.002506685 0.231190115 -0.002378646 0.002485896 0.999994099 11.819623947
0.999951720 0.009425535 0.002780440 0.041997943 -0.009413536 0.999946475 -0.004297625 0.244174659 -0.002820798 0.004271244 0.999986947 12.557153702
0.999929607 0.011525835 0.002818131 0.043246605 -0.011513288 0.999923944 -0.004428441 0.257486254 -0.002868959 0.004395684 0.999986231 13.296115875
0.999917865 0.012554184 0.002560217 0.048144169 -0.012549592 0.999919653 -0.001802020 0.272420317 -0.002582634 0.001769742 0.999995172 14.051354408
0.999930084 0.011615491 0.002215113 0.056207523 -0.011615646 0.999932528 0.000056675 0.281736523 -0.002214305 -0.000082401 0.999997556 14.773637772
0.999950945 0.009662651 0.002158289 0.063913286 -0.009668860 0.999949098 0.002884798 0.296828002 -0.002130304 -0.002905524 0.999993503 15.524517059
0.999948800 0.009903432 0.002099566 0.070190325 -0.009910835 0.999944627 0.003545145 0.311878711 -0.002064340 -0.003565772 0.999991536 16.261089325
0.999959528 0.008818280 0.001785354 0.075153619 -0.008823205 0.999957204 0.002768931 0.326057106 -0.001760861 -0.002784572 0.999994576 16.995624542
0.999972641 0.007263066 0.001404285 0.081892200 -0.007265630 0.999971926 0.001828564 0.340249419 -0.001390965 -0.001838717 0.999997318 17.735124588
0.999976635 0.006754823 0.001119318 0.086718448 -0.006756315 0.999976277 0.001333677 0.360522836 -0.001110283 -0.001341208 0.999998510 18.476657867
0.999979675 0.006320410 0.000764114 0.089660093 -0.006322495 0.999976218 0.002756259 0.377851218 -0.000746675 -0.002761034 0.999995887 19.214076996
0.999977589 0.006647408 0.000773786 0.091508731 -0.006650567 0.999969244 0.004153605 0.391159058 -0.000746152 -0.004158658 0.999991000 19.961027145
0.999968946 0.007886388 0.000165279 0.094629906 -0.007886891 0.999963462 0.003310889 0.405712366 -0.000139162 -0.003312089 0.999994457 20.703397751
0.999962628 0.008629383 -0.000516267 0.092171401 -0.008628897 0.999962330 0.000932467 0.424006522 0.000524294 -0.000927977 0.999999404 21.458583832
0.999952555 0.009663890 -0.001234508 0.094884731 -0.009664296 0.999953270 -0.000321428 0.436494291 0.001231344 0.000333344 0.999999166 22.186367035
0.999950349 0.009843575 -0.001585888 0.094643906 -0.009845029 0.999951184 -0.000911082 0.450540662 0.001576843 0.000926650 0.999998331 22.939136505
0.999949753 0.009719671 -0.002450886 0.098886192 -0.009721044 0.999952614 -0.000548399 0.467055768 0.002445440 0.000572196 0.999996841 23.701305389
0.999950111 0.009390123 -0.003423858 0.099718891 -0.009388635 0.999955893 0.000450900 0.480960041 0.003427941 -0.000418732 0.999994040 24.463865280
0.999955177 0.008461786 -0.004248435 0.098270692 -0.008453157 0.999962151 0.002044581 0.496339262 0.004265576 -0.002008576 0.999988914 25.175209045
0.999963164 0.006676021 -0.005387592 0.100056335 -0.006658673 0.999972641 0.003231422 0.510576427 0.005409019 -0.003195429 0.999980330 25.931753159
0.999965131 0.005054077 -0.006659624 0.100578889 -0.005034178 0.999982893 0.003001385 0.528080463 0.006674679 -0.002967754 0.999973357 26.691774368
0.999958813 0.004812152 -0.007698860 0.096274689 -0.004784779 0.999982178 0.003569798 0.543251991 0.007715901 -0.003532814 0.999963939 27.430913925
0.999959528 0.002896471 -0.008519766 0.092776075 -0.002881574 0.999994278 0.001760354 0.560622454 0.008524816 -0.001735732 0.999962091 28.184301376
0.999952197 0.002783426 -0.009374908 0.090454310 -0.002763215 0.999993861 0.002168024 0.576643586 0.009380884 -0.002142016 0.999953687 28.940191269
0.999950886 0.002149596 -0.009666280 0.085998803 -0.002127515 0.999995112 0.002294020 0.594530702 0.009671164 -0.002273343 0.999950588 29.682533264
0.999953568 0.002033946 -0.009418073 0.082685769 -0.002003055 0.999992490 0.003288308 0.608817220 0.009424691 -0.003269291 0.999950171 30.429250717
0.999954700 0.001885598 -0.009329198 0.080282509 -0.001854809 0.999992788 0.003307825 0.625405014 0.009335367 -0.003290372 0.999951005 31.175899506
0.999955416 0.000595662 -0.009420964 0.076314628 -0.000569730 0.999996066 0.002755036 0.645247757 0.009422570 -0.002749546 0.999951839 31.934703827
0.999957085 0.000267233 -0.009249428 0.072474033 -0.000239125 0.999995351 0.003039834 0.661421359 0.009250198 -0.003037492 0.999952674 32.690097809
0.999955237 0.000857886 -0.009422864 0.072661161 -0.000824779 0.999993503 0.003516869 0.677702308 0.009425819 -0.003508939 0.999949455 33.443222046
0.999957681 0.000683865 -0.009175008 0.063253015 -0.000657095 0.999995530 0.002920358 0.698554814 0.009176968 -0.002914205 0.999953628 34.195125580
0.999957919 0.001079890 -0.009111996 0.058518559 -0.001046653 0.999992847 0.003651605 0.713485241 0.009115873 -0.003641914 0.999951839 34.953334808
0.999957025 0.001852639 -0.009089183 0.055696011 -0.001818220 0.999991179 0.003793684 0.730779171 0.009096131 -0.003776995 0.999951482 35.710323334
0.999956608 0.001535735 -0.009185983 0.052015781 -0.001505178 0.999993443 0.003332515 0.752065063 0.009191038 -0.003318545 0.999952257 36.471153259
0.999957621 0.001899217 -0.009009215 0.046699762 -0.001868424 0.999992430 0.003425042 0.770198941 0.009015651 -0.003408064 0.999953568 37.237083435
0.999955893 0.002367086 -0.009081401 0.045841545 -0.002342764 0.999993682 0.002687852 0.785594106 0.009087703 -0.002666458 0.999955177 37.991840363
0.999953091 0.002347915 -0.009397731 0.043701380 -0.002323961 0.999993980 0.002559026 0.805467010 0.009403683 -0.002537066 0.999952614 38.756805420
0.999952197 0.002442208 -0.009470764 0.036984682 -0.002419072 0.999994040 0.002453594 0.820025444 0.009476701 -0.002430567 0.999952137 39.494163513
0.999953806 0.001952685 -0.009411963 0.032751143 -0.001937551 0.999996781 0.001616772 0.835656643 0.009415090 -0.001598461 0.999954402 40.259559631
0.999953508 0.001598043 -0.009518956 0.033118695 -0.001582635 0.999997318 0.001625982 0.854104578 0.009521529 -0.001610841 0.999953389 41.016368866
0.999949455 0.002954069 -0.009608922 0.027793795 -0.002931459 0.999992907 0.002366220 0.866821468 0.009615843 -0.002337932 0.999950945 41.753330231
0.999951243 0.002881198 -0.009442640 0.022215128 -0.002851746 0.999991059 0.003131059 0.882389128 0.009451578 -0.003103978 0.999950409 42.513034821
0.999950171 0.002039392 -0.009773441 0.023725063 -0.002006590 0.999992251 0.003364871 0.901161194 0.009780230 -0.003345093 0.999946594 43.266548157
0.999947608 0.002243847 -0.010001986 0.019766241 -0.002210583 0.999992013 0.003335594 0.916437447 0.010009394 -0.003313308 0.999944389 43.988525391
0.999948382 0.000983901 -0.010113439 0.017881274 -0.000957407 0.999996126 0.002624275 0.933745325 0.010115982 -0.002614456 0.999945402 44.736347198
0.999947548 0.001036418 -0.010193609 0.015960544 -0.001011740 0.999996603 0.002425796 0.951050639 0.010196089 -0.002415356 0.999945045 45.478332520
0.999944270 0.001200779 -0.010487280 0.007601023 -0.001164862 0.999993443 0.003430242 0.962057233 0.010491333 -0.003417835 0.999939084 46.187412262
0.999941170 0.000840867 -0.010811169 0.005758822 -0.000811416 0.999996006 0.002728191 0.976742864 0.010813421 -0.002719258 0.999937832 46.919864655
0.999939978 0.000689011 -0.010933886 0.002140403 -0.000665973 0.999997556 0.002110497 0.993141949 0.010935312 -0.002103089 0.999937952 47.653896332
0.999940753 0.001121118 -0.010828343 -0.008135140 -0.001108321 0.999998629 0.001187691 1.006297350 0.010829662 -0.001175620 0.999940634 48.359680176
0.999941766 0.000386628 -0.010787107 -0.011586189 -0.000386057 0.999999940 0.000054979 1.018041015 0.010787129 -0.000050811 0.999941826 49.078662872
0.999941349 0.000744535 -0.010807959 -0.015358448 -0.000740847 0.999999702 0.000345164 1.029307485 0.010808212 -0.000337137 0.999941528 49.799137115
0.999940574 0.000980586 -0.010857606 -0.022542298 -0.000992988 0.999998808 -0.001136964 1.043713689 0.010856482 0.001147678 0.999940336 50.489814758
0.999940336 0.000784254 -0.010896117 -0.027895510 -0.000795306 0.999999106 -0.001009960 1.057467818 0.010895316 0.001018565 0.999940038 51.196060181
0.999937773 0.000986144 -0.011110438 -0.029318869 -0.000981867 0.999999404 0.000390372 1.072429776 0.011110816 -0.000379438 0.999938190 51.907012939
0.999935210 0.001518224 -0.011278034 -0.035238326 -0.001507769 0.999998450 0.000935536 1.081435680 0.011279438 -0.000918471 0.999935985 52.589191437
0.999932647 0.002412517 -0.011345468 -0.039491057 -0.002392824 0.999995649 0.001748994 1.092645407 0.011349637 -0.001721729 0.999934077 53.283634186
0.999930799 0.002703641 -0.011449976 -0.044745207 -0.002679628 0.999994278 0.002111999 1.109819889 0.011455619 -0.002081172 0.999932230 53.980792999
0.999927461 0.003332725 -0.011574734 -0.052912951 -0.003301984 0.999991000 0.002673983 1.122868180 0.011583540 -0.002635569 0.999929428 54.641574860
0.999927938 0.003046612 -0.011611177 -0.056474030 -0.003003850 0.999988735 0.003698568 1.136656404 0.011622312 -0.003663423 0.999925733 55.328758240
0.999926865 0.003152898 -0.011675950 -0.060996234 -0.003105037 0.999986708 0.004114948 1.152384162 0.011688769 -0.004078393 0.999923348 55.997997284
0.999924779 0.003814704 -0.011657786 -0.065807998 -0.003759956 0.999981821 0.004714650 1.169022799 0.011675558 -0.004670463 0.999920905 56.672939301
0.999920130 0.003248949 -0.012218566 -0.068257272 -0.003182472 0.999980152 0.005456145 1.186926126 0.012236048 -0.005416824 0.999910474 57.356628418
0.999920666 0.002445091 -0.012354210 -0.077334881 -0.002368506 0.999977827 0.006209938 1.196293116 0.012369121 -0.006180184 0.999904335 57.989295959
0.999914587 0.003313525 -0.012636616 -0.083035707 -0.003208675 0.999960303 0.008308536 1.213420272 0.012663644 -0.008267281 0.999885619 58.657733917
0.999917090 0.002071588 -0.012707061 -0.089079022 -0.001959495 0.999959052 0.008827435 1.230104208 0.012724828 -0.008801806 0.999880254 59.301342010
0.999916553 0.001894462 -0.012778160 -0.096950889 -0.001784430 0.999961257 0.008616897 1.245184660 0.012793990 -0.008593376 0.999881208 59.951351166
0.999911129 0.002289010 -0.013135683 -0.102412641 -0.002152120 0.999943316 0.010425933 1.262179136 0.013158805 -0.010396737 0.999859333 60.594852448
0.999903083 0.002548485 -0.013687978 -0.108495951 -0.002405293 0.999942243 0.010467465 1.281729698 0.013713864 -0.010433525 0.999851465 61.233985901
0.999897957 0.001427840 -0.014210645 -0.115508974 -0.001282887 0.999947071 0.010204144 1.296544552 0.014224464 -0.010184872 0.999846876 61.876861572
0.999890745 0.000935025 -0.014753334 -0.121890604 -0.000777275 0.999942601 0.010694596 1.313948154 0.014762486 -0.010681961 0.999833941 62.506896973
0.999884725 0.001455996 -0.015119473 -0.133335173 -0.001307846 0.999951065 0.009803922 1.333292842 0.015133009 -0.009783017 0.999837577 63.127593994
0.999880552 0.000788168 -0.015436606 -0.139245033 -0.000642962 0.999955535 0.009409294 1.347264171 0.015443336 -0.009398244 0.999836564 63.761268616
0.999875605 0.001691863 -0.015682401 -0.155826747 -0.001528043 0.999944150 0.010452168 1.359617233 0.015699208 -0.010426905 0.999822378 64.371391296
0.999873102 0.001379762 -0.015868213 -0.156438231 -0.001216517 0.999946296 0.010292621 1.378988624 0.015881557 -0.010272012 0.999821126 65.008827209
0.999876797 0.001683209 -0.015604815 -0.165270329 -0.001524999 0.999947369 0.010144905 1.396114349 0.015621067 -0.010119859 0.999826729 65.629257202
0.999886811 0.000463726 -0.015047067 -0.172518790 -0.000294680 0.999936819 0.011234726 1.412135482 0.015051330 -0.011229019 0.999823689 66.242881775
0.999893188 0.000360882 -0.014610732 -0.177971363 -0.000173941 0.999918163 0.012794064 1.427590370 0.014614151 -0.012790155 0.999811530 66.847831726
0.999898791 0.000235785 -0.014225823 -0.184598744 -0.000038423 0.999903798 0.013872215 1.444476485 0.014227725 -0.013870262 0.999802589 67.446289062
0.999904573 0.000070060 -0.013820322 -0.189419329 0.000135303 0.999889672 0.014857957 1.458934307 0.013819839 -0.014858408 0.999794126 68.031272888
0.999906301 0.000430940 -0.013684242 -0.195108652 -0.000206234 0.999865174 0.016417949 1.476039529 0.013689473 -0.016413588 0.999771535 68.602722168
0.999913454 -0.000427605 -0.013148750 -0.205099046 0.000666853 0.999834120 0.018196546 1.489953876 0.013138789 -0.018203732 0.999747932 69.145263672
0.999920070 -0.000521220 -0.012632030 -0.210243344 0.000768106 0.999808609 0.019547477 1.506270766 0.012619425 -0.019555623 0.999729156 69.681747437
0.999926388 -0.000530877 -0.012123538 -0.214621246 0.000783518 0.999782443 0.020843698 1.521587610 0.012109835 -0.020851659 0.999709249 70.194190979
0.999933004 -0.000065115 -0.011573014 -0.219625533 0.000311504 0.999773324 0.021289380 1.536718130 0.011569005 -0.021291558 0.999706328 70.679756165
0.999938130 0.001056231 -0.011071898 -0.225799978 -0.000821167 0.999774635 0.021213794 1.549816132 0.011091810 -0.021203391 0.999713600 71.137992859
0.999941528 0.001507276 -0.010705738 -0.230345488 -0.001284425 0.999783099 0.020792402 1.564420700 0.010734756 -0.020777434 0.999726474 71.574096680
0.999947667 0.001156546 -0.010162221 -0.232265890 -0.000943077 0.999779284 0.020985898 1.575687647 0.010184250 -0.020975217 0.999728143 71.984474182
0.999955237 0.001360808 -0.009364225 -0.234283805 -0.001172386 0.999797344 0.020097636 1.588649750 0.009389676 -0.020085761 0.999754190 72.370338440
0.999961197 0.001174915 -0.008733355 -0.236887187 -0.001014165 0.999830425 0.018388141 1.599082232 0.008753479 -0.018378569 0.999792755 72.734710693
0.999965787 0.001257563 -0.008174321 -0.240688860 -0.001119423 0.999856830 0.016882032 1.609718323 0.008194381 -0.016872304 0.999823987 73.083442688
0.999968171 0.002483919 -0.007584435 -0.242782682 -0.002358016 0.999859929 0.016564298 1.618349195 0.007624519 -0.016545890 0.999834001 73.418304443
0.999970794 0.003513825 -0.006783388 -0.246836245 -0.003412910 0.999884188 0.014831501 1.627498150 0.006834717 -0.014807917 0.999867022 73.738380432
0.999973238 0.003847481 -0.006223468 -0.248188734 -0.003761295 0.999897599 0.013801572 1.636252761 0.006275933 -0.013777792 0.999885321 74.048683167
0.999980330 0.003558828 -0.005163286 -0.248466745 -0.003489141 0.999903560 0.013443409 1.646114111 0.005210632 -0.013425130 0.999896288 74.353851318
0.999986947 0.003476781 -0.003728636 -0.246796072 -0.003429863 0.999915779 0.012516505 1.653041601 0.003771839 -0.012503558 0.999914706 74.649871826
0.999991715 0.003300267 -0.002377356 -0.245061517 -0.003273914 0.999934077 0.011004929 1.660301089 0.002413519 -0.010997055 0.999936640 74.947113037
0.999991953 0.003936667 -0.000945152 -0.245307714 -0.003926688 0.999938846 0.010337088 1.667165756 0.000985788 -0.010333294 0.999946117 75.243385315
0.999989867 0.004362783 0.001116897 -0.243893430 -0.004373870 0.999939203 0.010124427 1.675563097 -0.001072658 -0.010129212 0.999948144 75.541114807
0.999984145 0.004316134 0.003645331 -0.239743263 -0.004350590 0.999945462 0.009497516 1.682354689 -0.003604140 -0.009513226 0.999948263 75.837043762
0.999966562 0.004606111 0.006754979 -0.234771550 -0.004662688 0.999953985 0.008384082 1.691786408 -0.006716050 -0.008415299 0.999942005 76.139862061
0.999930501 0.005413911 0.010471057 -0.229375422 -0.005507680 0.999944806 0.008946978 1.699737668 -0.010422042 -0.009004029 0.999905109 76.445457458
0.999880016 0.005028110 0.014650574 -0.221366525 -0.005148961 0.999952912 0.008222790 1.708449364 -0.014608540 -0.008297238 0.999858797 76.755958557
0.999798119 0.005468407 0.019334491 -0.210992455 -0.005586183 0.999966264 0.006042776 1.716139078 -0.019300794 -0.006149561 0.999794900 77.065376282
0.999673843 0.005087344 0.025026467 -0.195944190 -0.005245172 0.999966741 0.006244858 1.723821878 -0.024993867 -0.006374090 0.999667227 77.382499695
0.999476671 0.005850218 0.031814545 -0.180767536 -0.006072153 0.999957800 0.006883787 1.731829166 -0.031772930 -0.007073367 0.999469995 77.705604553
0.999205589 0.006163822 0.039372250 -0.164149284 -0.006407309 0.999961078 0.006061024 1.738374949 -0.039333351 -0.006308480 0.999206185 78.027427673
0.998837829 0.005995332 0.047823552 -0.141805172 -0.006264309 0.999965370 0.005476470 1.746846795 -0.047789056 -0.005769687 0.998840809 78.357933044
0.998331010 0.005748573 0.057464737 -0.113735676 -0.006072103 0.999966621 0.005457023 1.754114628 -0.057431448 -0.005796847 0.998332560 78.690673828
0.997621477 0.005681510 0.068694912 -0.080950260 -0.006011152 0.999971330 0.004592882 1.763357282 -0.068666853 -0.004994893 0.997627079 79.026527405
0.996645570 0.006335852 0.081594490 -0.043645382 -0.006711756 0.999968231 0.004333517 1.770859241 -0.081564419 -0.004866622 0.996656179 79.366180420
0.995365143 0.008187140 0.095818192 -0.003190994 -0.008815312 0.999942243 0.006134388 1.780356050 -0.095762432 -0.006950622 0.995379925 79.713088989
0.993778944 0.008422741 0.111051098 0.046297073 -0.009099563 0.999942899 0.005589248 1.787486434 -0.110997699 -0.006564993 0.993798971 80.061882019
0.991919458 0.008553479 0.126579911 0.109524727 -0.009314735 0.999941885 0.005423347 1.797918439 -0.126526162 -0.006558583 0.991941571 80.411537170
0.989638090 0.008082558 0.143356502 0.178750992 -0.009080553 0.999938846 0.006308730 1.807260990 -0.143296763 -0.007545116 0.989651024 80.771545410
0.986918569 0.008465128 0.160997018 0.251209259 -0.009658771 0.999931335 0.006632878 1.817250609 -0.160929859 -0.008101144 0.986932576 81.125740051
0.983724177 0.008587587 0.179479852 0.333756447 -0.009912534 0.999929845 0.006486605 1.823510647 -0.179411560 -0.008160130 0.983740270 81.485931396
0.979845524 0.008726508 0.199565843 0.421704292 -0.010205666 0.999927461 0.006384361 1.831568360 -0.199495673 -0.008292389 0.979863584 81.837318420
0.975163937 0.009871613 0.221264303 0.514499664 -0.011215487 0.999925435 0.004818043 1.833764076 -0.221200287 -0.007179969 0.975201964 82.187484741
0.970037818 0.010897386 0.242709368 0.630084991 -0.012125943 0.999920130 0.003568501 1.848603368 -0.242651090 -0.006404662 0.970092475 82.557151794
0.964133620 0.012855205 0.265105844 0.748168945 -0.013975484 0.999899626 0.002339903 1.857078552 -0.265049189 -0.005960962 0.964216471 82.917335510
0.957428753 0.013212831 0.288367003 0.879293442 -0.014225173 0.999897778 0.001415241 1.863817573 -0.288318813 -0.005457064 0.957518935 83.278076172
0.949967682 0.013848508 0.312040925 1.021343231 -0.014710095 0.999891639 0.000407341 1.871054411 -0.312001407 -0.004977112 0.950068593 83.637527466
0.942094326 0.013495735 0.335076183 1.192617416 -0.014104290 0.999900281 -0.000617226 1.888691545 -0.335051030 -0.004144526 0.942190945 84.018547058
0.932242513 0.012784773 0.361608177 1.341064453 -0.013001286 0.999913812 -0.001834354 1.888695121 -0.361600459 -0.002991309 0.932328343 84.350296021
0.921500802 0.013451712 0.388143718 1.519710541 -0.013252256 0.999907136 -0.003190826 1.895490408 -0.388150603 -0.002203431 0.921593308 84.706947327
0.909539759 0.013160663 0.415408522 1.698024750 -0.012600558 0.999912262 -0.004089472 1.896070600 -0.415425897 -0.001514841 0.909625769 85.042106628
0.896294117 0.013944459 0.443240911 1.908390045 -0.013319180 0.999901056 -0.004523898 1.893408060 -0.443260133 -0.001848862 0.896391034 85.383354187
0.881408930 0.014007412 0.472146243 2.103118896 -0.012275681 0.999901831 -0.006748213 1.901271820 -0.472194463 0.000152019 0.881494403 85.711929321
0.865403712 0.012816425 0.500911236 2.324859619 -0.009452238 0.999912441 -0.009253741 1.901356220 -0.500986040 0.003273490 0.865449190 86.031707764
0.848356545 0.009564630 0.529338896 2.572586060 -0.001868935 0.999884665 -0.015071636 1.899757147 -0.529422045 0.011796821 0.848276556 86.344169617
0.830165148 0.004806840 0.557497025 2.829254150 0.008028980 0.999755919 -0.020575982 1.881587625 -0.557460010 0.021557594 0.829923987 86.620010376
0.810178041 0.005983851 0.586153269 3.090198517 0.010762473 0.999627471 -0.025080711 1.895717978 -0.586085021 0.026628297 0.809811831 86.942237854
0.788819551 0.012051662 0.614506662 3.354621887 0.009562020 0.999446094 -0.031875487 1.893554211 -0.614550471 0.031019935 0.788267374 87.233634949
0.767211020 0.019964907 0.641084015 3.620399475 0.005582016 0.999269605 -0.037799906 1.891397238 -0.641370535 0.032579046 0.766539216 87.525909424
0.744796813 0.025093528 0.666819274 3.906703949 0.002885435 0.999162197 -0.040823013 1.887902975 -0.667284966 0.032328915 0.744100511 87.806663513
0.721891522 0.024829283 0.691560626 4.212162018 0.006934450 0.999046445 -0.043107621 1.884784698 -0.691971302 0.035914619 0.721031070 88.069976807
0.698263645 0.019936055 0.715563059 4.529632568 0.014461308 0.999015331 -0.041944917 1.881876707 -0.715694547 0.039636582 0.697287798 88.320159912
0.673748136 0.014848257 0.738811791 4.845634460 0.023459429 0.998864353 -0.041468117 1.878196478 -0.738588631 0.045271166 0.672634780 88.544555664
0.648662686 0.013905059 0.760949075 5.177536011 0.028841741 0.998665810 -0.042834755 1.863462448 -0.760529399 0.049732406 0.647396147 88.755126953
0.621937513 0.013617285 0.782948434 5.495174408 0.029267861 0.998745978 -0.040619504 1.862604856 -0.782519758 0.048178025 0.620758951 88.984497070
0.594281137 0.015267519 0.804112494 5.827369690 0.023229955 0.999076784 -0.036137421 1.856788874 -0.803921819 0.040155280 0.593377829 89.205131531
0.567353964 0.016835554 0.823302031 6.159042358 0.018290354 0.999286592 -0.033038486 1.845092893 -0.823270857 0.033802994 0.566641331 89.414855957
0.540348113 0.018156242 0.841245592 6.495506287 0.016716808 0.999338210 -0.032305811 1.835571766 -0.841275394 0.031519331 0.539687097 89.602935791
0.512357533 0.017749142 0.858588755 6.853900909 0.018748241 0.999316931 -0.031846233 1.841571093 -0.858567536 0.032413680 0.511674821 89.775588989
0.484335333 0.016044395 0.874735236 7.203388214 0.023064096 0.999250174 -0.031098690 1.840089202 -0.874578297 0.035237171 0.483602166 89.935005188
0.457938492 0.015069494 0.888856173 7.563533783 0.026115812 0.999196708 -0.030395044 1.833864570 -0.888600111 0.037132263 0.457177043 90.080535889
0.432644606 0.014692766 0.901444793 7.920207977 0.027380837 0.999191880 -0.029427273 1.828878164 -0.901148617 0.037413862 0.431892663 90.223999023
0.408912629 0.014501254 0.912458301 8.281101227 0.028577453 0.999179840 -0.028686289 1.827807784 -0.912126005 0.037805922 0.408162802 90.356666565
0.385846615 0.014720722 0.922445476 8.641265869 0.028767982 0.999194503 -0.027978772 1.825721025 -0.922114372 0.037332412 0.385112315 90.486297607
0.364269316 0.014518506 0.931180477 9.003957748 0.029054390 0.999214709 -0.026945077 1.823341846 -0.930840313 0.036870155 0.363561451 90.603546143
0.344154656 0.014117341 0.938806772 9.366075516 0.029954467 0.999212861 -0.026006624 1.821213484 -0.938435018 0.037071761 0.343460917 90.715385437
0.325336784 0.014019467 0.945494235 9.729194641 0.030648790 0.999208391 -0.025361912 1.821673989 -0.945101380 0.037229411 0.324649543 90.821266174
0.307243705 0.013374642 0.951536894 10.092590332 0.031367637 0.999215543 -0.024173165 1.819722891 -0.951113760 0.037274510 0.306583107 90.917724609
0.289680809 0.013201491 0.957032263 10.452098846 0.032172814 0.999205649 -0.023521516 1.818806171 -0.956582427 0.037604161 0.289025873 91.009048462
0.272623032 0.012617375 0.962038159 10.807546616 0.033479534 0.999184072 -0.022592004 1.815300703 -0.961538255 0.038367692 0.271978110 91.092063904
0.256810814 0.012437599 0.966381609 11.167367935 0.034012586 0.999181449 -0.021898404 1.815578818 -0.965862989 0.038492888 0.256177545 91.169219971
0.241750374 0.012479177 0.970258176 11.521442413 0.035092819 0.999150693 -0.021594539 1.812432051 -0.969703674 0.039269593 0.241107091 91.245254517
0.227670938 0.012729767 0.973654926 11.877649307 0.035222739 0.999152482 -0.021299306 1.811121225 -0.973100901 0.039144035 0.227029592 91.314048767
0.214006513 0.013403247 0.976740301 12.245429993 0.034982629 0.999159217 -0.021375682 1.815407872 -0.976205647 0.038743466 0.213357747 91.381088257
0.201051936 0.014226967 0.979477227 12.605529785 0.035802878 0.999119699 -0.021861339 1.814480066 -0.978926063 0.039463375 0.200365603 91.441253662
0.188830629 0.013837762 0.981912196 12.977233887 0.036290623 0.999119461 -0.021059273 1.817162991 -0.981338859 0.039610844 0.188162133 91.499740601
0.177215070 0.013148444 0.984084308 13.343914032 0.037408382 0.999098182 -0.020085588 1.816152811 -0.983460963 0.040372472 0.176563382 91.550872803
0.166266844 0.013249390 0.985991776 13.712266922 0.037894212 0.999085248 -0.019815398 1.817387819 -0.985352516 0.040658023 0.165612698 91.601539612
0.155715004 0.013298368 0.987712502 14.078335762 0.038323853 0.999075234 -0.019493191 1.817791820 -0.987058342 0.040888324 0.155061379 91.649612427
0.145650476 0.013139154 0.989248872 14.453637123 0.038545460 0.999077201 -0.018944873 1.817408323 -0.988584995 0.040890381 0.145009607 91.694648743
0.136092246 0.012336926 0.990619361 14.822558403 0.039119110 0.999075711 -0.017816460 1.819341183 -0.989923596 0.041176837 0.135483876 91.736091614
0.127177492 0.011369183 0.991814792 15.187911034 0.039245255 0.999093592 -0.016484924 1.825231791 -0.991103232 0.041020535 0.126616061 91.775962830
0.118364461 0.011328828 0.992905557 15.564116478 0.040089313 0.999065101 -0.016178159 1.825564384 -0.992160618 0.041719817 0.117799640 91.812355042
0.109852247 0.010956829 0.993887544 15.947877884 0.040817015 0.999045968 -0.015525115 1.826564312 -0.993109524 0.042272989 0.109300241 91.843231201
0.101605050 0.009753548 0.994777024 16.325870514 0.040910751 0.999065101 -0.013974154 1.827245712 -0.993983328 0.042116921 0.101111040 91.872802734
0.093381807 0.010042159 0.995579660 16.702121735 0.040726539 0.999073684 -0.013897406 1.830138087 -0.994797051 0.041844282 0.092886336 91.904235840
0.085564330 0.009853399 0.996283889 17.070545197 0.040048338 0.999108970 -0.013320828 1.840142965 -0.995527446 0.041039303 0.085093468 91.930305481
0.077607289 0.009501579 0.996938765 17.459693909 0.040241472 0.999109864 -0.012654893 1.842884541 -0.996171534 0.041100394 0.077155843 91.953453064
0.070216902 0.009737982 0.997484207 17.850580215 0.040559001 0.999097645 -0.012608841 1.845308423 -0.996706903 0.041342314 0.069758564 91.972564697
0.062970318 0.009939493 0.997965932 18.237367630 0.041591253 0.999055624 -0.012574697 1.848456860 -0.997148395 0.042298481 0.062497448 91.988296509
0.055953886 0.010150925 0.998381734 18.619983673 0.041009478 0.999081194 -0.012456393 1.851118684 -0.997590840 0.041640099 0.055486191 92.005027771
0.049601641 0.010192996 0.998717070 19.004152298 0.040704582 0.999096453 -0.012218477 1.860596418 -0.997939289 0.041258413 0.049141925 92.017898560
0.043993365 0.010191101 0.998979807 19.404296875 0.040882092 0.999091983 -0.011992622 1.864999771 -0.998194993 0.041367989 0.043536786 92.029403687
0.039177701 0.010697733 0.999175012 19.799640656 0.041952219 0.999043405 -0.012341270 1.867437601 -0.998351157 0.042401109 0.038691431 92.037796021
0.035133786 0.010805312 0.999324203 20.199073792 0.042542532 0.999018967 -0.012297703 1.869013190 -0.998476684 0.042945847 0.034639642 92.044998169
0.032011025 0.010655099 0.999430656 20.597904205 0.042511526 0.999023736 -0.012012372 1.873051167 -0.998583019 0.042871851 0.031526815 92.057418823
0.029369712 0.010703918 0.999511302 20.998653412 0.042341884 0.999031723 -0.011942960 1.876605988 -0.998671293 0.042671949 0.028888062 92.064369202
0.026719695 0.011518480 0.999576628 21.388254166 0.041760322 0.999047816 -0.012628686 1.882711649 -0.998770237 0.042080078 0.026213240 92.073196411
0.024180282 0.011500411 0.999641418 21.797876358 0.042252801 0.999028563 -0.012515410 1.885895729 -0.998814344 0.042540275 0.023670863 92.079483032
0.021902718 0.010483811 0.999705136 22.218429565 0.042337984 0.999038219 -0.011404408 1.890595675 -0.998863280 0.042575285 0.021437787 92.085258484
0.020005397 0.010393285 0.999745965 22.631841660 0.043255500 0.999000549 -0.011251103 1.896438718 -0.998863697 0.043469585 0.019535845 92.088615417
0.017766852 0.012358231 0.999765813 23.046936035 0.042894561 0.998993516 -0.013110965 1.897560954 -0.998921633 0.043117456 0.017218877 92.093826294
0.016050883 0.012172491 0.999797106 23.462139130 0.043201555 0.998983622 -0.012856151 1.901578784 -0.998937428 0.043399144 0.015508702 92.097000122
0.014624770 0.011357675 0.999828398 23.854431152 0.042688947 0.999016643 -0.011972874 1.907330275 -0.998981357 0.042856734 0.014125542 92.101119995
0.013168154 0.011461146 0.999847591 24.278558731 0.042776801 0.999012411 -0.012014951 1.911118865 -0.998997808 0.042928502 0.012664879 92.104583740
0.011784165 0.011758630 0.999861360 24.709711075 0.043055747 0.998997450 -0.012255916 1.917757154 -0.999003172 0.043194201 0.011266075 92.106597900
0.010650312 0.012577550 0.999864101 25.140522003 0.042741373 0.999001205 -0.013021966 1.921110392 -0.999029398 0.042874243 0.010102093 92.108322144
0.009946156 0.011194159 0.999887764 25.571685791 0.042947598 0.999009788 -0.011611542 1.923782587 -0.999027789 0.043058280 0.009455546 92.108848572
0.009190569 0.011053270 0.999896646 25.987529755 0.043729849 0.998977780 -0.011445058 1.925796866 -0.999001086 0.043830518 0.008697817 92.110443115
0.008262891 0.011733430 0.999897003 26.411138535 0.043374121 0.998985887 -0.012081171 1.929723740 -0.999024749 0.043469477 0.007745586 92.118118286
0.007594876 0.012988392 0.999886811 26.867349625 0.043556195 0.998962343 -0.013307223 1.940323353 -0.999022126 0.043652326 0.007021270 92.112541199
0.006695319 0.013819599 0.999882042 27.320075989 0.042531453 0.998995721 -0.014092144 1.944087863 -0.999072671 0.042620789 0.006100827 92.114830017
0.005943174 0.012919585 0.999898911 27.785446167 0.041891098 0.999035537 -0.013157422 1.948902488 -0.999104500 0.041965052 0.005396226 92.115562439
0.005494935 0.011997518 0.999912918 28.239358902 0.043023389 0.998999298 -0.012222987 1.951910973 -0.999059021 0.043086816 0.004973262 92.112556458
0.005072997 0.011656128 0.999919176 28.711206436 0.042858612 0.999010682 -0.011862976 1.958954334 -0.999068320 0.042915329 0.004568413 92.108680725
0.003789235 0.011163250 0.999930501 29.152397156 0.043223262 0.999001265 -0.011316673 1.965458989 -0.999058306 0.043263141 0.003302939 92.121643066
0.003271250 0.009982298 0.999944746 29.623764038 0.043781295 0.998989880 -0.010115992 1.970165014 -0.999035776 0.043811969 0.002830908 92.118438721
0.002454591 0.009810109 0.999948859 30.105728149 0.044353504 0.998966753 -0.009909348 1.976198912 -0.999012887 0.044375561 0.002016943 92.115554810
0.001608750 0.010344302 0.999945223 30.591218948 0.044287305 0.998964608 -0.010405411 1.979745150 -0.999017537 0.044301618 0.001148963 92.113212585
0.000918650 0.011207481 0.999936759 31.072128296 0.044720296 0.998936355 -0.011237353 1.982665062 -0.998999119 0.044727795 0.000416471 92.113380432
0.000248325 0.011489716 0.999933958 31.565811157 0.044198293 0.998956680 -0.011489462 1.991055012 -0.999022782 0.044198234 -0.000259760 92.113853455
-0.000550239 0.011066663 0.999938607 32.059501648 0.044765640 0.998936474 -0.011030939 2.003844500 -0.998997390 0.044756819 -0.001045061 92.110198975
-0.001243790 0.011397175 0.999934256 32.563461304 0.044813380 0.998931110 -0.011329999 2.009278297 -0.998994648 0.044796336 -0.001753207 92.106521606
-0.002256860 0.012469873 0.999919653 33.070880890 0.047212254 0.998808563 -0.012349457 2.012344360 -0.998882413 0.047180597 -0.002842902 92.100891113
-0.002715865 0.013214631 0.999909043 33.580902100 0.046607912 0.998827636 -0.013073750 2.015919209 -0.998909593 0.046568170 -0.003328588 92.095535278
-0.003528502 0.013509397 0.999902546 34.091979980 0.046422053 0.998832941 -0.013331130 2.027094841 -0.998915672 0.046370488 -0.004151517 92.092124939
-0.004434177 0.013225058 0.999902785 34.612316132 0.046144895 0.998849988 -0.013006502 2.030822754 -0.998924851 0.046082731 -0.005039347 92.090637207
-0.005024637 0.012969447 0.999903321 35.140247345 0.047044944 0.998811781 -0.012718881 2.035852909 -0.998880088 0.046976481 -0.005628812 92.083862305
-0.005557858 0.012351322 0.999908328 35.674659729 0.047070567 0.998818636 -0.012076226 2.043438435 -0.998876095 0.046999130 -0.006132676 92.077270508
-0.006008166 0.010849296 0.999923110 36.183155060 0.047343358 0.998822927 -0.010552889 2.050807476 -0.998860598 0.047276314 -0.006514736 92.070816040
-0.006787074 0.010281845 0.999924123 36.724761963 0.047771491 0.998808801 -0.009946125 2.056864977 -0.998835266 0.047700360 -0.007270168 92.066551208
-0.007172650 0.010462516 0.999919593 37.269546509 0.047467705 0.998821676 -0.010110531 2.064856768 -0.998847067 0.047391366 -0.007660829 92.057754517
-0.007234325 0.010395661 0.999919772 37.805522919 0.047471393 0.998822093 -0.010040797 2.068774939 -0.998846471 0.047394946 -0.007719298 92.049247742
-0.007455860 0.009368734 0.999928236 38.338558197 0.047451939 0.998832941 -0.009004649 2.080545902 -0.998845696 0.047381401 -0.007891722 92.044502258
-0.007572625 0.009454628 0.999926567 38.894210815 0.048279233 0.998792648 -0.009078275 2.086147070 -0.998805165 0.048206951 -0.008019944 92.036376953
-0.007323506 0.009205821 0.999930739 39.453449249 0.048273899 0.998795033 -0.008841805 2.095347643 -0.998807371 0.048205812 -0.007759082 92.027671814
-0.007154775 0.007763966 0.999944210 40.006855011 0.047657013 0.998836279 -0.007414368 2.103714705 -0.998838186 0.047601301 -0.007516456 92.022697449
-0.007094628 0.006892100 0.999951005 40.563640594 0.047134824 0.998867154 -0.006550207 2.116478682 -0.998863280 0.047086060 -0.007411449 92.019874573
-0.006666758 0.006591113 0.999956071 41.133220673 0.047212373 0.998865187 -0.006269155 2.126327038 -0.998862505 0.047168501 -0.006970375 92.016304016
-0.005996629 0.006450741 0.999961257 41.705535889 0.047241282 0.998864532 -0.006160367 2.133152962 -0.998865426 0.047202505 -0.006294562 92.009407043
-0.005645500 0.007391884 0.999956727 42.280887604 0.046702020 0.998883545 -0.007120282 2.141524315 -0.998892903 0.046659805 -0.005984413 92.004951477
-0.005468100 0.008239853 0.999951065 42.844085693 0.046182442 0.998901248 -0.007978659 2.152448654 -0.998918056 0.046136562 -0.005842627 92.005317688
-0.004892707 0.009288007 0.999944866 43.434799194 0.046134144 0.998894274 -0.009052515 2.162892342 -0.998923242 0.046087317 -0.005315791 92.001045227
-0.004526901 0.010323094 0.999936402 44.020736694 0.045732945 0.998902619 -0.010105381 2.172945976 -0.998943508 0.045684297 -0.004994038 91.998397827
-0.003970547 0.009473917 0.999947250 44.624973297 0.045575928 0.998917758 -0.009283193 2.178498507 -0.998952985 0.045536667 -0.004398031 91.993209839
-0.003386076 0.008587633 0.999957383 45.207382202 0.045243271 0.998940587 -0.008425695 2.188795805 -0.998970270 0.045212809 -0.003771021 91.989082336
-0.002742453 0.008891623 0.999956667 45.813732147 0.045629159 0.998920143 -0.008757262 2.197669983 -0.998954773 0.045603167 -0.003145208 91.984741211
-0.002241185 0.009151478 0.999955654 46.407970428 0.045697127 0.998914480 -0.009039528 2.203124762 -0.998952806 0.045674842 -0.002656949 91.983306885
-0.001858050 0.007960029 0.999966562 46.993217468 0.045642544 0.998926818 -0.007866943 2.215370178 -0.998956084 0.045626398 -0.002219371 91.979713440
-0.001379346 0.008065452 0.999966502 47.586906433 0.045786407 0.998919308 -0.007993846 2.221295118 -0.998950303 0.045773849 -0.001747143 91.976295471
-0.000904852 0.009081062 0.999958396 48.175834656 0.045744207 0.998912334 -0.009030171 2.229482412 -0.998952687 0.045734130 -0.001319274 91.975318909
-0.000336889 0.008531677 0.999963582 48.764144897 0.046214584 0.998895407 -0.008506993 2.238140106 -0.998931408 0.046210036 -0.000730805 91.970611572
-0.000171260 0.007856431 0.999969065 49.322864532 0.046169881 0.998902857 -0.007840145 2.244276047 -0.998933613 0.046167113 -0.000533803 91.973808289
0.000222353 0.008192971 0.999966443 49.903533936 0.046651956 0.998877645 -0.008194423 2.251000404 -0.998911142 0.046652220 -0.000160115 91.972366333
0.000849278 0.008298475 0.999965250 50.486473083 0.046513073 0.998883009 -0.008328998 2.258798361 -0.998917341 0.046518538 0.000462342 91.969322205
0.001114618 0.007152154 0.999973774 51.062652588 0.046551630 0.998889983 -0.007196290 2.268075228 -0.998915255 0.046558432 0.000780437 91.969047546
0.001473620 0.007293676 0.999972343 51.634475708 0.046785574 0.998878002 -0.007354639 2.275309324 -0.998903990 0.046795115 0.001130728 91.967987061
0.001831643 0.008549199 0.999961853 52.211132050 0.047131266 0.998851478 -0.008626036 2.282938480 -0.998887002 0.047145255 0.001426605 91.966110229
0.002272932 0.009192633 0.999955177 52.777561188 0.046693847 0.998866081 -0.009288757 2.289906740 -0.998906672 0.046712857 0.001841115 91.966117859
