1.000000000 0.000000000 0.000000000 0.000000000 0.000000000 1.000000000 0.000000000 0.000000000 0.000000000 0.000000000 1.000000000 0.000000000
0.999999523 -0.000700668 0.000703441 0.000743626 0.000700928 0.999999702 -0.000368587 0.015180454 -0.000703183 0.000369079 0.999999702 0.735773325
0.999999404 0.000862186 0.000696444 0.002261321 -0.000862368 0.999999583 0.000261031 0.029257480 -0.000696218 -0.000261631 0.999999702 1.483645797
0.999999642 0.000492629 0.000704504 0.005582984 -0.000492586 0.999999881 -0.000060917 0.046031520 -0.000704533 0.000060570 0.999999762 2.214036226
0.999999702 0.000555733 0.000758217 0.009401229 -0.000555074 0.999999464 -0.000868901 0.060869195 -0.000758699 0.000868480 0.999999344 2.957123995
0.999998391 0.001185960 0.001338555 0.010621812 -0.001184558 0.999998689 -0.001047576 0.075384915 -0.001339796 0.001045989 0.999998569 3.703784704
0.999997318 0.001853321 0.001347964 0.012210643 -0.001851288 0.999997139 -0.001507820 0.089134395 -0.001350755 0.001505320 0.999997914 4.442210674
0.999998450 0.001132535 0.001290725 0.017354684 -0.001131164 0.999998689 -0.001062866 0.104767010 -0.001291927 0.001061404 0.999998629 5.189564705
0.999997318 0.001770342 0.001533481 0.021942321 -0.001769440 0.999998271 -0.000588853 0.120778501 -0.001534521 0.000586138 0.999998629 5.939268589
0.999996185 0.002324587 0.001443168 0.025057595 -0.002324172 0.999997199 -0.000289251 0.132401690 -0.001443837 0.000285895 0.999998927 6.669015884
0.999995530 0.002357039 0.001826897 0.029176408 -0.002355348 0.999996841 -0.000927465 0.149435446 -0.001829077 0.000923158 0.999997973 7.412627220
0.999991179 0.003711443 0.001950000 0.031960607 -0.003708441 0.999991953 -0.001540952 0.166346774 -0.001955703 0.001533707 0.999996901 8.154320717
0.999989688 0.004204451 0.001790641 0.030887960 -0.004202949 0.999990821 -0.000841690 0.176105022 -0.001794164 0.000834155 0.999998033 8.880901337
0.999984384 0.005184549 0.002088978 0.034309421 -0.005183654 0.999986470 -0.000433837 0.190964252 -0.002091199 0.000423002 0.999997735 9.628506660
0.999978065 0.006305110 0.002059862 0.039311312 -0.006304791 0.999980092 -0.000161451 0.204903871 -0.002060839 0.000148460 0.999997854 10.375061035
0.999972284 0.007141194 0.002109878 0.039269209 -0.007139035 0.999974012 -0.001028907 0.216839120 -0.002117170 0.001013816 0.999997258 11.100351334
0.999958038 0.008863337 0.002319041 0.041859712 -0.008857422 0.999957561 -0.002548961 0.230181888 -0.002341534 0.002528313 0.999994040 11.842547417
0.999949336 0.009731388 0.002588109 0.043120958 -0.009720091 0.999943376 -0.004342552 0.244732156 -0.002630221 0.004317176 0.999987185 12.584217072
0.999924839 0.011988946 0.002569068 0.042368062 -0.011977519 0.999918520 -0.004418201 0.257053882 -0.002621828 0.004387097 0.999986947 13.310562134
0.999914467 0.012801252 0.002682706 0.044121165 -0.012796936 0.999916792 -0.001619428 0.268510163 -0.002703214 0.001584960 0.999995112 14.053391457
0.999932230 0.011391678 0.002386476 0.052047949 -0.011391633 0.999935091 -0.000032015 0.284398854 -0.002386686 0.000004827 0.999997199 14.805451393
0.999951720 0.009569496 0.002216012 0.060462587 -0.009575550 0.999950349 0.002738047 0.299844086 -0.002189700 -0.002759133 0.999993801 15.554212570
0.999944270 0.010305823 0.002298201 0.060844976 -0.010313730 0.999940872 0.003454615 0.311869562 -0.002262463 -0.003478125 0.999991417 16.287328720
0.999957681 0.008952956 0.002123164 0.066751368 -0.008958776 0.999956131 0.002748164 0.324623734 -0.002098467 -0.002767069 0.999994040 17.030832291
0.999971688 0.007366611 0.001556813 0.074594013 -0.007369322 0.999971271 0.001743530 0.340898782 -0.001543924 -0.001754954 0.999997318 17.776676178
0.999973059 0.007252259 0.001146081 0.077583849 -0.007253816 0.999972761 0.001360410 0.360592395 -0.001136184 -0.001368687 0.999998391 18.497877121
0.999980271 0.006224428 0.000857596 0.083864853 -0.006226778 0.999976754 0.002765096 0.376028359 -0.000840365 -0.002770381 0.999995768 19.240118027
0.999975801 0.006903375 0.000892941 0.088366777 -0.006907010 0.999967635 0.004133469 0.388774663 -0.000864377 -0.004139536 0.999991059 19.972442627
0.999963462 0.008542007 -0.000010899 0.087994657 -0.008541926 0.999958217 0.003241358 0.405759275 0.000038586 -0.003241147 0.999994755 20.717103958
0.999963224 0.008577198 -0.000358400 0.088278696 -0.008576806 0.999962568 0.001083686 0.420166820 0.000367682 -0.001080572 0.999999344 21.463903427
0.999952018 0.009753122 -0.000945587 0.088587999 -0.009753604 0.999952257 -0.000507735 0.438421100 0.000940590 0.000516934 0.999999464 22.216634750
0.999953508 0.009494853 -0.001681845 0.091423124 -0.009496677 0.999954283 -0.001078831 0.452464670 0.001671525 0.001094753 0.999998093 22.968446732
0.999943018 0.010376832 -0.002543682 0.095014408 -0.010378544 0.999945939 -0.000661535 0.467586130 0.002536679 0.000687897 0.999996483 23.682836533
0.999945879 0.009911571 -0.003158416 0.094098717 -0.009910502 0.999950826 0.000353137 0.482064843 0.003161761 -0.000321816 0.999994874 24.440168381
0.999958575 0.008096202 -0.004164903 0.095188819 -0.008087305 0.999964952 0.002148538 0.496346653 0.004182152 -0.002114766 0.999989033 25.197784424
0.999964416 0.006486499 -0.005398707 0.095858067 -0.006469782 0.999974191 0.003108115 0.512807250 0.005418730 -0.003073076 0.999980569 25.932270050
0.999967098 0.004931560 -0.006443711 0.094870940 -0.004913584 0.999984026 0.002802434 0.528859794 0.006457428 -0.002770680 0.999975324 26.684926987
0.999959111 0.004812676 -0.007653189 0.092536241 -0.004785917 0.999982297 0.003511170 0.543992758 0.007669953 -0.003474399 0.999964535 27.431840897
0.999959052 0.003113401 -0.008489626 0.089069530 -0.003098473 0.999993563 0.001771143 0.561269939 0.008495087 -0.001744766 0.999962389 28.183549881
0.999951661 0.003098935 -0.009330891 0.085845023 -0.003079231 0.999993026 0.002125416 0.576407254 0.009337411 -0.002096581 0.999954164 28.933126450
0.999950647 0.002393758 -0.009645292 0.080151558 -0.002372081 0.999994636 0.002258205 0.594515264 0.009650645 -0.002235214 0.999950945 29.678184509
0.999954104 0.002408318 -0.009271732 0.074307740 -0.002379536 0.999992371 0.003114044 0.610141754 0.009279158 -0.003091838 0.999952137 30.422464371
0.999954164 0.002309235 -0.009295366 0.074007899 -0.002279159 0.999992192 0.003244895 0.626247168 0.009302784 -0.003223561 0.999951541 31.173223495
0.999955893 0.000866670 -0.009344523 0.072575450 -0.000840694 0.999995768 0.002783451 0.645046294 0.009346895 -0.002775473 0.999952376 31.924760818
0.999957442 0.000596324 -0.009206051 0.068488419 -0.000568038 0.999995112 0.003074819 0.660821199 0.009207839 -0.003069459 0.999952853 32.678924561
0.999956310 0.001305449 -0.009258596 0.067606866 -0.001273393 0.999993145 0.003467332 0.678684294 0.009263058 -0.003455391 0.999951124 33.430023193
0.999957263 0.000693871 -0.009212897 0.061074793 -0.000665813 0.999995053 0.003048189 0.696582913 0.009214968 -0.003041924 0.999952912 34.185214996
0.999956608 0.000897022 -0.009270002 0.057590008 -0.000862422 0.999992609 0.003735770 0.711419702 0.009273285 -0.003727613 0.999950051 34.942264557
0.999955952 0.001641014 -0.009243733 0.055551738 -0.001605851 0.999991417 0.003810063 0.729050457 0.009249906 -0.003795051 0.999949992 35.699493408
0.999956429 0.001660867 -0.009188135 0.048045814 -0.001629483 0.999992907 0.003422141 0.750419497 0.009193755 -0.003407020 0.999951959 36.457824707
0.999956727 0.001994592 -0.009094541 0.043869972 -0.001961611 0.999991417 0.003633961 0.766605020 0.009101714 -0.003615963 0.999952078 37.221866608
0.999955297 0.002508223 -0.009115651 0.042438179 -0.002482804 0.999992967 0.002798792 0.783562660 0.009122608 -0.002776034 0.999954522 37.974906921
0.999952555 0.002609901 -0.009375893 0.036413401 -0.002584412 0.999992907 0.002729756 0.801393926 0.009382949 -0.002705396 0.999952316 38.728988647
0.999953568 0.002684141 -0.009251012 0.032288909 -0.002660259 0.999993086 0.002592826 0.817576826 0.009257906 -0.002568096 0.999953866 39.488468170
0.999951839 0.002197488 -0.009562069 0.031694114 -0.002182070 0.999996305 0.001622469 0.834960461 0.009565599 -0.001601526 0.999952972 40.242221832
0.999951303 0.001946884 -0.009673739 0.027923822 -0.001930643 0.999996722 0.001687981 0.850823879 0.009676991 -0.001669223 0.999951780 40.986415863
0.999950349 0.002957983 -0.009520616 0.022606224 -0.002936626 0.999993205 0.002256385 0.867519617 0.009527227 -0.002228314 0.999952137 41.744228363
0.999950945 0.002714988 -0.009520359 0.020214558 -0.002685734 0.999991596 0.003084241 0.883604646 0.009528654 -0.003058521 0.999949932 42.501689911
0.999949157 0.002380840 -0.009791551 0.015724659 -0.002348110 0.999991715 0.003352825 0.900099874 0.009799451 -0.003329664 0.999946415 43.234096527
0.999950171 0.002015772 -0.009782465 0.013759851 -0.001984543 0.999992847 0.003201048 0.917588711 0.009788849 -0.003181475 0.999947011 43.988479614
0.999948502 0.001224726 -0.010076008 0.015111208 -0.001200594 0.999996424 0.002400720 0.940063477 0.010078913 -0.002388500 0.999946356 44.735996246
0.999948323 0.001380373 -0.010064842 0.001921028 -0.001353547 0.999995530 0.002671664 0.946114480 0.010068486 -0.002657904 0.999945760 45.445339203
0.999946237 0.001235256 -0.010300803 -0.000400096 -0.001200135 0.999993443 0.003414986 0.961701870 0.010304953 -0.003402440 0.999941111 46.186199188
0.999943495 0.001124183 -0.010566990 -0.002310783 -0.001096301 0.999995947 0.002644018 0.975024819 0.010569920 -0.002632284 0.999940634 46.908538818
0.999940276 0.001066792 -0.010875643 -0.005189776 -0.001042454 0.999996960 0.002243260 0.991484463 0.010878001 -0.002231789 0.999938369 47.625968933
0.999942005 0.001045920 -0.010715358 -0.011726320 -0.001033010 0.999998748 0.001210314 1.006067157 0.010716612 -0.001199175 0.999941885 48.353332520
0.999940991 0.000352958 -0.010854930 -0.012656868 -0.000354734 1.000000000 -0.000161686 1.020551324 0.010854872 0.000165526 0.999941111 49.076232910
0.999939740 0.001041103 -0.010928645 -0.020552516 -0.001037253 0.999999404 0.000357969 1.028868675 0.010929009 -0.000346611 0.999940217 49.765769958
0.999940455 0.001259884 -0.010839317 -0.025507331 -0.001271076 0.999998629 -0.001025725 1.040211439 0.010838009 0.001039441 0.999940693 50.478965759
0.999938190 0.000884423 -0.011080420 -0.029258072 -0.000896492 0.999998987 -0.001084290 1.056628108 0.011079450 0.001094157 0.999938011 51.192966461
0.999935627 0.001117501 -0.011288206 -0.034848571 -0.001112587 0.999999285 0.000441596 1.069151163 0.011288691 -0.000429009 0.999936104 51.883991241
0.999936044 0.001240046 -0.011237566 -0.038777828 -0.001230331 0.999998868 0.000871357 1.081864119 0.011238632 -0.000857476 0.999936402 52.587280273
0.999932051 0.002272242 -0.011440543 -0.042546451 -0.002254323 0.999996245 0.001578956 1.095846891 0.011444086 -0.001553058 0.999933302 53.283821106
0.999929786 0.002824076 -0.011505289 -0.051430881 -0.002799441 0.999993742 0.002156689 1.110082150 0.011511309 -0.002124329 0.999931514 53.959774017
0.999927521 0.003264638 -0.011585046 -0.054952025 -0.003233330 0.999991119 0.002720166 1.125973821 0.011593822 -0.002682510 0.999929249 54.653377533
0.999926567 0.002909018 -0.011766946 -0.057410121 -0.002867824 0.999989688 0.003516180 1.140505910 0.011777053 -0.003482176 0.999924600 55.333026886
0.999925494 0.003184967 -0.011780905 -0.064056337 -0.003136194 0.999986470 0.004156136 1.152431965 0.011793982 -0.004118880 0.999921918 55.999050140
0.999925494 0.003555356 -0.011684206 -0.069150984 -0.003499371 0.999982297 0.004808418 1.169212580 0.011701095 -0.004767173 0.999920130 56.678447723
0.999921441 0.003146219 -0.012136030 -0.072178006 -0.003078948 0.999979794 0.005557751 1.185626507 0.012153270 -0.005519948 0.999910951 57.355373383
0.999919891 0.002663735 -0.012374590 -0.082225800 -0.002587273 0.999977410 0.006190904 1.197494030 0.012390804 -0.006158392 0.999904275 57.990539551
0.999914229 0.003339540 -0.012666883 -0.087072432 -0.003236825 0.999961734 0.008120765 1.215397716 0.012693519 -0.008079067 0.999886811 58.660655975
0.999916613 0.002234512 -0.012721086 -0.091356158 -0.002122774 0.999959171 0.008790414 1.231204033 0.012740209 -0.008762678 0.999880433 59.315971375
0.999914348 0.001913011 -0.012949473 -0.096871972 -0.001802607 0.999961972 0.008532070 1.249403477 0.012965303 -0.008507996 0.999879777 59.944843292
0.999908626 0.002245709 -0.013333683 -0.103476048 -0.002104915 0.999942005 0.010563922 1.263258457 0.013356633 -0.010534891 0.999855399 60.590793610
0.999901652 0.002649868 -0.013771039 -0.112611890 -0.002505367 0.999941707 0.010499742 1.283773184 0.013798059 -0.010464205 0.999849975 61.230358124
0.999898612 0.001438525 -0.014171004 -0.120398402 -0.001293841 0.999946952 0.010213732 1.298269510 0.014184948 -0.010194360 0.999847353 61.873252869
0.999889731 0.001083212 -0.014810190 -0.126278579 -0.000924041 0.999941707 0.010750030 1.314676285 0.014820972 -0.010735159 0.999832511 62.501922607
0.999883533 0.001686138 -0.015164522 -0.135185540 -0.001535507 0.999949336 0.009939297 1.331422329 0.015180514 -0.009914855 0.999835551 63.140769958
0.999879658 0.001038168 -0.015476420 -0.145223320 -0.000892237 0.999955118 0.009433169 1.349092960 0.015485520 -0.009418226 0.999835730 63.758304596
0.999872804 0.001767663 -0.015850466 -0.154164732 -0.001604008 0.999945283 0.010331683 1.365563393 0.015867861 -0.010304946 0.999821007 64.388710022
0.999871552 0.001496447 -0.015958842 -0.160019696 -0.001331817 0.999945760 0.010321559 1.382589579 0.015973425 -0.010298976 0.999819398 65.007774353
0.999875188 0.001619698 -0.015716435 -0.168666840 -0.001459506 0.999946892 0.010198789 1.398406625 0.015732117 -0.010174576 0.999824464 65.627647400
0.999885738 0.000533532 -0.015105765 -0.176599681 -0.000363809 0.999936819 0.011236182 1.415483952 0.015110804 -0.011229403 0.999822795 66.243423462
0.999891639 0.000415606 -0.014715562 -0.181920350 -0.000227330 0.999918044 0.012793672 1.431041241 0.014719673 -0.012788939 0.999809861 66.848091125
0.999896407 0.000245710 -0.014393465 -0.187875509 -0.000046866 0.999904573 0.013813623 1.448701620 0.014395486 -0.013811518 0.999800980 67.449485779
0.999902785 0.000428308 -0.013934915 -0.194934607 -0.000221719 0.999890029 0.014823481 1.464073896 0.013939730 -0.014818950 0.999792993 68.032585144
0.999905109 0.000597867 -0.013761827 -0.199574828 -0.000372885 0.999866307 0.016345013 1.479688168 0.013769759 -0.016338328 0.999771655 68.607467651
0.999910891 -0.000283201 -0.013347788 -0.206107199 0.000524916 0.999835849 0.018108964 1.496230245 0.013340469 -0.018114354 0.999746919 69.157577515
0.999916196 -0.000558873 -0.012933432 -0.210549593 0.000811046 0.999809504 0.019500716 1.511880159 0.012920073 -0.019509571 0.999726176 69.692443848
0.999923885 -0.000419079 -0.012329225 -0.216586411 0.000674544 0.999785006 0.020723404 1.528313875 0.012317889 -0.020730147 0.999709249 70.202583313
0.999930561 0.000053198 -0.011777474 -0.221999884 0.000196078 0.999776006 0.021163287 1.543556571 0.011775962 -0.021164132 0.999706686 70.687339783
0.999935329 0.000936898 -0.011332992 -0.227768123 -0.000696299 0.999774694 0.021215271 1.554031134 0.011350315 -0.021206010 0.999710679 71.142021179
0.999939203 0.001445207 -0.010933682 -0.232883036 -0.001218090 0.999783933 0.020750472 1.569275260 0.010961306 -0.020735892 0.999724925 71.578109741
0.999945939 0.001127478 -0.010328537 -0.235986352 -0.000911244 0.999780834 0.020916363 1.580688238 0.010349856 -0.020905821 0.999727845 71.988380432
0.999953926 0.001322198 -0.009506225 -0.238438189 -0.001131203 0.999798059 0.020068930 1.593016505 0.009530837 -0.020057255 0.999753416 72.373855591
0.999959826 0.001158464 -0.008904031 -0.240272433 -0.000995113 0.999831438 0.018328339 1.604196548 0.008923764 -0.018318737 0.999792397 72.740722656
0.999964774 0.001302120 -0.008289004 -0.245028734 -0.001162281 0.999857306 0.016852893 1.614230037 0.008309767 -0.016842667 0.999823570 73.087104797
0.999967158 0.002552505 -0.007689381 -0.247664481 -0.002425402 0.999861002 0.016493814 1.623656154 0.007730413 -0.016474623 0.999834418 73.421348572
0.999970019 0.003522373 -0.006893598 -0.251513213 -0.003420491 0.999885559 0.014735680 1.633453846 0.006944714 -0.014711658 0.999867618 73.741691589
0.999972224 0.003906159 -0.006342875 -0.252672106 -0.003818595 0.999898016 0.013758959 1.641064405 0.006395974 -0.013734359 0.999885201 74.051155090
0.999979675 0.003543250 -0.005295940 -0.253021717 -0.003472237 0.999904692 0.013358793 1.651580811 0.005342769 -0.013340131 0.999896705 74.356506348
0.999986172 0.003609682 -0.003820147 -0.252446830 -0.003561963 0.999916434 0.012425447 1.658706188 0.003864680 -0.012411668 0.999915481 74.652122498
0.999991357 0.003327822 -0.002483811 -0.250057310 -0.003300540 0.999935031 0.010908577 1.666242599 0.002519951 -0.010900285 0.999937356 74.949264526
0.999991834 0.003896332 -0.001064497 -0.249879658 -0.003885157 0.999939263 0.010306042 1.672032952 0.001104588 -0.010301821 0.999946296 75.243957520
0.999990165 0.004340733 0.000938136 -0.248223573 -0.004349957 0.999939919 0.010063954 1.680603027 -0.000894394 -0.010067936 0.999948919 75.541824341
0.999984443 0.004337233 0.003510816 -0.244848788 -0.004370183 0.999945939 0.009432257 1.687740445 -0.003469717 -0.009447455 0.999949336 75.838485718
0.999967694 0.004598731 0.006593829 -0.239238679 -0.004653731 0.999954283 0.008350261 1.696498752 -0.006555127 -0.008380678 0.999943376 76.139587402
0.999931812 0.005402558 0.010354143 -0.234232008 -0.005494675 0.999945402 0.008888913 1.705073118 -0.010305556 -0.008945201 0.999906838 76.446617126
0.999883711 0.004877831 0.014450495 -0.225571275 -0.004996008 0.999954283 0.008153310 1.714011908 -0.014410065 -0.008224559 0.999862313 76.756500244
0.999801993 0.005353194 0.019165715 -0.215545058 -0.005468376 0.999967277 0.005962437 1.721399307 -0.019133171 -0.006066062 0.999798536 77.065040588
0.999679506 0.005052985 0.024804944 -0.198981524 -0.005207710 0.999967337 0.006177037 1.729080200 -0.024772927 -0.006304235 0.999673247 77.384277344
0.999483049 0.005790276 0.031627949 -0.184789419 -0.006008456 0.999958754 0.006807706 1.737220764 -0.031587232 -0.006994221 0.999476552 77.704536438
0.999214590 0.006060860 0.039158516 -0.167807102 -0.006298596 0.999962449 0.005950607 1.744329214 -0.039120983 -0.006192577 0.999215305 78.026977539
0.998845041 0.005960600 0.047676042 -0.146601439 -0.006222002 0.999966383 0.005336358 1.753238916 -0.047642637 -0.005626835 0.998848557 78.355461121
0.998340487 0.005803119 0.057294220 -0.119062901 -0.006120984 0.999966800 0.005374014 1.759638429 -0.057261132 -0.005715792 0.998342812 78.688339233
0.997633219 0.005744140 0.068519741 -0.085715771 -0.006067818 0.999971390 0.004516664 1.769482613 -0.068491839 -0.004921741 0.997639537 79.024314880
0.996665597 0.006322682 0.081349060 -0.047537327 -0.006688200 0.999968708 0.004221494 1.777221203 -0.081319824 -0.004751497 0.996676743 79.363784790
0.995374203 0.008421512 0.095703803 -0.009885788 -0.009051943 0.999940097 0.006155062 1.782917023 -0.095646240 -0.006992894 0.995390832 79.708099365
0.993830621 0.008195036 0.110605225 0.043437958 -0.008857372 0.999945641 0.005498282 1.793607235 -0.110554159 -0.006444032 0.993849218 80.051254272
0.991931021 0.008612484 0.126486242 0.102828979 -0.009405467 0.999939620 0.005673422 1.794242382 -0.126429766 -0.006817305 0.991952121 80.394790649
0.989653945 0.007996306 0.143251836 0.169443130 -0.008986304 0.999940097 0.006265238 1.812848687 -0.143193111 -0.007487722 0.989666462 80.758033752
0.987015307 0.007927915 0.160430640 0.251698494 -0.009088844 0.999937534 0.006503790 1.829244375 -0.160369083 -0.007877470 0.987025678 81.148109436
0.983733714 0.008873887 0.179413944 0.325065613 -0.010177781 0.999928057 0.006348319 1.828948975 -0.179344729 -0.008071090 0.983753204 81.477043152
0.979889631 0.008552313 0.199356690 0.415688515 -0.009992736 0.999930680 0.006220307 1.839697838 -0.199289694 -0.008087333 0.979907274 81.833091736
0.975246668 0.010557949 0.220867217 0.514110565 -0.011909657 0.999917626 0.004789188 1.841615677 -0.220798448 -0.007301091 0.975292146 82.193061829
0.970096290 0.010785151 0.242480651 0.623546600 -0.011976733 0.999922276 0.003440553 1.855248928 -0.242424726 -0.006241791 0.970150113 82.551803589
0.964194715 0.012812256 0.264886081 0.742256165 -0.013891989 0.999900997 0.002203182 1.863756895 -0.264831662 -0.005804090 0.964277327 82.914062500
0.957493067 0.013213548 0.288153499 0.873292923 -0.014149887 0.999899209 0.001166757 1.871762753 -0.288108975 -0.005194502 0.957583547 83.277481079
0.950032890 0.013704868 0.311848640 1.015213013 -0.014522637 0.999894500 0.000300020 1.879032612 -0.311811596 -0.004813894 0.950131774 83.639518738
0.941708326 0.013476254 0.336160332 1.173023224 -0.014061589 0.999900877 -0.000693126 1.886628985 -0.336136341 -0.004074225 0.941804588 84.005363464
0.932286382 0.012525937 0.361504108 1.334049225 -0.012723104 0.999917507 -0.001834896 1.892689705 -0.361497164 -0.002888805 0.932368755 84.354080200
0.921541095 0.013292685 0.388053328 1.508785248 -0.013119657 0.999909163 -0.003095392 1.899026871 -0.388059139 -0.002238594 0.921631753 84.704017639
0.909589767 0.012952484 0.415305436 1.694818497 -0.012350970 0.999915183 -0.004134471 1.901816368 -0.415323794 -0.001368753 0.909672558 85.050064087
0.896640599 0.013194142 0.442562550 1.896240234 -0.012466201 0.999911964 -0.004553657 1.909966946 -0.442583710 -0.001434081 0.896726072 85.391372681
0.881432354 0.013965854 0.472103745 2.102642059 -0.012148449 0.999902427 -0.006897753 1.909302354 -0.472153962 0.000344575 0.881516039 85.723907471
0.865786612 0.012366301 0.500260472 2.332717896 -0.008892454 0.999916911 -0.009327756 1.911913514 -0.500334263 0.003627304 0.865824819 86.049499512
0.848411798 0.009471186 0.529251993 2.571525574 -0.001714132 0.999883831 -0.015145514 1.907371521 -0.529334009 0.011942427 0.848329484 86.355117798
0.830039740 0.004708672 0.557684124 2.816749573 0.008340511 0.999747634 -0.020854885 1.900868893 -0.557641685 0.021961756 0.829791129 86.647636414
0.809878409 0.006342840 0.586563408 3.076351166 0.010562562 0.999621809 -0.025393385 1.901858687 -0.586502671 0.026761167 0.809505105 86.944320679
0.788751125 0.011978934 0.614595950 3.348613739 0.009750464 0.999440491 -0.031993248 1.901804447 -0.614635348 0.031227309 0.788193047 87.246109009
0.767112017 0.019894468 0.641204596 3.605232239 0.005457607 0.999280453 -0.037533652 1.888664961 -0.641489983 0.032291956 0.766451538 87.515419006
0.744765639 0.024901722 0.666861236 3.899864197 0.003199515 0.999158740 -0.040883567 1.895742416 -0.667318285 0.032582309 0.744059563 87.815521240
0.721799970 0.024863295 0.691654980 4.206832886 0.007147266 0.999033451 -0.043371566 1.897975445 -0.692064822 0.036249034 0.720924556 88.086669922
0.698279321 0.019734794 0.715553284 4.521106720 0.014820889 0.999007046 -0.042015482 1.890710831 -0.715671897 0.039943680 0.697293460 88.330154419
0.673839867 0.014585717 0.738733530 4.845054626 0.023893502 0.998852074 -0.041516148 1.885690928 -0.738490999 0.045626163 0.672717750 88.556388855
0.648308873 0.013800632 0.761252403 5.169601440 0.029503265 0.998629391 -0.043230005 1.882080793 -0.760805666 0.050485827 0.647013009 88.783691406
0.621870458 0.013570031 0.783002555 5.496341705 0.029494986 0.998734534 -0.040734131 1.871521950 -0.782564521 0.048425999 0.620683253 89.000320435
0.594235539 0.014864417 0.804153681 5.825920105 0.023823824 0.999065161 -0.036072072 1.862191200 -0.803938031 0.040593326 0.593325973 89.220268250
0.567305505 0.016835548 0.823335409 6.161975861 0.018307786 0.999286056 -0.033048064 1.850953579 -0.823303878 0.033821799 0.566592216 89.431137085
0.540230870 0.018409695 0.841315448 6.503723145 0.016747573 0.999327481 -0.032621372 1.847914815 -0.841350198 0.031713072 0.539559245 89.623870850
0.512137353 0.017449332 0.858726263 6.855983734 0.019141767 0.999313474 -0.031722054 1.845615745 -0.858690262 0.032683592 0.511451662 89.796005249
0.484369040 0.015601922 0.874724627 7.216930389 0.023678191 0.999240935 -0.030934375 1.842360735 -0.874543309 0.035695549 0.483631939 89.953170776
0.457814693 0.014548520 0.888928533 7.571804047 0.026738688 0.999188483 -0.030123994 1.838278890 -0.888645470 0.037559994 0.457054108 90.102012634
0.432686836 0.014291370 0.901431024 7.933410645 0.027949417 0.999181032 -0.029256828 1.835844994 -0.901110947 0.037853513 0.431933075 90.245880127
0.408751130 0.014017672 0.912538230 8.288219452 0.029199164 0.999169290 -0.028427539 1.831041813 -0.912178695 0.038265146 0.408002257 90.377586365
0.385889441 0.014249245 0.922434986 8.656902313 0.029426916 0.999181807 -0.027745182 1.832260847 -0.922075570 0.037850987 0.385154516 90.509140015
0.364107966 0.014084151 0.931250274 9.016004562 0.029538142 0.999208033 -0.026661012 1.829389811 -0.930888236 0.037214886 0.363403589 90.627937317
0.343947172 0.013656352 0.938889742 9.379009247 0.030408382 0.999207795 -0.025673317 1.826863527 -0.938496470 0.037380379 0.343259454 90.739967346
0.325151265 0.013565225 0.945564866 9.744829178 0.031104976 0.999202669 -0.025030792 1.827603340 -0.945150316 0.037550561 0.324470073 90.845207214
0.307077885 0.012995431 0.951595604 10.105184555 0.031787448 0.999208748 -0.023903398 1.826813459 -0.951153398 0.037589006 0.306421757 90.942451477
0.289504021 0.012749655 0.957091868 10.465948105 0.032711804 0.999195337 -0.023205290 1.824930906 -0.956617653 0.038026229 0.288853973 91.033721924
0.272599787 0.012257186 0.962049425 10.825057983 0.033944808 0.999173820 -0.022348545 1.824387312 -0.961528540 0.038748793 0.271958500 91.116592407
0.256570548 0.011924584 0.966451943 11.176408768 0.034697209 0.999165773 -0.021539528 1.820079088 -0.965902507 0.039059594 0.255942762 91.195312500
0.241635337 0.012183956 0.970290661 11.541965485 0.035542462 0.999139011 -0.021397488 1.822099447 -0.969716012 0.039656911 0.240994260 91.269248962
0.227520421 0.012388838 0.973694503 11.902900696 0.035516053 0.999148190 -0.021011632 1.822000980 -0.973125339 0.039362356 0.226886630 91.339981079
0.213773042 0.012930049 0.976797700 12.265354156 0.035458684 0.999150753 -0.020986104 1.822087169 -0.976239622 0.039122228 0.213133022 91.407806396
0.200854152 0.013872086 0.979522884 12.628646851 0.036264624 0.999109030 -0.021585638 1.822552204 -0.978949726 0.039857592 0.200172141 91.467880249
0.188644424 0.013369210 0.981954575 12.998641968 0.036768004 0.999110103 -0.020666329 1.824006677 -0.981356919 0.040003091 0.187985018 91.526565552
0.176922709 0.012666827 0.984143317 13.362363815 0.037716083 0.999095500 -0.019639622 1.822330475 -0.983501792 0.040592723 0.176284954 91.579048157
0.166045085 0.012810462 0.986034870 13.732586861 0.038346156 0.999075472 -0.019437250 1.824696779 -0.985372305 0.041038111 0.165400326 91.628845215
0.155514449 0.012845396 0.987750053 14.098670959 0.038903747 0.999060035 -0.019117607 1.824612617 -0.987067223 0.041400243 0.154868573 91.677360535
0.145594597 0.012792138 0.989261568 14.475138664 0.038815655 0.999072790 -0.018631695 1.827916503 -0.988582611 0.041111510 0.144963071 91.721351624
0.135947615 0.011858508 0.990645051 14.850382805 0.039481860 0.999069095 -0.017377499 1.829160929 -0.989928961 0.041474938 0.135352880 91.763229370
0.126946181 0.010820734 0.991850555 15.223813057 0.039873421 0.999076605 -0.016002934 1.828984022 -0.991107881 0.041579988 0.126397505 91.801933289
0.118330218 0.010919327 0.992914259 15.597297668 0.040413570 0.999058068 -0.015803166 1.834365368 -0.992151558 0.041997194 0.117777482 91.836769104
0.109669231 0.010575724 0.993911862 15.975480080 0.040992957 0.999044538 -0.015153539 1.836368084 -0.993122518 0.042405255 0.109130912 91.870338440
0.101394683 0.009499343 0.994800866 16.359714508 0.040933058 0.999067783 -0.013712174 1.838327408 -0.994003773 0.042110592 0.100911327 91.900520325
0.093447588 0.009671708 0.995577157 16.739568710 0.040810835 0.999075115 -0.013536306 1.842860818 -0.994787395 0.041895270 0.092966437 91.927742004
0.085576780 0.009402114 0.996287167 17.127653122 0.040823556 0.999082625 -0.012935061 1.845537186 -0.995494902 0.041778918 0.085114457 91.952934265
0.077530243 0.009001927 0.996949315 17.511194229 0.040748555 0.999095082 -0.012190213 1.848054409 -0.996156991 0.041569348 0.077093273 91.977447510
0.070214264 0.009305559 0.997488499 17.891302109 0.040988103 0.999085188 -0.012205647 1.854645967 -0.996689498 0.041742180 0.069768608 91.995445251
0.062968686 0.009462627 0.997970700 18.282520294 0.042285435 0.999031842 -0.012140760 1.856842995 -0.997119308 0.042964112 0.062507592 92.010993958
0.056007478 0.009700067 0.998383164 18.676431656 0.041629173 0.999060571 -0.012041968 1.860457420 -0.997562110 0.042236309 0.055551052 92.026992798
0.049551487 0.009678242 0.998724639 19.067396164 0.041776016 0.999057889 -0.011754175 1.863794446 -0.997897565 0.042305179 0.049100488 92.040809631
0.043902807 0.009704061 0.998988688 19.449079514 0.041505959 0.999071836 -0.011528940 1.872401476 -0.998173237 0.041970138 0.043459285 92.055961609
0.039050478 0.010148762 0.999185741 19.848344803 0.042554412 0.999024332 -0.011810247 1.874776006 -0.998330593 0.042980954 0.038580511 92.064643860
0.035040632 0.010303084 0.999332786 20.240425110 0.042724360 0.999017239 -0.011797919 1.878067493 -0.998472214 0.043109253 0.034566004 92.072746277
0.031887252 0.010120010 0.999440312 20.642313004 0.042864710 0.999014914 -0.011483307 1.881814241 -0.998571813 0.043206889 0.031422049 92.081298828
0.029281320 0.010211703 0.999519050 21.045578003 0.042538632 0.999029040 -0.011452886 1.886743307 -0.998665631 0.042853534 0.028818501 92.089416504
0.026645605 0.010935839 0.999585152 21.450826645 0.042376194 0.999028921 -0.012059363 1.889761209 -0.998746336 0.042679947 0.026156317 92.096694946
0.024168389 0.011094557 0.999646366 21.854461670 0.042640880 0.999016941 -0.012118498 1.895895004 -0.998798072 0.042918682 0.023671549 92.102783203
0.022089532 0.010130506 0.999704719 22.268529892 0.042558849 0.999032617 -0.011064079 1.900953174 -0.998849690 0.042790685 0.021637026 92.107208252
0.019875886 0.009879298 0.999753773 22.671464920 0.043309879 0.999004006 -0.010732925 1.905298471 -0.998863935 0.043512534 0.019428218 92.113197327
0.017668344 0.011862591 0.999773502 23.084409714 0.042920936 0.998998761 -0.012611911 1.907136202 -0.998922110 0.043134049 0.017141500 92.117965698
0.015918272 0.011643377 0.999805510 23.495258331 0.043030098 0.998997808 -0.012319069 1.913159609 -0.998946965 0.043217819 0.015401304 92.122543335
0.014310809 0.010932096 0.999837756 23.916496277 0.043341871 0.998993576 -0.011543225 1.916917205 -0.998957813 0.043500032 0.013822587 92.125579834
0.013066303 0.011003807 0.999854088 24.338157654 0.043135639 0.999002337 -0.011558139 1.920318842 -0.998983800 0.043280371 0.012578612 92.127532959
0.011812241 0.011251397 0.999866903 24.757143021 0.043024618 0.999004900 -0.011749982 1.928751469 -0.999004185 0.043157686 0.011316401 92.127464294
0.010505820 0.012172600 0.999870658 25.189640045 0.042868026 0.999001145 -0.012612435 1.933926582 -0.999025524 0.042994987 0.009973511 92.131004333
0.009754203 0.010708858 0.999895036 25.623952866 0.043134928 0.999007404 -0.011120141 1.935753703 -0.999021590 0.043238875 0.009282595 92.131317139
0.009083765 0.010579800 0.999902725 26.058734894 0.043907966 0.998975277 -0.010968878 1.937681437 -0.998994291 0.044003334 0.008609919 92.129783630
0.008308495 0.011405748 0.999900460 26.484483719 0.043493014 0.998984516 -0.011756698 1.946346045 -0.999019206 0.043586358 0.007803988 92.132286072
0.007517315 0.012508612 0.999893546 26.931301117 0.043921571 0.998952746 -0.012827048 1.948995590 -0.999006748 0.044013321 0.006960044 92.132072449
0.006706446 0.013375171 0.999888122 27.389026642 0.043066267 0.998978972 -0.013651866 1.953409433 -0.999049723 0.043152992 0.006123579 92.133018494
0.005956450 0.012397736 0.999905407 27.836782455 0.041695576 0.999050438 -0.012635519 1.961003304 -0.999112546 0.041766897 0.005433862 92.138221741
0.005299637 0.011414498 0.999920845 28.296358109 0.042583060 0.999025226 -0.011629968 1.963150620 -0.999078929 0.042641312 0.004808407 92.137092590
0.004819741 0.011053084 0.999927282 28.764770508 0.042522017 0.999032140 -0.011248151 1.970477104 -0.999083877 0.042573132 0.004345077 92.135742188
0.003898182 0.010655691 0.999935567 29.229578018 0.043213479 0.999007344 -0.010814263 1.977280021 -0.999058247 0.043252852 0.003433842 92.136772156
0.003229135 0.009321410 0.999951303 29.706710815 0.043884106 0.998991907 -0.009454180 1.979212523 -0.999031365 0.043912496 0.002816818 92.134040833
0.002462574 0.009012479 0.999956369 30.189548492 0.044383332 0.998972952 -0.009112918 1.983903766 -0.999011517 0.044403836 0.002060041 92.131744385
0.001637773 0.009718573 0.999951422 30.666721344 0.043705236 0.998996556 -0.009780873 1.993621469 -0.999043107 0.043719139 0.001211377 92.131034851
0.000945142 0.010711019 0.999942183 31.154211044 0.043883260 0.998978972 -0.010742179 1.999418736 -0.999036193 0.043890879 0.000474142 92.128219604
0.000250805 0.010896752 0.999940574 31.645467758 0.043155812 0.999008834 -0.010897422 2.008575201 -0.999068320 0.043155976 -0.000219702 92.127334595
-0.000589581 0.010364650 0.999946117 32.141796112 0.045039769 0.998931766 -0.010327579 2.012582779 -0.998984993 0.045031250 -0.001055773 92.122726440
-0.001296737 0.010665802 0.999942303 32.639194489 0.045031190 0.998929322 -0.010596602 2.018422842 -0.998984754 0.045014836 -0.001775642 92.119628906
-0.002120778 0.011779053 0.999928355 33.144165039 0.046914771 0.998830795 -0.011666618 2.023758411 -0.998896718 0.046886656 -0.002670910 92.112388611
-0.002785353 0.012584193 0.999917030 33.651885986 0.046361711 0.998847246 -0.012441587 2.027464867 -0.998920798 0.046323195 -0.003365566 92.108337402
-0.003600983 0.012773334 0.999911845 34.159591675 0.046246015 0.998850644 -0.012593233 2.036990643 -0.998923600 0.046196599 -0.004187560 92.106445312
-0.004405377 0.012531997 0.999911666 34.674873352 0.046221681 0.998855293 -0.012315115 2.040245771 -0.998921514 0.046163350 -0.004979583 92.102760315
-0.005038241 0.012274768 0.999911904 35.197582245 0.047153853 0.998815238 -0.012023713 2.044726849 -0.998874903 0.047089122 -0.005611075 92.096252441
-0.005593872 0.011743645 0.999915421 35.719688416 0.047036782 0.998827279 -0.011467727 2.054677725 -0.998877406 0.046968646 -0.006139695 92.091255188
-0.006007409 0.010034779 0.999931574 36.252422333 0.047465108 0.998825490 -0.009738514 2.059657097 -0.998854816 0.047403365 -0.006476655 92.083793640
-0.006710269 0.009529380 0.999932110 36.790523529 0.047529977 0.998827577 -0.009199890 2.064117908 -0.998847187 0.047465015 -0.007155331 92.078720093
-0.007194316 0.009774283 0.999926329 37.310031891 0.047159348 0.998842835 -0.009424388 2.076730967 -0.998861611 0.047088072 -0.007646939 92.073966980
-0.007450688 0.009621522 0.999925971 37.850654602 0.046947755 0.998854339 -0.009261393 2.081922293 -0.998869538 0.046875272 -0.007893860 92.067100525
-0.007506136 0.008433596 0.999936223 38.394256592 0.047422245 0.998842239 -0.008068389 2.087551355 -0.998846769 0.047358662 -0.007897386 92.057998657
-0.007781251 0.008793542 0.999931037 38.944763184 0.047507741 0.998835385 -0.008414214 2.101539135 -0.998840570 0.047438983 -0.008189951 92.055320740
-0.007402599 0.008611058 0.999935508 39.501819611 0.047470286 0.998838603 -0.008250185 2.111007214 -0.998845220 0.047406159 -0.007802771 92.046813965
-0.007324386 0.007070721 0.999948144 40.064876556 0.046909414 0.998876572 -0.006719544 2.116944075 -0.998872340 0.046857767 -0.007647840 92.039955139
-0.007336999 0.006232891 0.999953687 40.629802704 0.046769746 0.998888373 -0.005883085 2.129612684 -0.998878777 0.046724409 -0.007620354 92.037460327
-0.006815181 0.005716488 0.999960423 41.202278137 0.046908095 0.998884618 -0.005390638 2.138756275 -0.998875976 0.046869505 -0.007075728 92.031982422
-0.006092751 0.005804968 0.999964595 41.774852753 0.047051020 0.998877227 -0.005511976 2.147621155 -0.998873949 0.047015775 -0.006359040 92.024520874
-0.005807611 0.006660720 0.999960959 42.337028503 0.046210919 0.998911321 -0.006385343 2.157223225 -0.998914778 0.046172034 -0.006109087 92.022315979
-0.005518106 0.007598270 0.999955893 42.921047211 0.046009809 0.998914063 -0.007336454 2.167754650 -0.998925865 0.045967303 -0.005861709 92.018363953
-0.004940310 0.008634930 0.999950528 43.499065399 0.045901671 0.998910666 -0.008399170 2.178253651 -0.998933673 0.045857906 -0.005331287 92.015533447
-0.004637500 0.009768619 0.999941528 44.088928223 0.045650255 0.998911917 -0.009546844 2.188452721 -0.998946667 0.045603313 -0.005078393 92.013099670
-0.003959450 0.008867650 0.999952793 44.687156677 0.045412235 0.998930573 -0.008678767 2.195880175 -0.998960495 0.045375727 -0.004357917 92.006278992
-0.003608808 0.007733551 0.999963582 45.278629303 0.045675997 0.998927593 -0.007560696 2.200343370 -0.998949826 0.045647051 -0.003958177 92.003608704
-0.002815522 0.008068866 0.999963522 45.877964020 0.046094369 0.998905599 -0.007930546 2.208698988 -0.998933136 0.046070363 -0.003184371 91.998199463
-0.002353994 0.008502028 0.999961078 46.465373993 0.045570485 0.998925924 -0.008385950 2.222795725 -0.998958349 0.045548979 -0.002738907 91.996963501
-0.001930805 0.007172829 0.999972343 47.067234039 0.045851402 0.998923182 -0.007076772 2.233058453 -0.998946369 0.045836467 -0.002257610 91.992973328
-0.001575110 0.007336359 0.999971867 47.647777557 0.045925416 0.998918533 -0.007256293 2.239877939 -0.998943627 0.045912694 -0.001910331 91.990852356
-0.001064152 0.008242828 0.999965489 48.234870911 0.045960650 0.998909771 -0.008185214 2.246675253 -0.998942673 0.045950357 -0.001441837 91.988647461
-0.000567295 0.007732826 0.999969959 48.817428589 0.046559233 0.998885870 -0.007698029 2.253792048 -0.998915374 0.046553470 -0.000926697 91.985786438
-0.000304105 0.007124477 0.999974549 49.397682190 0.045976594 0.998917282 -0.007102962 2.262658596 -0.998942494 0.045973256 -0.000631335 91.985832214
0.000254752 0.007526577 0.999971628 49.977035522 0.046093751 0.998908758 -0.007530320 2.270502090 -0.998937070 0.046094365 -0.000092455 91.984001160
0.000690868 0.007559187 0.999971211 50.554298401 0.046103716 0.998907864 -0.007583001 2.277588367 -0.998936415 0.046107627 0.000341607 91.982360840
0.001098592 0.006287351 0.999979675 51.135189056 0.046216264 0.998911321 -0.006331409 2.286298513 -0.998930871 0.046222270 0.000806818 91.981163025
0.001367365 0.006442887 0.999978304 51.705097198 0.046794206 0.998883367 -0.006499819 2.292913437 -0.998903632 0.046802074 0.001064349 91.980194092
0.001773758 0.007656035 0.999969125 52.274585724 0.046974175 0.998866200 -0.007730914 2.299679756 -0.998894572 0.046986442 0.001412111 91.977447510
0.002174770 0.008508064 0.999961436 52.838993073 0.046691440 0.998872340 -0.008600346 2.308606625 -0.998906970 0.046708338 0.001775064 91.978889465
