1.000000000 0.000000000 0.000000000 0.000000000 0.000000000 1.000000000 0.000000000 0.000000000 0.000000000 0.000000000 1.000000000 0.000000000
0.999999523 -0.000709307 0.000698842 0.000772893 0.000709567 0.999999702 -0.000371989 0.015231755 -0.000698578 0.000372485 0.999999702 0.736405909
0.999999404 0.000849743 0.000700798 0.002204965 -0.000849915 0.999999583 0.000246137 0.029439969 -0.000700589 -0.000246732 0.999999702 1.483720064
0.999999642 0.000316215 0.000757455 0.004672526 -0.000316138 0.999999940 -0.000102645 0.045434363 -0.000757488 0.000102405 0.999999702 2.211025238
0.999999583 0.000420235 0.000753503 0.009111572 -0.000419548 0.999999642 -0.000911020 0.060678843 -0.000753886 0.000910704 0.999999285 2.957576036
0.999998987 0.000828445 0.001170428 0.011953098 -0.000827211 0.999999106 -0.001054561 0.074417174 -0.001171300 0.001053591 0.999998748 3.705857992
0.999998212 0.001413053 0.001275963 0.014229684 -0.001411038 0.999997675 -0.001578746 0.090251900 -0.001278191 0.001576943 0.999997914 4.452294827
0.999999106 0.000743418 0.001123051 0.020828767 -0.000741881 0.999998748 -0.001369010 0.108244538 -0.001124067 0.001368176 0.999998450 5.200503349
0.999997914 0.001384889 0.001463850 0.022843949 -0.001384106 0.999998868 -0.000536004 0.118101858 -0.001464590 0.000533977 0.999998808 5.938853264
0.999997377 0.001735360 0.001474345 0.026911980 -0.001734942 0.999998450 -0.000285163 0.133703113 -0.001474838 0.000282604 0.999998927 6.685080528
0.999996305 0.001982118 0.001853837 0.029060036 -0.001980190 0.999997497 -0.001041438 0.149187818 -0.001855897 0.001037763 0.999997735 7.418030262
0.999992132 0.003366135 0.002122120 0.031274408 -0.003363197 0.999993443 -0.001386734 0.163028777 -0.002126774 0.001379586 0.999996781 8.162107468
0.999991179 0.003807873 0.001777390 0.033998303 -0.003805943 0.999992132 -0.001087722 0.176582515 -0.001781518 0.001080947 0.999997854 8.897354126
0.999986947 0.004617311 0.002180917 0.036515452 -0.004615842 0.999989152 -0.000678202 0.192007393 -0.002184025 0.000668126 0.999997377 9.646290779
0.999980390 0.005935269 0.001971897 0.041582644 -0.005934548 0.999982297 -0.000371716 0.204379946 -0.001974068 0.000360006 0.999997914 10.382560730
0.999977231 0.006344774 0.002272197 0.042626776 -0.006342147 0.999979138 -0.001161836 0.215350538 -0.002279521 0.001147399 0.999996662 11.131029129
0.999962807 0.008307867 0.002311731 0.042715788 -0.008301447 0.999961674 -0.002772878 0.230079696 -0.002334680 0.002753585 0.999993503 11.862887383
0.999954939 0.009040229 0.002883629 0.041274972 -0.009027088 0.999948978 -0.004538286 0.242544174 -0.002924509 0.004512052 0.999985576 12.601306915
0.999931157 0.011438907 0.002624079 0.044211138 -0.011426236 0.999923229 -0.004794075 0.257811964 -0.002678716 0.004763762 0.999985039 13.341290474
0.999923348 0.012114988 0.002565191 0.046973012 -0.012110488 0.999925137 -0.001762194 0.266695082 -0.002586348 0.001730995 0.999995172 14.088613510
0.999937236 0.010980654 0.002237224 0.054730587 -0.010980035 0.999939680 -0.000289362 0.282770306 -0.002240266 0.000264779 0.999997437 14.834038734
0.999956608 0.009084295 0.002060032 0.063513093 -0.009089521 0.999955475 0.002541794 0.297331154 -0.002036850 -0.002560409 0.999994636 15.585432053
0.999952257 0.009504378 0.002269447 0.065316550 -0.009511596 0.999949694 0.003191109 0.311973959 -0.002239002 -0.003212542 0.999992311 16.328504562
0.999964595 0.008176469 0.001975639 0.072445229 -0.008180830 0.999964118 0.002209806 0.327100039 -0.001957499 -0.002225890 0.999995589 17.070375443
0.999976695 0.006678724 0.001426036 0.077450767 -0.006680528 0.999976814 0.001264206 0.343938738 -0.001417559 -0.001273703 0.999998212 17.815282822
0.999979913 0.006193096 0.001358166 0.082052842 -0.006194060 0.999980569 0.000707050 0.362977654 -0.001353761 -0.000715448 0.999998808 18.557849884
0.999982357 0.005903530 0.000850765 0.085713647 -0.005905401 0.999980211 0.002213115 0.377556592 -0.000837682 -0.002218100 0.999997199 19.298591614
0.999978840 0.006448941 0.000924283 0.087681144 -0.006452245 0.999972641 0.003618870 0.391560495 -0.000900920 -0.003624756 0.999993086 20.049051285
0.999970436 0.007693067 -0.000044148 0.091449045 -0.007692911 0.999966443 0.002816300 0.404890716 0.000065813 -0.002815877 0.999996006 20.793569565
0.999967933 0.008011213 -0.000334040 0.090458184 -0.008011055 0.999967813 0.000466187 0.421221197 0.000337764 -0.000463496 0.999999881 21.544391632
0.999961317 0.008702384 -0.001207928 0.093311012 -0.008703268 0.999961793 -0.000728087 0.435887426 0.001201545 0.000738572 0.999998987 22.292039871
0.999961615 0.008596976 -0.001674211 0.094345741 -0.008599096 0.999962151 -0.001262958 0.448127121 0.001663290 0.001277306 0.999997795 23.043550491
0.999954164 0.009256325 -0.002440287 0.094361335 -0.009259275 0.999956429 -0.001200741 0.467792451 0.002429065 0.001223281 0.999996305 23.799081802
0.999956608 0.008699764 -0.003332773 0.096807651 -0.008700213 0.999962211 -0.000120612 0.481464595 0.003331597 0.000149602 0.999994457 24.555057526
0.999964476 0.007210070 -0.004346666 0.097374856 -0.007203519 0.999972880 0.001520802 0.495302290 0.004357514 -0.001489437 0.999989331 25.306623459
0.999971449 0.005289140 -0.005382599 0.098502919 -0.005275747 0.999982953 0.002499105 0.511027932 0.005395724 -0.002470636 0.999982357 26.063146591
0.999970496 0.003938771 -0.006589123 0.098280221 -0.003923548 0.999989629 0.002321579 0.528122663 0.006598198 -0.002295658 0.999975622 26.814737320
0.999964714 0.003050782 -0.007823114 0.098322630 -0.003028014 0.999991179 0.002920537 0.543208957 0.007831954 -0.002896745 0.999965131 27.569635391
0.999960840 0.001484038 -0.008727784 0.093492150 -0.001471949 0.999997973 0.001391416 0.560376525 0.008729831 -0.001378515 0.999960959 28.324176788
0.999955177 0.001100035 -0.009407403 0.089975148 -0.001083418 0.999997854 0.001771280 0.575733006 0.009409331 -0.001761009 0.999954224 29.082111359
0.999951780 0.000833371 -0.009786935 0.086272836 -0.000817044 0.999998212 0.001672152 0.593515396 0.009788312 -0.001664075 0.999950707 29.828269958
0.999956191 0.000858260 -0.009324271 0.081007391 -0.000834998 0.999996543 0.002498350 0.609477818 0.009326384 -0.002490455 0.999953449 30.575206757
0.999954820 0.000700518 -0.009477131 0.078414649 -0.000676459 0.999996483 0.002541612 0.626169205 0.009478879 -0.002535086 0.999951839 31.332550049
0.999957740 -0.000657463 -0.009168304 0.074022382 0.000677316 0.999997377 0.002162499 0.640330732 0.009166857 -0.002168618 0.999955595 32.088268280
0.999954820 -0.000800058 -0.009472460 0.072962582 0.000822477 0.999996841 0.002363075 0.660204291 0.009470541 -0.002370759 0.999952257 32.845291138
0.999957204 -0.000353199 -0.009247915 0.067633778 0.000378482 0.999996066 0.002732306 0.676597536 0.009246916 -0.002735690 0.999953449 33.597953796
0.999956429 -0.000660048 -0.009312283 0.063859731 0.000681606 0.999997079 0.002312027 0.692733824 0.009310730 -0.002318274 0.999953985 34.354232788
0.999956429 -0.000583049 -0.009315390 0.059744745 0.000611970 0.999995053 0.003102112 0.706255913 0.009313533 -0.003107678 0.999951839 35.110725403
0.999956131 0.000134015 -0.009359471 0.056057423 -0.000104656 0.999995053 0.003137241 0.724055648 0.009359843 -0.003136124 0.999951243 35.872112274
0.999959648 0.000183000 -0.008975409 0.049315453 -0.000157223 0.999995828 0.002872641 0.742059469 0.008975897 -0.002871114 0.999955595 36.643218994
0.999958932 0.000481866 -0.009046259 0.046623915 -0.000455841 0.999995708 0.002878677 0.762266278 0.009047606 -0.002874434 0.999954939 37.405769348
0.999955654 0.001191653 -0.009333374 0.043669760 -0.001171436 0.999997079 0.002171253 0.775428474 0.009335934 -0.002160224 0.999954104 38.149963379
0.999957800 0.001317347 -0.009087646 0.036723584 -0.001296820 0.999996662 0.002264253 0.790729940 0.009090600 -0.002252373 0.999956131 38.910655975
0.999955416 0.001291743 -0.009355033 0.036010474 -0.001275514 0.999997735 0.001740631 0.810928643 0.009357261 -0.001728621 0.999954700 39.674861908
0.999952018 0.000673276 -0.009769965 0.033332825 -0.000663523 0.999999285 0.001001467 0.824887991 0.009770634 -0.000994936 0.999951720 40.418453217
0.999954283 0.000106898 -0.009554192 0.031089574 -0.000094949 0.999999225 0.001251042 0.837587237 0.009554317 -0.001250078 0.999953568 41.175266266
0.999952495 0.001306811 -0.009660662 0.024735004 -0.001289959 0.999997616 0.001750407 0.855602980 0.009662928 -0.001737862 0.999951720 41.920497894
0.999953628 0.001254762 -0.009548628 0.020213246 -0.001231394 0.999996185 0.002452753 0.871659636 0.009551669 -0.002440881 0.999951363 42.681758881
0.999949753 0.000435950 -0.010016112 0.020017236 -0.000407761 0.999995947 0.002816227 0.887098789 0.010017295 -0.002812001 0.999945879 43.422622681
0.999949157 0.000019867 -0.010080275 0.017531931 0.000008025 0.999996185 0.002766893 0.902511179 0.010080291 -0.002766834 0.999945402 44.176391602
0.999947846 -0.000485993 -0.010203620 0.011780679 0.000506934 0.999997795 0.002049809 0.920857072 0.010202603 -0.002054875 0.999945819 44.916297913
0.999947250 -0.000695189 -0.010242301 0.008422226 0.000712088 0.999998391 0.001646394 0.938441813 0.010241141 -0.001653601 0.999946177 45.660663605
0.999944389 -0.000286879 -0.010538605 0.003402650 0.000314984 0.999996424 0.002665293 0.952106178 0.010537802 -0.002668464 0.999940872 46.395580292
0.999941885 -0.000488089 -0.010768875 0.000386596 0.000507540 0.999998271 0.001803501 0.968672812 0.010767976 -0.001808862 0.999940395 47.132534027
0.999940455 -0.000808964 -0.010880836 -0.005414665 0.000825393 0.999998510 0.001505503 0.981020153 0.010879602 -0.001514394 0.999939680 47.854385376
0.999940872 -0.000984677 -0.010831286 -0.011136055 0.000991255 0.999999344 0.000601918 0.992554605 0.010830685 -0.000612619 0.999941170 48.573520660
0.999938846 -0.001292256 -0.010986015 -0.012923002 0.001283534 0.999998868 -0.000800885 1.008377314 0.010987037 0.000786735 0.999939322 49.292964935
0.999938548 -0.001238543 -0.011021085 -0.016519010 0.001233001 0.999999166 -0.000509661 1.019536734 0.011021706 0.000496041 0.999939144 50.014896393
0.999941111 -0.000847640 -0.010819833 -0.023051441 0.000822813 0.999997079 -0.002298811 1.038386941 0.010821749 0.002289772 0.999938846 50.732131958
0.999935210 -0.001137009 -0.011328534 -0.025805056 0.001115333 0.999997497 -0.001919504 1.046254992 0.011330688 0.001906745 0.999933958 51.425090790
0.999937952 -0.000828453 -0.011107229 -0.032469690 0.000828380 0.999999583 -0.000011133 1.054292917 0.011107233 0.000001931 0.999938369 52.132976532
0.999934435 -0.000357060 -0.011444639 -0.034921169 0.000358687 0.999999881 0.000140068 1.068708539 0.011444586 -0.000144164 0.999934494 52.828063965
0.999934018 0.000515975 -0.011473249 -0.042088687 -0.000501666 0.999999046 0.001249937 1.075914502 0.011473882 -0.001244098 0.999933422 53.517585754
0.999930739 0.000852211 -0.011737704 -0.045633614 -0.000836323 0.999998689 0.001358486 1.095691442 0.011738847 -0.001348576 0.999930203 54.214366913
0.999928176 0.001686354 -0.011861563 -0.050380707 -0.001662624 0.999996543 0.002010182 1.110216975 0.011864915 -0.001990316 0.999927700 54.899536133
0.999926567 0.000972624 -0.012079861 -0.053510070 -0.000939507 0.999995768 0.002746788 1.123754025 0.012082482 -0.002735238 0.999923289 55.585037231
0.999929845 0.001240958 -0.011778519 -0.058904588 -0.001198817 0.999992788 0.003584164 1.136736870 0.011782882 -0.003569793 0.999924242 56.266326904
0.999927163 0.001390317 -0.011986500 -0.064206719 -0.001342457 0.999991119 0.003999918 1.151192188 0.011991954 -0.003983535 0.999920130 56.938022614
0.999921739 0.000899088 -0.012474418 -0.067425132 -0.000832836 0.999985576 0.005315201 1.164631963 0.012479017 -0.005304396 0.999908030 57.612323761
0.999918640 0.000325534 -0.012745812 -0.073604405 -0.000255623 0.999984920 0.005486263 1.180683732 0.012747404 -0.005482558 0.999903738 58.269695282
0.999917030 0.001105676 -0.012826571 -0.080385149 -0.001003422 0.999967754 0.007975746 1.193793774 0.012834974 -0.007962214 0.999885976 58.940521240
0.999914765 0.000066978 -0.013051413 -0.086405635 0.000037798 0.999967754 0.008027580 1.213701963 0.013051530 -0.008027390 0.999882519 59.584030151
0.999909282 -0.000874865 -0.013440173 -0.088927865 0.000986763 0.999964833 0.008321228 1.223001719 0.013432420 -0.008333735 0.999874949 60.241672516
0.999906301 -0.000345276 -0.013679648 -0.094349086 0.000478458 0.999952495 0.009733684 1.244509339 0.013675635 -0.009739319 0.999859035 60.890506744
0.999898195 0.000711864 -0.014245444 -0.104891479 -0.000569832 0.999950111 0.009971953 1.259435415 0.014251832 -0.009962821 0.999848723 61.533729553
0.999891579 -0.000898301 -0.014698790 -0.109748602 0.001036009 0.999955595 0.009363689 1.276592851 0.014689724 -0.009377901 0.999848127 62.173191071
0.999879956 -0.001468910 -0.015423617 -0.114555299 0.001622698 0.999949038 0.009963156 1.291908503 0.015408196 -0.009986987 0.999831378 62.812206268
0.999878228 -0.001003839 -0.015571045 -0.125064313 0.001146213 0.999957621 0.009137293 1.305950284 0.015561212 -0.009154030 0.999836981 63.442459106
0.999872863 -0.001709919 -0.015849255 -0.135468602 0.001850591 0.999959052 0.008865213 1.319537044 0.015833449 -0.008893418 0.999835074 64.063179016
0.999867439 -0.000660156 -0.016265593 -0.147935629 0.000817300 0.999953032 0.009656417 1.336624384 0.016258450 -0.009668432 0.999821186 64.687561035
0.999866605 -0.000941982 -0.016302450 -0.154976249 0.001098660 0.999953389 0.009604431 1.352294683 0.016292641 -0.009621061 0.999821067 65.313217163
0.999870777 -0.001317212 -0.016018355 -0.161756277 0.001472116 0.999952257 0.009662423 1.367463827 0.016004859 -0.009684756 0.999825001 65.940567017
0.999878109 -0.001931261 -0.015485317 -0.170765221 0.002094513 0.999942303 0.010533132 1.384592056 0.015464084 -0.010564283 0.999824643 66.544212341
0.999884844 -0.002060991 -0.015029960 -0.177166998 0.002243414 0.999923885 0.012130556 1.399058342 0.015003814 -0.012162878 0.999813437 67.148216248
0.999889910 -0.002063521 -0.014695412 -0.183729231 0.002258636 0.999909341 0.013273080 1.414070845 0.014666691 -0.013304809 0.999803901 67.747291565
0.999894977 -0.002057949 -0.014339530 -0.189255118 0.002262183 0.999896049 0.014241043 1.429417253 0.014308730 -0.014271988 0.999795735 68.331130981
0.999898553 -0.001967919 -0.014109066 -0.194981694 0.002190652 0.999872983 0.015788428 1.445816994 0.014076202 -0.015817732 0.999775946 68.907012939
0.999901533 -0.002769944 -0.013757121 -0.199958742 0.003010247 0.999842703 0.017477684 1.461012125 0.013706543 -0.017517379 0.999752581 69.462211609
0.999907613 -0.002922235 -0.013273440 -0.204962671 0.003172963 0.999816179 0.018907813 1.476424456 0.013215749 -0.018948182 0.999733090 70.001884460
0.999914348 -0.002805351 -0.012783990 -0.209702730 0.003061917 0.999793410 0.020094128 1.492097259 0.012724979 -0.020131549 0.999716282 70.514205933
0.999923229 -0.002385763 -0.012154035 -0.215724349 0.002635820 0.999784350 0.020599704 1.506398082 0.012102269 -0.020630158 0.999713898 70.998855591
0.999929965 -0.001321156 -0.011762913 -0.220981777 0.001562197 0.999788523 0.020506075 1.518867016 0.011733336 -0.020523014 0.999720514 71.457542419
0.999935448 -0.000915274 -0.011323109 -0.226082921 0.001143120 0.999796629 0.020132244 1.532103300 0.011302383 -0.020143887 0.999733210 71.892570496
0.999942183 -0.001087586 -0.010694145 -0.229411066 0.001304416 0.999793291 0.020289522 1.543790102 0.010669868 -0.020302303 0.999736965 72.304389954
0.999949753 -0.001062659 -0.009961184 -0.231411159 0.001256063 0.999810398 0.019429620 1.556494236 0.009938649 -0.019441159 0.999761581 72.690734863
0.999956429 -0.001097014 -0.009272660 -0.234600216 0.001261023 0.999842405 0.017700059 1.566781878 0.009251783 -0.017710978 0.999800324 73.057060242
0.999960899 -0.001039431 -0.008783155 -0.237896472 0.001181434 0.999868453 0.016177846 1.577130437 0.008765184 -0.016187590 0.999830544 73.403953552
0.999967337 0.000354654 -0.008065337 -0.241624296 -0.000226834 0.999874413 0.015843375 1.585687637 0.008069943 -0.015841028 0.999841928 73.738677979
0.999972403 0.001188319 -0.007328440 -0.245120227 -0.001084885 0.999899983 0.014101879 1.595127106 0.007344465 -0.014093542 0.999873698 74.062026978
0.999976158 0.001493342 -0.006740577 -0.246607661 -0.001405040 0.999913335 0.013085951 1.603268385 0.006759535 -0.013076168 0.999891639 74.372795105
0.999983132 0.001227878 -0.005676698 -0.247410223 -0.001155321 0.999917805 0.012767053 1.612550139 0.005691908 -0.012760281 0.999902308 74.678840637
0.999989986 0.001361042 -0.004245635 -0.246575639 -0.001310922 0.999929667 0.011785450 1.620011806 0.004261378 -0.011779767 0.999921560 74.976364136
0.999995470 0.000996139 -0.002832408 -0.244869560 -0.000966923 0.999946535 0.010297919 1.626757145 0.002842515 -0.010295135 0.999942958 75.271118164
0.999997616 0.001666468 -0.001391966 -0.245247453 -0.001653000 0.999952316 0.009621497 1.633444309 0.001407933 -0.009619174 0.999952734 75.570030212
0.999997497 0.002131364 0.000642125 -0.243801922 -0.002137354 0.999952734 0.009477265 1.640591145 -0.000621895 -0.009478614 0.999954879 75.868041992
0.999992788 0.002044555 0.003179605 -0.240376145 -0.002072446 0.999959111 0.008793320 1.648274422 -0.003161496 -0.008799845 0.999956310 76.165771484
0.999977112 0.002388561 0.006334505 -0.235538960 -0.002437446 0.999967217 0.007720740 1.656887174 -0.006315857 -0.007736002 0.999950051 76.468101501
0.999944687 0.003167985 0.010023304 -0.230355203 -0.003251068 0.999960542 0.008283601 1.665296555 -0.009996664 -0.008315731 0.999915481 76.775360107
0.999896228 0.002696904 0.014150423 -0.221351504 -0.002804191 0.999967456 0.007567536 1.672852993 -0.014129552 -0.007606431 0.999871254 77.082000732
0.999816358 0.003259935 0.018881069 -0.211237907 -0.003361634 0.999979973 0.005357052 1.680965304 -0.018863233 -0.005419541 0.999807298 77.392059326
0.999691784 0.003014433 0.024641722 -0.197638988 -0.003153808 0.999979258 0.005619169 1.688229084 -0.024624275 -0.005695153 0.999680579 77.709480286
0.999499202 0.003787767 0.031414043 -0.181792736 -0.003987600 0.999972165 0.006301045 1.695542097 -0.031389304 -0.006423157 0.999486566 78.032783508
0.999230504 0.004111460 0.039006889 -0.166005611 -0.004325967 0.999975920 0.005416388 1.702277780 -0.038983684 -0.005580961 0.999224246 78.354309082
0.998866498 0.003879050 0.047440853 -0.142463923 -0.004112593 0.999979913 0.004826205 1.711472988 -0.047421169 -0.005015839 0.998862386 78.687469482
0.998361707 0.003734060 0.057095993 -0.114729404 -0.004020956 0.999979973 0.004910743 1.717222095 -0.057076514 -0.005132278 0.998356640 79.020133972
0.997655928 0.003801149 0.068323985 -0.081473351 -0.004085783 0.999983549 0.004026694 1.727284670 -0.068307549 -0.004296413 0.997655153 79.358085632
0.996681809 0.004492813 0.081273861 -0.044573784 -0.004816270 0.999981225 0.003784223 1.734824181 -0.081255339 -0.004163103 0.996684611 79.700759888
0.995408177 0.006243381 0.095517680 -0.005248547 -0.006811718 0.999960959 0.005625159 1.743080378 -0.095478840 -0.006249970 0.995411754 80.045143127
0.993839562 0.006380572 0.110644504 0.045768738 -0.006976910 0.999963164 0.005003346 1.751866102 -0.110608518 -0.005744479 0.993847430 80.391250610
0.991935492 0.006793585 0.126561776 0.104779243 -0.007481158 0.999959707 0.004958168 1.760326385 -0.126522988 -0.005865010 0.991946340 80.746795654
0.989625275 0.006326401 0.143533185 0.170411110 -0.007258646 0.999955833 0.005972265 1.767698884 -0.143489063 -0.006952161 0.989627481 81.101882935
0.986918867 0.006533642 0.161084667 0.246860504 -0.007656416 0.999950528 0.006350352 1.776792407 -0.161035210 -0.007500615 0.986920118 81.469161987
0.983887911 0.006507752 0.178667888 0.338775635 -0.007685855 0.999952972 0.005902424 1.791070461 -0.178621098 -0.007180540 0.983891726 81.839172363
0.980010629 0.006475963 0.198839366 0.428800583 -0.007787521 0.999952793 0.005814728 1.801248908 -0.198792294 -0.007246960 0.980014861 82.201118469
0.975405395 0.008203188 0.220265836 0.525346756 -0.009393675 0.999946356 0.004357884 1.807165146 -0.220218241 -0.006319808 0.975430131 82.560073853
0.970189095 0.008897762 0.242185459 0.633230209 -0.009967360 0.999945223 0.003191567 1.815263987 -0.242143750 -0.005510373 0.970224738 82.921867371
0.964311242 0.010654156 0.264556885 0.752334595 -0.011623229 0.999930382 0.002097841 1.822146416 -0.264516145 -0.005097978 0.964367807 83.286712646
0.957602143 0.011300127 0.287872285 0.883827209 -0.012101328 0.999926269 0.001003791 1.831982613 -0.287839681 -0.004444870 0.957668245 83.653457642
0.950147569 0.011798711 0.311577171 1.027313232 -0.012482654 0.999922037 0.000200825 1.839226484 -0.311550528 -0.004080123 0.950220823 84.018798828
0.941861629 0.011664878 0.335798264 1.182531357 -0.012081973 0.999926627 -0.000847154 1.847349644 -0.335783482 -0.003259204 0.941933572 84.379577637
0.932420909 0.010782043 0.361213058 1.344318390 -0.010867269 0.999939322 -0.001795397 1.851659417 -0.361210555 -0.002251334 0.932481587 84.729660034
0.921695530 0.011440855 0.387745380 1.518892288 -0.011162714 0.999933302 -0.002969649 1.857052326 -0.387753487 -0.001591179 0.921761751 85.080856323
0.909745157 0.011130174 0.415017903 1.704364777 -0.010425393 0.999937773 -0.003963758 1.860264540 -0.415036261 -0.000720716 0.909804583 85.429176331
0.896369874 0.011916424 0.443146616 1.903823853 -0.011038173 0.999928594 -0.004561220 1.864635825 -0.443169326 -0.000802988 0.896437526 85.774963379
0.881597996 0.012065199 0.471846581 2.117626190 -0.010162412 0.999926627 -0.006580848 1.867996931 -0.471891493 0.001006563 0.881656051 86.112312317
0.865625739 0.010748289 0.500576258 2.343849182 -0.007193846 0.999933362 -0.009030381 1.868673682 -0.500639975 0.004215862 0.865645349 86.438079834
0.848426104 0.007447878 0.529261470 2.588527679 0.000486478 0.999889612 -0.014850499 1.868200541 -0.529313684 0.012857023 0.848328769 86.752182007
0.829953253 0.003291463 0.557823181 2.839508057 0.009937562 0.999736607 -0.020684525 1.863161445 -0.557744384 0.022710592 0.829701900 87.046890259
0.809954464 0.004274053 0.586477101 3.100807190 0.012700280 0.999611020 -0.024824562 1.862459540 -0.586355269 0.027555184 0.809585333 87.345619202
0.788900197 0.010113508 0.614438176 3.369506836 0.011817098 0.999429941 -0.031622797 1.863302469 -0.614407778 0.032208100 0.788331032 87.641838074
0.767378688 0.017884051 0.640944660 3.635501862 0.007798647 0.999276638 -0.037219487 1.859392881 -0.641146719 0.033559941 0.766684175 87.930625916
0.744907260 0.023100045 0.666768014 3.915187836 0.004944059 0.999181867 -0.040139906 1.855301619 -0.667149723 0.033197053 0.744183540 88.209686279
0.721864879 0.023082765 0.691648960 4.223659515 0.008771750 0.999058068 -0.042497046 1.855540514 -0.691978455 0.036744095 0.720982432 88.478469849
0.698379636 0.018387025 0.715491354 4.543556213 0.016065057 0.999015391 -0.041354004 1.851865292 -0.715547323 0.040375203 0.697396576 88.728500366
0.673900485 0.012517788 0.738716006 4.869258881 0.025926095 0.998839974 -0.040576998 1.847579002 -0.738367021 0.046496887 0.672794282 88.960235596
0.648553908 0.011780556 0.761077583 5.196205139 0.031646241 0.998598278 -0.042424511 1.845298290 -0.760510564 0.051599815 0.647272050 89.183410645
0.621859789 0.011800323 0.783039749 5.527587891 0.031181842 0.998720467 -0.039814010 1.835802555 -0.782507539 0.049175359 0.620696068 89.407775879
0.594391346 0.012883453 0.804072678 5.858871460 0.025716158 0.999055803 -0.035017662 1.827140570 -0.803764641 0.041491847 0.593498766 89.630943298
0.567744911 0.014702321 0.823073149 6.193698883 0.020380236 0.999282956 -0.031907916 1.816062570 -0.822952151 0.034889992 0.567038298 89.833915710
0.540367603 0.016392913 0.841269374 6.535339355 0.018547827 0.999335229 -0.031386692 1.812888384 -0.841224611 0.032564078 0.539704323 90.033538818
0.512336135 0.015304195 0.858648539 6.883918762 0.020824814 0.999325752 -0.030237261 1.806313515 -0.858532429 0.033372842 0.511671960 90.198410034
0.484476268 0.013553315 0.874699414 7.249385834 0.025454951 0.999238193 -0.029581940 1.808031440 -0.874433994 0.036597181 0.483762175 90.364280701
0.457913756 0.012633883 0.888906837 7.606414795 0.028277779 0.999186099 -0.028768353 1.805432081 -0.888546765 0.038309738 0.457183808 90.513923645
0.432809919 0.012174973 0.901403010 7.965984344 0.029553706 0.999179721 -0.027685862 1.800490618 -0.901000619 0.038622506 0.432095051 90.655326843
0.408941031 0.011949472 0.912482440 8.326786041 0.030866131 0.999160886 -0.026917635 1.799313784 -0.912038684 0.039172530 0.408229053 90.790496826
0.385875314 0.012138044 0.922471106 8.687730789 0.031182418 0.999170482 -0.026191069 1.798176527 -0.922023773 0.038871374 0.385176748 90.919303894
0.364039123 0.012003261 0.931306303 9.050628662 0.030708238 0.999218583 -0.024882127 1.794363260 -0.930877328 0.037656840 0.363386065 91.041152954
0.344086677 0.011621939 0.938865960 9.415227890 0.032151345 0.999191165 -0.024151890 1.795421600 -0.938387275 0.038496148 0.343434691 91.151367188
0.325315952 0.011326490 0.945537567 9.776569366 0.032907918 0.999186993 -0.023291251 1.794036627 -0.945032597 0.038692690 0.324678749 91.254440308
0.307055533 0.010897961 0.951629102 10.141614914 0.033426981 0.999193966 -0.022228315 1.795294762 -0.951104403 0.038635422 0.306443691 91.355270386
0.289493442 0.010600531 0.957121313 10.502153397 0.034153044 0.999187529 -0.021396451 1.793003201 -0.956570506 0.038882736 0.288896143 91.447257996
0.272670001 0.010222787 0.962053299 10.862653732 0.035223775 0.999167025 -0.020600462 1.793546200 -0.961462617 0.039504282 0.272082865 91.529685974
0.256787062 0.009707282 0.966419220 11.219985962 0.036370356 0.999144197 -0.019699953 1.790191650 -0.965783358 0.040207714 0.256214231 91.607231140
0.241751939 0.010147286 0.970285058 11.582372665 0.036618195 0.999137640 -0.019572655 1.792317986 -0.969646931 0.040261805 0.241171852 91.682609558
0.227623463 0.010314044 0.973694682 11.936779022 0.036897615 0.999134421 -0.019209184 1.790863514 -0.973049939 0.040299464 0.227045894 91.751525879
0.213872895 0.010885672 0.976800859 12.307413101 0.036524773 0.999149621 -0.019131919 1.793242216 -0.976178348 0.039769229 0.213293403 91.821823120
0.201067269 0.011827111 0.979506075 12.671554565 0.037422430 0.999104440 -0.019745613 1.794815302 -0.978862286 0.040625688 0.200444594 91.880584717
0.188783512 0.011346132 0.981953204 13.041526794 0.037816785 0.999107480 -0.018814737 1.796069980 -0.981290221 0.040686216 0.188185975 91.940574646
0.177036464 0.010658687 0.984146595 13.409645081 0.038759742 0.999090135 -0.017792953 1.796338201 -0.983440816 0.041295264 0.176462218 91.993507385
0.166237697 0.010802338 0.986026466 13.776037216 0.039338253 0.999071360 -0.017577423 1.798444510 -0.985300660 0.041710597 0.165658370 92.042869568
0.155651227 0.010982599 0.987751007 14.144832611 0.039890185 0.999052703 -0.017394211 1.800374627 -0.987006247 0.042109001 0.155065671 92.091545105
0.145720989 0.010798242 0.989266813 14.523537636 0.039683096 0.999071836 -0.016750673 1.803075910 -0.988529563 0.041698098 0.145157233 92.136985779
0.136057541 0.009885295 0.990651667 14.895895958 0.040464483 0.999060273 -0.015526656 1.804526687 -0.989874184 0.042198725 0.135529697 92.179016113
0.127187684 0.008870553 0.991838992 15.270281792 0.040822964 0.999065936 -0.014170089 1.807052612 -0.991038203 0.042292070 0.126706764 92.216598511
0.118378162 0.009075546 0.992927074 15.649433136 0.041814752 0.999025702 -0.014116500 1.811033964 -0.992087722 0.043190096 0.117883340 92.252059937
0.109890908 0.008548027 0.993906796 16.029556274 0.042595308 0.999003828 -0.013301395 1.811170220 -0.993030488 0.043797463 0.109417342 92.282752991
0.101738416 0.007436132 0.994783342 16.410240173 0.041779950 0.999057770 -0.011741001 1.815087080 -0.993933439 0.042756509 0.101331890 92.314903259
0.093503430 0.007822596 0.995588243 16.799190521 0.042029738 0.999046683 -0.011797110 1.820558310 -0.994731367 0.042947378 0.093085520 92.343948364
0.085687175 0.007328621 0.996295273 17.183759689 0.041690394 0.999070764 -0.010934656 1.823558331 -0.995449483 0.042472895 0.085302025 92.369300842
0.077620216 0.006783126 0.996959865 17.571500778 0.041822679 0.999074519 -0.010053697 1.826308131 -0.996105433 0.042475902 0.077264689 92.393165588
0.070377171 0.007097608 0.997495115 17.958848953 0.042126864 0.999061525 -0.010080965 1.831686378 -0.996630490 0.042730819 0.070012122 92.411270142
0.063081495 0.007339755 0.997981310 18.355472565 0.043202683 0.999015510 -0.010078161 1.836601257 -0.997072816 0.043751225 0.062702283 92.427688599
0.056114923 0.007573448 0.998395503 18.744825363 0.042462632 0.999048412 -0.009965016 1.840916514 -0.997520924 0.042953689 0.055739935 92.444374084
0.049579054 0.007614352 0.998741150 19.132974625 0.042346857 0.999055684 -0.009718914 1.847805023 -0.997872055 0.042775404 0.049209792 92.460388184
0.044147313 0.007579078 0.998996258 19.533218384 0.042734623 0.999041557 -0.009467936 1.852865219 -0.998110712 0.043109711 0.043781117 92.469642639
0.039152168 0.008042311 0.999200940 19.932149887 0.043356657 0.999012232 -0.009739657 1.856308818 -0.998292148 0.043703340 0.038764808 92.480148315
0.035169538 0.008166604 0.999348104 20.323688507 0.043703850 0.998997450 -0.009701787 1.859835863 -0.998425245 0.044016566 0.034777373 92.489265442
0.031997107 0.008045522 0.999455631 20.728450775 0.043841921 0.998993874 -0.009445385 1.865351200 -0.998525977 0.044120274 0.031612184 92.498123169
0.029352531 0.008105905 0.999536216 21.132465363 0.043460961 0.999011099 -0.009377926 1.870085239 -0.998623848 0.043716073 0.028971214 92.507881165
0.026653502 0.008932176 0.999604881 21.541641235 0.043332480 0.999009848 -0.010082277 1.875359058 -0.998705089 0.043584086 0.026240060 92.516059875
0.024291717 0.009020455 0.999664247 21.954671860 0.043497395 0.999002755 -0.010071468 1.881916165 -0.998758197 0.043727446 0.023875128 92.520729065
0.022239698 0.007932311 0.999721169 22.366407394 0.043881334 0.998997033 -0.008902744 1.887436628 -0.998789191 0.044067092 0.021869317 92.524765015
0.020184003 0.007879185 0.999765277 22.783288956 0.044776499 0.998958468 -0.008776809 1.894406557 -0.998793125 0.044943139 0.019810181 92.528289795
0.017933931 0.009842220 0.999790728 23.201211929 0.044542134 0.998950899 -0.010632935 1.896616220 -0.998846471 0.044723500 0.017476723 92.533660889
0.016083820 0.009512572 0.999825358 23.609693527 0.043723725 0.998991430 -0.010208007 1.902486086 -0.998914182 0.043880269 0.015651671 92.540901184
0.014497309 0.008883626 0.999855459 24.035326004 0.044194508 0.998977542 -0.009516621 1.908379436 -0.998917818 0.044326074 0.014089880 92.544456482
0.013169855 0.009076257 0.999872029 24.459331512 0.043899905 0.998989224 -0.009646474 1.914196134 -0.998949111 0.044021334 0.012758097 92.547622681
0.011925246 0.009117042 0.999887347 24.886051178 0.043948118 0.998987377 -0.009632987 1.920552015 -0.998962641 0.044058051 0.011512493 92.547119141
0.010657076 0.010108857 0.999892116 25.322847366 0.044030558 0.998974383 -0.010568865 1.927519202 -0.998973370 0.044138446 0.010201044 92.550407410
0.009897532 0.008690608 0.999913275 25.761528015 0.044093274 0.998985827 -0.009118999 1.931891441 -0.998978376 0.044179708 0.009504295 92.551376343
0.009219754 0.008498990 0.999921322 26.190505981 0.044566933 0.998966873 -0.008901803 1.934494257 -0.998963833 0.044645514 0.008831453 92.549644470
0.008420650 0.009188105 0.999922276 26.635437012 0.044673786 0.998956025 -0.009555436 1.937555194 -0.998966157 0.044750787 0.008001391 92.550727844
0.007607874 0.010231810 0.999918640 27.075193405 0.045036927 0.998929501 -0.010564351 1.939799786 -0.998956323 0.045113645 0.007138918 92.552001953
0.006848633 0.011379076 0.999911785 27.531869888 0.043565925 0.998982549 -0.011666890 1.953775644 -0.999027014 0.043641992 0.006345924 92.555122375
0.006107608 0.010592346 0.999925256 27.995281219 0.042886276 0.999021113 -0.010844720 1.961450338 -0.999061167 0.042949315 0.005647364 92.557083130
0.005370615 0.009537256 0.999940097 28.455314636 0.043527268 0.999004543 -0.009762117 1.966029763 -0.999037743 0.043577094 0.004950139 92.558189392
0.004822868 0.009125662 0.999946713 28.924524307 0.043639366 0.999003768 -0.009327536 1.971978426 -0.999035716 0.043682024 0.004419825 92.555938721
0.004135609 0.008843865 0.999952376 29.393959045 0.044943288 0.998948812 -0.009020867 1.978207111 -0.998980999 0.044978458 0.003733790 92.552169800
0.003397661 0.007405696 0.999966800 29.870534897 0.044777643 0.998968363 -0.007550447 1.984332800 -0.998991132 0.044801813 0.003062546 92.555534363
0.002526844 0.007184700 0.999971032 30.352371216 0.045361470 0.998944044 -0.007291946 1.991298199 -0.998967409 0.045378581 0.002198267 92.553695679
0.001795585 0.007823705 0.999967694 30.841033936 0.044974711 0.998956919 -0.007896554 1.998655319 -0.998986483 0.044987440 0.001441843 92.551200867
0.001234038 0.008840821 0.999960065 31.328399658 0.045596614 0.998920441 -0.008887898 2.004729033 -0.998959124 0.045605768 0.000829594 92.546508789
0.000452127 0.008966096 0.999959707 31.823356628 0.045381967 0.998929501 -0.008977378 2.011429787 -0.998969615 0.045384202 0.000044744 92.547622681
-0.000319127 0.008598887 0.999962986 32.324150085 0.046331238 0.998889267 -0.008574871 2.022818089 -0.998926103 0.046326783 -0.000717169 92.543167114
-0.001061534 0.008942680 0.999959409 32.827289581 0.046287313 0.998888671 -0.008883967 2.028871059 -0.998927653 0.046276007 -0.001474287 92.540138245
-0.002119830 0.009776865 0.999949932 33.333705902 0.048295438 0.998786330 -0.009663105 2.033393860 -0.998830855 0.048272528 -0.002589436 92.536155701
-0.002725767 0.010786202 0.999938130 33.842876434 0.047029722 0.998836756 -0.010646122 2.043236256 -0.998889744 0.046997786 -0.003229868 92.533401489
-0.003472350 0.010997813 0.999933600 34.360084534 0.047131807 0.998830020 -0.010822010 2.050147295 -0.998882592 0.047091089 -0.003986635 92.529403687
-0.004327158 0.010745163 0.999932945 34.880237579 0.047137864 0.998832881 -0.010529357 2.054831743 -0.998878956 0.047089133 -0.004828612 92.526329041
-0.004898794 0.010587214 0.999931931 35.400264740 0.047964014 0.998795509 -0.010340201 2.063757658 -0.998837173 0.047910087 -0.005400698 92.518814087
-0.005371544 0.010064648 0.999934852 35.935073853 0.048560742 0.998772204 -0.009792084 2.071665764 -0.998805881 0.048504982 -0.005853695 92.511444092
-0.006036283 0.008321848 0.999947071 36.477447510 0.048809782 0.998775959 -0.008017454 2.077376604 -0.998789907 0.048758809 -0.006435080 92.507598877
-0.006482402 0.007833697 0.999948323 36.998836517 0.048727214 0.998783886 -0.007508688 2.087003708 -0.998791099 0.048676021 -0.006856233 92.500259399
-0.007018866 0.007996518 0.999943376 37.543014526 0.048551608 0.998791397 -0.007646509 2.095035553 -0.998796046 0.048495188 -0.007398627 92.494422913
-0.007246713 0.007791060 0.999943316 38.078334808 0.048177987 0.998811066 -0.007433086 2.102184296 -0.998812497 0.048121396 -0.007613455 92.489326477
-0.007372140 0.006713604 0.999950290 38.630638123 0.048355408 0.998810053 -0.006349447 2.112210989 -0.998803020 0.048306189 -0.007688006 92.481758118
-0.007663321 0.006805194 0.999947429 39.182117462 0.049350735 0.998760819 -0.006418908 2.119269609 -0.998752236 0.049298946 -0.007989666 92.475097656
-0.007241189 0.006767891 0.999950886 39.737766266 0.049026363 0.998777092 -0.006404918 2.134460211 -0.998771250 0.048977572 -0.007564137 92.466506958
-0.006738483 0.004999755 0.999964833 40.297889709 0.048595287 0.998807728 -0.004666499 2.140686512 -0.998795807 0.048562128 -0.006973413 92.456619263
-0.006856750 0.003955532 0.999968648 40.868556976 0.049151801 0.998784840 -0.003613815 2.149562836 -0.998767793 0.049125485 -0.007042841 92.451812744
-0.006354782 0.003941647 0.999971986 41.439750671 0.048375130 0.998822629 -0.003629694 2.165492296 -0.998809040 0.048350714 -0.006537978 92.449928284
-0.005588484 0.003852670 0.999976993 42.015480042 0.048839275 0.998800278 -0.003575192 2.173756361 -0.998791039 0.048818171 -0.005769940 92.441390991
-0.005406713 0.004805863 0.999973834 42.595848083 0.048654310 0.998805404 -0.004537181 2.183530331 -0.998801053 0.048628505 -0.005634080 92.437194824
-0.005313700 0.005686583 0.999969661 43.173961639 0.047418304 0.998860359 -0.005428300 2.196516752 -0.998861015 0.047388025 -0.005577293 92.439086914
-0.004620253 0.006617119 0.999967396 43.759246826 0.047375612 0.998856664 -0.006390874 2.205393076 -0.998866498 0.047344543 -0.004928461 92.433685303
-0.004145731 0.007636374 0.999962270 44.350307465 0.047808461 0.998828888 -0.007429509 2.216120243 -0.998847902 0.047775853 -0.004505959 92.428932190
-0.003728515 0.007000428 0.999968529 44.946697235 0.046741288 0.998883784 -0.006818552 2.228868008 -0.998900056 0.046714403 -0.004051562 92.426422119
-0.003287965 0.006052312 0.999976277 45.545520782 0.047114179 0.998872101 -0.005890715 2.236392260 -0.998884082 0.047093704 -0.003569406 92.422698975
-0.002688043 0.006265284 0.999976754 46.141448975 0.047097053 0.998871446 -0.006131756 2.245330095 -0.998886704 0.047079470 -0.002980086 92.420211792
-0.002348815 0.006429798 0.999976575 46.747505188 0.047000516 0.998874903 -0.006312317 2.254009485 -0.998892188 0.046984576 -0.002648375 92.418281555
-0.001805204 0.005139321 0.999985158 47.331867218 0.047464650 0.998860180 -0.005047853 2.264408827 -0.998871267 0.047454827 -0.002047082 92.414382935
-0.001347247 0.005204396 0.999985576 47.926803589 0.047352694 0.998865008 -0.005134766 2.273643017 -0.998877287 0.047345091 -0.001592160 92.411605835
-0.000755486 0.006343754 0.999979556 48.519149780 0.047438040 0.998854339 -0.006300775 2.284141779 -0.998873889 0.047432311 -0.001055556 92.409179688
-0.000425427 0.005781315 0.999983191 49.098945618 0.047603115 0.998849750 -0.005754510 2.291992188 -0.998866260 0.047599874 -0.000700146 92.408958435
0.000046101 0.005102077 0.999986947 49.688034058 0.047672652 0.998849988 -0.005098473 2.300596237 -0.998863041 0.047672268 -0.000197182 92.405410767
0.000373322 0.005429820 0.999985158 50.266460419 0.048109543 0.998827279 -0.005441492 2.308566809 -0.998842001 0.048110858 0.000111658 92.402893066
0.000809723 0.005707211 0.999983311 50.842750549 0.047672469 0.998846650 -0.005739323 2.318818092 -0.998862684 0.047676332 0.000536712 92.405876160
0.001323968 0.004472439 0.999989092 51.427307129 0.048367325 0.998819411 -0.004531246 2.329200029 -0.998828709 0.048372801 0.001106085 92.402648926
0.001895489 0.004415231 0.999988437 51.999759674 0.048526339 0.998811781 -0.004502017 2.334222794 -0.998820066 0.048534315 0.001678982 92.400238037
0.001986070 0.005779226 0.999981344 52.575214386 0.048608653 0.998800576 -0.005868946 2.345172167 -0.998815954 0.048619404 0.001702768 92.400543213
0.002616215 0.006730608 0.999973893 53.145793915 0.048619457 0.998793840 -0.006849867 2.355690956 -0.998813987 0.048636112 0.002285821 92.399063110
