1.000000000 0.000000000 0.000000000 0.000000000 0.000000000 1.000000000 0.000000000 0.000000000 0.000000000 0.000000000 1.000000000 0.000000000
0.999998927 0.000817088 0.001226703 -0.003049586 -0.000811521 0.999989390 -0.004531480 -0.002045973 -0.001230393 0.004530480 0.999988973 0.962145209
0.999996781 -0.001430408 0.002101460 -0.001573862 0.001441636 0.999984622 -0.005351016 -0.000471857 -0.002093774 0.005354028 0.999983490 1.915564299
0.999993026 -0.002916992 0.002333472 -0.002912529 0.002919869 0.999994993 -0.001230586 -0.004042292 -0.002329872 0.001237391 0.999996543 2.871881008
0.999984145 -0.005402163 0.001592987 0.000808211 0.005394675 0.999974549 0.004667855 -0.003434584 -0.001618163 -0.004659188 0.999987841 3.827684164
0.999959707 -0.008977312 0.000105819 0.005160022 0.008976717 0.999948740 0.004680597 0.001060026 -0.000147832 -0.004679458 0.999989033 4.771989346
0.999932647 -0.011577039 -0.000819829 0.005907498 0.011578539 0.999931276 0.001849851 0.002559658 0.000798357 -0.001859219 0.999997914 5.707499027
0.999923408 -0.012239983 -0.001855830 0.004779835 0.012236801 0.999923646 -0.001716702 0.006841008 0.001876700 0.001693861 0.999996781 6.640852928
0.999930441 -0.011519810 -0.002529109 -0.005590675 0.011514586 0.999931514 -0.002071392 0.005117321 0.002552798 0.002042126 0.999994636 7.566174030
0.999926746 -0.011609496 -0.003452459 -0.011297734 0.011608524 0.999932528 -0.000301673 0.003761048 0.003455729 0.000261572 0.999993980 8.504685402
0.999923885 -0.011489312 -0.004506077 -0.014941242 0.011500698 0.999930680 0.002508943 0.005895376 0.004476938 -0.002560575 0.999986649 9.434506416
0.999921620 -0.011419482 -0.005131500 -0.031379908 0.011440165 0.999926507 0.004019855 0.008242205 0.005085219 -0.004078245 0.999978721 10.355367661
0.999899566 -0.012964608 -0.005720221 -0.032053687 0.012993069 0.999903202 0.004966866 0.010084577 0.005655275 -0.005040690 0.999971271 11.267707825
0.999890864 -0.013169155 -0.006684422 -0.039827924 0.013202342 0.999900579 0.004945494 0.014964953 0.006618630 -0.005033204 0.999965429 12.186962128
0.999879956 -0.013540202 -0.007521911 -0.043651674 0.013566382 0.999902010 0.003440400 0.019164441 0.007474590 -0.003542033 0.999965727 13.088228226
0.999868393 -0.013691975 -0.008700181 -0.062248696 0.013707029 0.999904573 0.001672975 0.017916709 0.008676445 -0.001792009 0.999960721 13.992658615
0.999833882 -0.015150509 -0.010124343 -0.072715893 0.015152478 0.999885201 0.000117657 0.023945462 0.010121397 -0.000271047 0.999948680 14.898479462
0.999815464 -0.014903211 -0.012115158 -0.083936304 0.014897826 0.999888837 -0.000534714 0.025007039 0.012121779 0.000354126 0.999926448 15.803311348
0.999822736 -0.013329081 -0.013300626 -0.110013597 0.013313101 0.999910593 -0.001289404 0.022584770 0.013316621 0.001112103 0.999910712 16.702789307
0.999820590 -0.012032692 -0.014622724 -0.133395925 0.012017943 0.999927223 -0.001096293 0.019722482 0.014634850 0.000920361 0.999892533 17.591787338
0.999787688 -0.012323826 -0.016513256 -0.142399132 0.012318569 0.999924064 -0.000420033 0.019677784 0.016517181 0.000216524 0.999863565 18.486959457
0.999774337 -0.011752062 -0.017697224 -0.162799343 0.011770307 0.999930322 0.000927178 0.017877646 0.017685095 -0.001135271 0.999842942 19.374374390
0.999749124 -0.011499609 -0.019222328 -0.184527904 0.011531050 0.999932408 0.001525601 0.019498821 0.019203482 -0.001746872 0.999814093 20.257972717
0.999704480 -0.012436137 -0.020890815 -0.203109890 0.012458236 0.999922037 0.000928063 0.026121393 0.020877643 -0.001188052 0.999781370 21.145378113
0.999667645 -0.012326985 -0.022638783 -0.226211578 0.012348987 0.999923408 0.000832293 0.022099188 0.022626791 -0.001111582 0.999743402 22.010053635
0.999650955 -0.012228533 -0.023420826 -0.254781514 0.012263852 0.999923885 0.001364939 0.020931453 0.023402352 -0.001651692 0.999724746 22.878473282
0.999623716 -0.012470314 -0.024430200 -0.273449183 0.012553394 0.999915898 0.003250250 0.022341002 0.024387615 -0.003555710 0.999696195 23.732130051
0.999584854 -0.013584010 -0.025410971 -0.295349866 0.013738500 0.999888122 0.005914890 0.027915172 0.025327779 -0.006261542 0.999659598 24.581594467
0.999567449 -0.013816045 -0.025961205 -0.319692671 0.014017751 0.999872804 0.007603721 0.029460743 0.025852846 -0.007964350 0.999634027 25.417190552
0.999566972 -0.012489315 -0.026643224 -0.347134769 0.012668615 0.999898136 0.006571422 0.029208094 0.026558440 -0.006906109 0.999623358 26.239295959
0.999566793 -0.010598696 -0.027456723 -0.375969201 0.010710143 0.999935031 0.003915126 0.033499524 0.027413443 -0.004207496 0.999615312 27.053712845
0.999548018 -0.011063609 -0.027950348 -0.403240800 0.011125207 0.999935985 0.002049233 0.037014510 0.027925890 -0.002359260 0.999607205 27.860307693
0.999525547 -0.010030958 -0.029121738 -0.429741323 0.010084051 0.999947727 0.001676760 0.039570060 0.029103398 -0.001969629 0.999574482 28.655008316
0.999484777 -0.010047951 -0.030484928 -0.455400079 0.010096739 0.999947965 0.001446893 0.037257172 0.030468807 -0.001753946 0.999534190 29.440828323
0.999439538 -0.009878434 -0.031983562 -0.489272535 0.009896407 0.999951005 0.000403716 0.038751476 0.031978000 -0.000720012 0.999488294 30.224592209
0.999361098 -0.010305910 -0.034223288 -0.515233219 0.010329428 0.999946475 0.000510430 0.032612149 0.034216195 -0.000863610 0.999414086 30.987365723
0.999286950 -0.009955491 -0.036419835 -0.541033626 0.010009490 0.999949038 0.001300671 0.041471191 0.036405034 -0.001664287 0.999335706 31.767940521
0.999201357 -0.010150319 -0.038647495 -0.569424391 0.010294507 0.999940693 0.003533717 0.044920579 0.038609341 -0.003928752 0.999246657 32.517719269
0.999128878 -0.009106838 -0.040725861 -0.602492571 0.009326486 0.999942899 0.005206603 0.045663998 0.040676124 -0.005581897 0.999156773 33.261035919
0.999053836 -0.008028166 -0.042743005 -0.635621130 0.008259024 0.999952257 0.005227212 0.047802642 0.042699002 -0.005575281 0.999072313 33.993450165
0.998997509 -0.005432161 -0.044434603 -0.678619623 0.005652871 0.999972343 0.004842964 0.044915244 0.044407073 -0.005089292 0.999000490 34.714439392
0.998930633 -0.003943959 -0.046066284 -0.719706118 0.004141867 0.999982595 0.004201495 0.045733623 0.046048909 -0.004387802 0.998929560 35.422775269
0.998860836 -0.003619972 -0.047580183 -0.757339299 0.003861564 0.999980092 0.004986641 0.052052617 0.047561176 -0.005164694 0.998855114 36.130893707
0.998792946 -0.002482237 -0.049054835 -0.792093754 0.002812513 0.999973834 0.006664918 0.059054643 0.049037002 -0.006794841 0.998773873 36.824405670
0.998791635 0.000559419 -0.049142443 -0.832263589 -0.000206352 0.999974132 0.007189350 0.061131194 0.049145196 -0.007170523 0.998765945 37.498390198
0.998840570 0.003931826 -0.047978438 -0.872158289 -0.003698720 0.999980867 0.004946362 0.064591654 0.047996968 -0.004763170 0.998836100 38.160255432
0.998925805 0.005424396 -0.046018202 -0.912051380 -0.005336555 0.999983668 0.002031467 0.063175708 0.046028465 -0.001783706 0.998938560 38.819103241
0.999011755 0.006112492 -0.044022743 -0.941760838 -0.006111593 0.999981284 0.000155034 0.066831976 0.044022862 0.000114169 0.999030471 39.460010529
0.999140859 0.006973993 -0.040852670 -0.968625903 -0.006920292 0.999974906 0.001455778 0.060548380 0.040861808 -0.001171815 0.999164104 40.101638794
0.999212146 0.011944080 -0.037848387 -1.000337839 -0.011807290 0.999922872 0.003835632 0.065938599 0.037891284 -0.003385723 0.999276102 40.737506866
0.999290228 0.015968414 -0.034119636 -1.026358962 -0.015716104 0.999847233 0.007650287 0.064755410 0.034236588 -0.007108629 0.999388456 41.362613678
0.999335468 0.021379855 -0.029522359 -1.056644440 -0.021134114 0.999739468 0.008611131 0.066997766 0.029698770 -0.007981480 0.999527037 41.961944580
0.999398470 0.024819911 -0.024222907 -1.076479077 -0.024607779 0.999656439 0.009016665 0.069262624 0.024438377 -0.008415168 0.999665916 42.546703339
0.999415278 0.028665474 -0.018640319 -1.091363311 -0.028470641 0.999538064 0.010634961 0.081108928 0.018936563 -0.010098039 0.999769628 43.128929138
0.999360561 0.033737864 -0.011836445 -1.107589126 -0.033593934 0.999361575 0.012155514 0.077927619 0.012238991 -0.011750109 0.999856055 43.658012390
0.999328136 0.036320984 -0.004895318 -1.110575318 -0.036261376 0.999273062 0.011759974 0.080560207 0.005318894 -0.011574562 0.999918878 44.205516815
0.999209046 0.039686456 0.002504357 -1.113807678 -0.039713517 0.999140322 0.011885480 0.083877504 -0.002030511 -0.011975536 0.999926269 44.719478607
0.998986065 0.043939620 0.009816360 -1.110764027 -0.044050291 0.998964667 0.011358556 0.089312494 -0.009307105 -0.011779452 0.999887288 45.212623596
0.998679399 0.048254274 0.017639000 -1.110790968 -0.048410676 0.998790920 0.008549709 0.093444556 -0.017205112 -0.009392334 0.999807894 45.682319641
0.998409748 0.050306510 0.025441617 -1.100197077 -0.050463203 0.998710454 0.005554535 0.093924046 -0.025129382 -0.006829568 0.999660909 46.124179840
0.998162150 0.050604377 0.033340313 -1.083203316 -0.050808508 0.998694360 0.005303757 0.094667405 -0.033028387 -0.006987980 0.999429941 46.540336609
0.997892201 0.049997374 0.041368008 -1.064352393 -0.050316315 0.998710811 0.006704354 0.095899776 -0.040979479 -0.008771708 0.999121487 46.944431305
0.997442842 0.051645305 0.049400195 -1.044919491 -0.052069407 0.998616636 0.007336368 0.095454484 -0.048952959 -0.009889847 0.998752117 47.320426941
0.996816933 0.054679375 0.058017753 -1.024485826 -0.055199590 0.998447895 0.007400899 0.098504603 -0.057523031 -0.010579899 0.998288095 47.677421570
0.995990634 0.059467964 0.066829450 -1.004942179 -0.060055446 0.998171866 0.006814712 0.098538876 -0.066302016 -0.010800860 0.997741163 48.002731323
0.995110333 0.063131966 0.075959139 -0.983347416 -0.063828766 0.997937858 0.006778295 0.098872095 -0.075374573 -0.011593531 0.997087836 48.311622620
0.994383752 0.062596358 0.085338034 -0.956250191 -0.063472651 0.997954667 0.007591371 0.097055525 -0.084688306 -0.012965366 0.996323168 48.596302032
0.993499398 0.061268099 0.095943101 -0.924628735 -0.062101997 0.998053372 0.005726953 0.093600273 -0.095405437 -0.011647981 0.995370328 48.844860077
0.992376149 0.059973720 0.107669219 -0.884731293 -0.060470749 0.998168945 0.001354245 0.092709549 -0.107390866 -0.007854759 0.994185805 49.113063812
0.990795672 0.060837977 0.120924331 -0.841525078 -0.060955536 0.998136818 -0.002730141 0.092977971 -0.120865107 -0.004665995 0.992657840 49.373657227
0.988654912 0.062663130 0.136509433 -0.802175522 -0.062577136 0.998027980 -0.004925454 0.089644745 -0.136548892 -0.003672794 0.990626454 49.627632141
0.986173272 0.064352624 0.152712703 -0.753907204 -0.064126618 0.997921169 -0.006409977 0.090954572 -0.152807727 -0.003471602 0.988249838 49.887359619
0.983375609 0.065012455 0.169545472 -0.698030472 -0.064686127 0.997877836 -0.007453637 0.085435361 -0.169670254 -0.003637515 0.985494137 50.145248413
0.980101585 0.064234525 0.187815696 -0.641112328 -0.063729294 0.997929037 -0.008733667 0.086198360 -0.187987715 -0.003409478 0.982165456 50.394912720
0.976296186 0.063128166 0.207027867 -0.573742867 -0.062625937 0.997996628 -0.008985413 0.080967695 -0.207180351 -0.004192889 0.978293777 50.623252869
0.971814513 0.063292839 0.227091029 -0.501482964 -0.062610842 0.997985780 -0.010212705 0.078821123 -0.227279991 -0.004293506 0.973819971 50.865482330
0.966486096 0.065498337 0.248222694 -0.426938057 -0.064438179 0.997844636 -0.012402385 0.075898945 -0.248500019 -0.004008286 0.968623579 51.113014221
0.960281253 0.066674896 0.270950556 -0.344259262 -0.065147474 0.997768283 -0.014638096 0.074113131 -0.271321893 -0.003595052 0.962481976 51.351039886
0.953015149 0.067713544 0.295257598 -0.247617722 -0.066011392 0.997694671 -0.015740775 0.068129063 -0.295642823 -0.004489169 0.955288112 51.593856812
0.944431841 0.070634104 0.321028411 -0.150618553 -0.068960011 0.997481287 -0.016597144 0.062061191 -0.321392179 -0.006463255 0.946924150 51.839721680
0.934581339 0.072668657 0.348248094 -0.042129517 -0.070924170 0.997323334 -0.017773893 0.055788577 -0.348607540 -0.008088057 0.937233925 52.080471039
0.923397958 0.073479794 0.376745105 0.070327759 -0.071595050 0.997252345 -0.019023933 0.044950426 -0.377107859 -0.009406421 0.926121593 52.308204651
0.910768628 0.071676210 0.406648457 0.207525253 -0.069036677 0.997389317 -0.021179575 0.037493706 -0.407104880 -0.008783962 0.913339138 52.539386749
0.895944536 0.068901367 0.438789159 0.357215881 -0.065056898 0.997597396 -0.023812002 0.029060483 -0.439375609 -0.007212028 0.898274481 52.762008667
0.878712296 0.067502715 0.472554803 0.512092590 -0.061631769 0.997708499 -0.027915144 0.018244624 -0.473356336 -0.004595007 0.880859077 52.979385376
0.859180033 0.069400884 0.506944954 0.682847977 -0.061056320 0.997585714 -0.033090279 0.011898518 -0.508017540 -0.002521685 0.861343086 53.206771851
0.837382495 0.071424119 0.541930974 0.863945007 -0.060674515 0.997445166 -0.037705660 0.005362511 -0.543239474 -0.001307344 0.839576781 53.430507660
0.812897921 0.074145027 0.577667356 1.058958054 -0.061581664 0.997245550 -0.041340742 -0.005130410 -0.579141378 -0.001967914 0.815224886 53.654022217
0.785506546 0.078179941 0.613895237 1.261920929 -0.064724222 0.996926427 -0.044141673 -0.022311687 -0.615459383 -0.005060318 0.788152337 53.873863220
0.755555212 0.082427211 0.649878502 1.494094849 -0.068306707 0.996557355 -0.046984106 -0.036342263 -0.651513934 -0.008891967 0.758584559 54.108848572
0.722564816 0.083526768 0.686238647 1.751249313 -0.068070963 0.996446311 -0.049609955 -0.052707314 -0.687943637 -0.010866513 0.725682676 54.337535858
0.686039209 0.080839910 0.723059595 2.037822723 -0.064246871 0.996657014 -0.050471339 -0.073435545 -0.724722326 -0.011828991 0.688939393 54.564208984
0.646874726 0.079602346 0.758430243 2.327745438 -0.061667420 0.996740341 -0.052017689 -0.092514396 -0.760098815 -0.013121506 0.649674952 54.771190643
0.604648471 0.079010263 0.792563796 2.668699265 -0.059544098 0.996767223 -0.053940881 -0.109243274 -0.794263542 -0.014577224 0.607398450 54.989181519
0.558444381 0.078830279 0.825787842 3.026077271 -0.056117326 0.996784151 -0.057203982 -0.128570914 -0.827641666 -0.014395770 0.561072230 55.197921753
0.510123789 0.077835359 0.856571853 3.416812897 -0.052794557 0.996852696 -0.059141111 -0.148308039 -0.858479142 -0.015053052 0.512627482 55.400230408
0.461257726 0.075944863 0.884009957 3.825637817 -0.051012244 0.996951878 -0.059030540 -0.171060801 -0.885798633 -0.017867045 0.463725865 55.585510254
0.411829829 0.073693112 0.908276081 4.255554199 -0.050600410 0.997036219 -0.057951484 -0.193057656 -0.909854829 -0.022092994 0.414338171 55.746486664
0.361291766 0.073692083 0.929536283 4.710741043 -0.053762794 0.996860147 -0.058132902 -0.211633682 -0.930901647 -0.028971527 0.364119232 55.908699036
0.312104762 0.073969685 0.947163701 5.174261093 -0.051696133 0.996809602 -0.060812157 -0.235668540 -0.948640108 -0.029984940 0.314932972 56.035312653
0.265444160 0.070729710 0.961528242 5.655707359 -0.040336307 0.997246921 -0.062221721 -0.260145426 -0.963282049 -0.022268105 0.267566293 56.119140625
0.221373782 0.064875498 0.973028600 6.170981407 -0.026962642 0.997810423 -0.060393512 -0.289118767 -0.974816203 -0.012865879 0.222638264 56.195003510
0.178533152 0.063837051 0.981860876 6.674429893 -0.018098246 0.997937322 -0.061591458 -0.317661881 -0.983767450 -0.006773844 0.179320231 56.254943848
0.140055507 0.065140910 0.987998545 7.204747200 -0.014859648 0.997859478 -0.063684605 -0.343199253 -0.990032136 -0.005761933 0.140723675 56.308692932
0.107694328 0.065885492 0.991998553 7.743436337 -0.006082702 0.997826576 -0.065612219 -0.374838293 -0.994165421 0.001032031 0.107861035 56.332885742
0.078940839 0.064159185 0.994812608 8.298404694 0.001129205 0.997920334 -0.064449228 -0.411619395 -0.996878624 0.006211021 0.078704223 56.349239349
0.053496543 0.062695108 0.996598065 8.870148659 0.008002723 0.997968197 -0.063210882 -0.441117883 -0.998536110 0.011357060 0.052886106 56.368831635
0.033561885 0.062046368 0.997508824 9.453936577 0.012413566 0.997968137 -0.062492620 -0.464851022 -0.999359608 0.014480012 0.032723475 56.371051788
0.017582320 0.063637063 0.997818291 10.047213554 0.015147068 0.997840941 -0.063905418 -0.495647550 -0.999730647 0.016237626 0.016580444 56.375240326
0.004094632 0.063353390 0.997982681 10.648420334 0.015904725 0.997860789 -0.063410908 -0.530989051 -0.999865055 0.016132288 0.003078256 56.370407104
-0.007666145 0.064321861 0.997899652 11.263015747 0.016978981 0.997793555 -0.064184584 -0.563746035 -0.999826372 0.016451277 -0.008741350 56.365043640
-0.016713861 0.067222476 0.997597992 11.883224487 0.021746675 0.997525871 -0.066853255 -0.597122490 -0.999623835 0.020577068 -0.018134376 56.347652435
-0.023092583 0.068890557 0.997356892 12.509906769 0.025776286 0.997332454 -0.068292044 -0.634532809 -0.999400973 0.024131116 -0.024806723 56.321464539
-0.027422233 0.068618618 0.997265995 13.175555229 0.026240893 0.997346759 -0.067902610 -0.667345047 -0.999279559 0.024307108 -0.029150089 56.292041779
-0.031053135 0.065910891 0.997342169 13.840661049 0.023893518 0.997587204 -0.065183148 -0.701373279 -0.999232054 0.021805879 -0.032553058 56.279190063
-0.033315849 0.059008937 0.997701347 14.510066986 0.022160986 0.998053670 -0.058289770 -0.735081315 -0.999199212 0.020168075 -0.034558702 56.258781433
-0.034768976 0.053162389 0.997980475 15.191547394 0.023511587 0.998351276 -0.052363008 -0.772902310 -0.999118686 0.021643493 -0.035961587 56.234279633
-0.035502106 0.050723050 0.998081505 15.908386230 0.026007164 0.998419762 -0.049815159 -0.807522416 -0.999031126 0.024188731 -0.036765181 56.205848694
-0.034994673 0.053005155 0.997980833 16.603696823 0.029337902 0.998216569 -0.051988930 -0.842422843 -0.998956740 0.027459331 -0.036487326 56.172863007
-0.034267154 0.060214177 0.997597098 17.302936554 0.030333148 0.997786105 -0.059183657 -0.877121508 -0.998952329 0.028232208 -0.036017779 56.155078888
-0.031985976 0.068407811 0.997144520 18.017974854 0.031075953 0.997240722 -0.067417577 -0.908604622 -0.999005079 0.028830802 -0.034023557 56.131206512
-0.029910758 0.069259755 0.997150183 18.747392654 0.031792972 0.997157693 -0.068306595 -0.942191362 -0.999046862 0.029659269 -0.032027718 56.114955902
-0.027836902 0.064841278 0.997507274 19.511390686 0.030833367 0.997474849 -0.063978724 -0.985677838 -0.999136746 0.028975541 -0.029765883 56.089801788
-0.025548067 0.058626469 0.997953057 20.255388260 0.030180799 0.997869134 -0.057848889 -1.026772976 -0.999217808 0.028641099 -0.027263019 56.076828003
-0.022272114 0.056853659 0.998134136 20.998842239 0.028525397 0.998011410 -0.056210175 -1.069491863 -0.999344885 0.027220255 -0.023849599 56.061138153
-0.019218694 0.062229175 0.997876883 21.725357056 0.036062378 0.997454882 -0.061508328 -1.111998320 -0.999164641 0.034803703 -0.021413919 56.044841766
-0.016409574 0.067894183 0.997557700 22.460657120 0.037727892 0.997023463 -0.067237221 -1.149454594 -0.999153197 0.036532409 -0.018922238 56.030902863
-0.013552416 0.068363257 0.997568429 23.226161957 0.031863932 0.997182846 -0.067903958 -1.196184278 -0.999400318 0.030866187 -0.015692560 56.026405334
-0.010202117 0.064566880 0.997861147 23.974231720 0.027578702 0.997551739 -0.064264879 -1.241642237 -0.999567509 0.026864082 -0.011957811 56.028961182
-0.005703590 0.060879674 0.998128772 24.719221115 0.031621344 0.997656822 -0.060670197 -1.290596843 -0.999483645 0.031216135 -0.007615319 56.023895264
-0.002226747 0.061921053 0.998078525 25.462205887 0.036175910 0.997432709 -0.061800286 -1.337498546 -0.999342859 0.035968792 -0.004461083 56.018939972
0.000668148 0.066612437 0.997778654 26.211740494 0.035826717 0.997136772 -0.066593565 -1.382640243 -0.999357760 0.035791621 -0.001720266 56.025196075
0.004681704 0.067332335 0.997719646 26.970020294 0.032328907 0.997198820 -0.067448899 -1.425309896 -0.999466240 0.032570966 0.002491808 56.025279999
0.008147759 0.067034535 0.997717381 27.719661713 0.031724215 0.997231007 -0.067260914 -1.468424439 -0.999463439 0.032199830 0.005998578 56.037227631
0.011882893 0.063823640 0.997890532 28.467424393 0.035559557 0.997302711 -0.064209498 -1.515299082 -0.999296904 0.036247537 0.009581299 56.041515350
0.015785847 0.064181902 0.997813404 29.215288162 0.040371656 0.997083008 -0.064773612 -1.564894438 -0.999059975 0.041305881 0.013148670 56.042453766
0.019099455 0.065157294 0.997692168 29.976470947 0.042800583 0.996906161 -0.065925308 -1.611518860 -0.998901069 0.043960944 0.016251598 56.057270050
0.021920631 0.065261357 0.997627437 30.723548889 0.043180496 0.996874213 -0.066160880 -1.653328896 -0.998826861 0.044528332 0.019034097 56.072872162
0.025202069 0.063659437 0.997653484 31.474334717 0.044555042 0.996907175 -0.064737350 -1.699710608 -0.998688996 0.046082005 0.022287779 56.099121094
0.028913487 0.062790081 0.997607827 32.216304779 0.046521671 0.996859074 -0.064091273 -1.745882511 -0.998498738 0.048263483 0.025901575 56.116874695
0.031647880 0.062866040 0.997520089 32.974948883 0.044709504 0.996931970 -0.064247444 -1.793025017 -0.998498559 0.046631932 0.028740071 56.147476196
0.034878716 0.064659268 0.997297704 33.753799438 0.042122211 0.996922910 -0.066108115 -1.838398457 -0.998503447 0.044314142 0.032047797 56.174095154
0.037763268 0.064731568 0.997188032 34.508117676 0.044000532 0.996824086 -0.066374242 -1.881320477 -0.998317540 0.046383303 0.034795113 56.202274323
0.040482014 0.064648166 0.997086704 35.269340515 0.041615054 0.996929646 -0.066327550 -1.923674583 -0.998313248 0.044178884 0.037667379 56.237331390
0.042851485 0.064740241 0.996981680 36.035938263 0.040135030 0.996981144 -0.066465259 -1.972989082 -0.998274982 0.042862032 0.040123776 56.276641846
0.045234486 0.064130902 0.996915877 36.798389435 0.036737695 0.997155368 -0.065813266 -2.032631636 -0.998300612 0.039601423 0.042749789 56.326084137
0.048381768 0.066433914 0.996617138 37.561023712 0.035432443 0.997043490 -0.068182431 -2.077145338 -0.998200238 0.038611371 0.045884807 56.370307922
0.051972263 0.070089228 0.996185899 38.331836700 0.034125179 0.996826828 -0.071914680 -2.126177311 -0.998065233 0.037732597 0.049415536 56.403499603
0.055773091 0.072467104 0.995810211 39.100944519 0.034388192 0.996631444 -0.074452877 -2.173412800 -0.997851074 0.038396586 0.053093202 56.444587708
0.058560029 0.074483447 0.995501339 39.871341705 0.028241204 0.996689856 -0.076233670 -2.226220608 -0.997884274 0.032578409 0.056262705 56.503604889
0.060768124 0.073765211 0.995422423 40.639331818 0.024438772 0.996856630 -0.075363427 -2.278042078 -0.997852623 0.028906604 0.058774367 56.567626953
0.064236976 0.074123539 0.995178103 41.420650482 0.026336363 0.996764421 -0.075941674 -2.336932898 -0.997587025 0.031087629 0.062076990 56.625915527
0.068295620 0.075267971 0.994821787 42.202232361 0.025749566 0.996684790 -0.077176668 -2.394536972 -0.997332752 0.030887056 0.066131108 56.672378540
0.071851045 0.076156691 0.994503677 42.986396790 0.021973103 0.996717870 -0.077913769 -2.446041107 -0.997173250 0.027450517 0.069941826 56.740875244
0.075903855 0.074198984 0.994350553 43.773559570 0.020973159 0.996887982 -0.075989306 -2.499890327 -0.996894538 0.026622556 0.074111454 56.809173584
0.080873087 0.074195474 0.993959010 44.579772949 0.021290807 0.996869326 -0.076145038 -2.560419321 -0.996496916 0.027320271 0.079040229 56.876743317
0.085966639 0.077711202 0.993262649 45.382431030 0.018045463 0.996668398 -0.079539478 -2.618134022 -0.996134579 0.024761628 0.084277906 56.960372925
0.091612153 0.086049050 0.992069960 46.166992188 0.015595311 0.996013284 -0.087831222 -2.685257912 -0.995672643 0.023518045 0.089904957 57.038452148
0.099146396 0.091266170 0.990878701 46.970367432 0.014215208 0.995553493 -0.093119115 -2.741164207 -0.994971335 0.023317974 0.097408190 57.122680664
0.106354110 0.094169304 0.989859164 47.773769379 0.009627108 0.995361090 -0.095727116 -2.809997559 -0.994281709 0.019710451 0.104954168 57.224067688
0.113671370 0.092316888 0.989220142 48.585506439 0.005929438 0.995592952 -0.093592957 -2.881722689 -0.993500769 0.016504360 0.112623028 57.321804047
0.120687626 0.090634607 0.988544405 49.395572662 0.006160804 0.995735705 -0.092046097 -2.951682806 -0.992671430 0.017199054 0.119614594 57.441215515
0.128410235 0.086791821 0.987915993 50.213985443 0.005834699 0.996079683 -0.088267431 -3.023785830 -0.991703928 0.017098637 0.127400413 57.552326202
0.135211185 0.081544355 0.987455547 51.027439117 0.002880821 0.996571004 -0.082691595 -3.089055777 -0.990812600 0.014025508 0.134512633 57.669757843
0.142312467 0.074151315 0.987040401 51.848461151 0.000457140 0.997184992 -0.074979335 -3.149161577 -0.989821672 0.011121711 0.141877949 57.800930023
0.149792463 0.071323954 0.986141562 52.656700134 0.000636051 0.997387528 -0.072233953 -3.211698055 -0.988717318 0.011447337 0.149355754 57.933006287
0.156772897 0.072968930 0.984935403 53.443256378 0.000256723 0.997263908 -0.073923141 -3.274173737 -0.987634659 0.011841999 0.156325206 58.064910889
0.162868664 0.079832941 0.983412683 54.229557037 0.001181408 0.996704638 -0.081107639 -3.327562332 -0.986647069 0.014371702 0.162237614 58.194625854
0.167738646 0.083552942 0.982284427 55.013042450 -0.000976612 0.996415496 -0.084588155 -3.390730619 -0.985831022 0.013229392 0.167219013 58.341072083
0.172652662 0.086499289 0.981177390 55.779075623 -0.002077351 0.996166348 -0.087455146 -3.455349445 -0.984980583 0.013061114 0.172170460 58.484580994
0.178021267 0.086059898 0.980256140 56.539257050 -0.004563077 0.996229768 -0.086633608 -3.519217014 -0.984016061 0.010949641 0.177742824 58.631584167
0.183136612 0.083105296 0.979568541 57.305145264 -0.000424540 0.996427119 -0.084456183 -3.580654383 -0.983087480 0.015051153 0.182517588 58.776790619
0.187727362 0.076485999 0.979238689 58.065311432 -0.000089834 0.996964753 -0.077853344 -3.639638424 -0.982221246 0.014527231 0.187164471 58.923492432
0.191325337 0.070368044 0.979000986 58.817615509 -0.001779720 0.997449994 -0.071346305 -3.696746826 -0.981525064 0.011908009 0.190962732 59.074703217
0.194343373 0.066890471 0.978650272 59.559432983 -0.005572767 0.997731447 -0.067088030 -3.754100084 -0.980917871 0.007584323 0.194275275 59.236583710
0.197039112 0.066960976 0.978106201 60.284667969 -0.007683783 0.997739673 -0.066757180 -3.809118032 -0.980365515 0.005638221 0.197108239 59.398406982
0.199206904 0.069010414 0.977524459 61.001232147 -0.009028391 0.997604191 -0.068588108 -3.859540701 -0.979915857 0.004837756 0.199352682 59.545001984
0.200758651 0.073394150 0.976887584 61.701629639 -0.013258145 0.997301877 -0.072203226 -3.909734249 -0.979551017 0.001543705 0.201190040 59.699104309
0.202698946 0.077553637 0.976165175 62.392475128 -0.014456920 0.996987283 -0.076205932 -3.961482048 -0.979134440 0.001334521 0.203209460 59.852996826
0.204459250 0.082883961 0.975359738 63.069595337 -0.015150264 0.996557415 -0.081509419 -4.014616013 -0.978757799 0.001888398 0.205011085 60.005722046
0.206464812 0.084698454 0.974781334 63.743217468 -0.014278879 0.996401012 -0.083552629 -4.068120956 -0.978349805 0.003331895 0.206931144 60.150020599
0.207019761 0.084763072 0.974658012 64.399024963 -0.017106332 0.996400893 -0.083020583 -4.120193958 -0.978187263 0.000514080 0.207724676 60.312065125
0.208221391 0.081981629 0.974639893 65.087432861 -0.017044418 0.996633828 -0.080190279 -4.176668167 -0.977933168 0.000085162 0.208917767 60.456390381
0.209192708 0.079087429 0.974671006 65.739379883 -0.016481465 0.996867657 -0.077351138 -4.234326363 -0.977735519 0.000117286 0.209840924 60.591545105
0.209452376 0.077996351 0.974703133 66.389678955 -0.015669670 0.996953368 -0.076409601 -4.283150673 -0.977693260 0.000730895 0.210036427 60.727462769
0.207879111 0.077037074 0.975116193 67.025291443 -0.015749004 0.997028172 -0.075410753 -4.333603859 -0.978027761 0.000319216 0.208474591 60.867866516
0.205967188 0.077698067 0.975469351 67.648979187 -0.017358489 0.996976018 -0.075745918 -4.389432430 -0.978404880 -0.001331500 0.206693083 61.007461548
0.203674093 0.080909431 0.975689769 68.262489319 -0.018227872 0.996719897 -0.078848332 -4.435765743 -0.978869021 -0.001725384 0.204480827 61.141342163
0.201166242 0.085166268 0.975847840 68.865982056 -0.016715750 0.996366620 -0.083511166 -4.484237671 -0.979414523 0.000487602 0.201858953 61.274383545
0.199952647 0.085476540 0.976069987 69.475357056 -0.013718328 0.996334076 -0.084440820 -4.529601574 -0.979709506 0.003494117 0.200392216 61.394279480
0.197517246 0.084098764 0.976685524 70.043418884 -0.013968127 0.996453643 -0.082976125 -4.573234558 -0.980199873 0.002746752 0.197991550 61.506469727
0.195101812 0.081241116 0.977412522 70.630508423 -0.014234773 0.996693075 -0.080002271 -4.618361950 -0.980679750 0.001695343 0.195613071 61.626037598
0.192882478 0.077321522 0.978170633 71.208351135 -0.013821613 0.997005463 -0.076084934 -4.667768478 -0.981124580 0.001155555 0.193373621 61.743789673
0.191365421 0.076019123 0.978570640 71.765037537 -0.010126131 0.997096062 -0.075478040 -4.717878342 -0.981466591 0.004534751 0.191579506 61.840721130
0.189145073 0.077719174 0.978868723 72.313865662 -0.006785002 0.996942461 -0.077843145 -4.760120869 -0.981925666 0.008082020 0.189094096 61.950019836
0.186734110 0.080045380 0.979144156 72.872177124 -0.002204185 0.996706724 -0.081060790 -4.792078018 -0.982407928 0.012978597 0.186295599 62.057155609
0.184794396 0.081623375 0.979381859 73.415740967 -0.003540642 0.996593893 -0.082389809 -4.843883514 -0.982770801 0.011757536 0.184453994 62.163738251
0.183806598 0.084260814 0.979344249 73.963935852 -0.003510570 0.996369004 -0.085066721 -4.880166054 -0.982956171 0.012197768 0.183435008 62.263034821
0.182562932 0.083001137 0.979684472 74.515411377 -0.001630044 0.996454418 -0.084118173 -4.920483589 -0.983192801 0.013759932 0.182050988 62.368209839
0.183447629 0.081243709 0.979666471 75.067169189 0.004315318 0.996502757 -0.083448023 -4.964992523 -0.983020127 0.019535914 0.182455480 62.460414886
0.185449332 0.079305723 0.979448378 75.616119385 0.009496762 0.996546805 -0.082488298 -5.003775597 -0.982608020 0.024598990 0.184055820 62.558860779
0.187689394 0.078702189 0.979070246 76.174423218 0.011791092 0.996532381 -0.082366243 -5.051058292 -0.982157588 0.027003579 0.186110601 62.660987854
0.190568060 0.078397989 0.978538454 76.725494385 0.009283234 0.996617436 -0.081654325 -5.094452858 -0.981630027 0.024644710 0.189195678 62.784645081
0.196220666 0.079027288 0.977370083 77.283218384 0.007642295 0.996593475 -0.082115963 -5.139801979 -0.980530024 0.023582192 0.194948286 62.901870728
0.202291429 0.078323394 0.976188362 77.848167419 0.008909616 0.996608317 -0.081808083 -5.178495407 -0.979284883 0.025246534 0.200907499 63.029613495
0.209900841 0.078245126 0.974586725 78.410568237 0.007919646 0.996623814 -0.081720084 -5.212981224 -0.977690578 0.024871496 0.208572522 63.161903381
0.218793839 0.076012798 0.972805917 78.987365723 0.007749944 0.996794343 -0.079630233 -5.264819622 -0.975740314 0.024961798 0.217503369 63.283935547
0.227391496 0.075830579 0.970846534 79.563095093 0.004130004 0.996879399 -0.078831278 -5.310531616 -0.973794639 0.021935161 0.226368710 63.434242249
0.236964598 0.075510055 0.968579412 80.140243530 0.002984302 0.996913671 -0.078449093 -5.352748394 -0.971513689 0.021480190 0.236007884 63.584762573
0.246502116 0.079496868 0.965876341 80.730171204 -0.002547737 0.996679723 -0.081381962 -5.396299362 -0.969138980 0.017600024 0.245886207 63.753013611
0.256099671 0.081461057 0.963211954 81.323326111 -0.005766835 0.996553838 -0.082747571 -5.437891483 -0.966633081 0.015636941 0.255686879 63.924026489
0.266983211 0.084527329 0.959987044 81.928062439 -0.009950848 0.996334612 -0.084960327 -5.483138561 -0.963649750 0.013130293 0.266845763 64.103797913
0.277062505 0.086428732 0.956956863 82.536682129 -0.011821466 0.996177495 -0.086548381 -5.534574509 -0.960779071 0.012666675 0.277025163 64.298957825
0.287038714 0.086979114 0.953961968 83.156097412 -0.014306583 0.996147335 -0.086520709 -5.578756809 -0.957812130 0.011186857 0.287177294 64.485343933
0.297411293 0.087618351 0.950720489 83.787330627 -0.014961049 0.996085584 -0.087118961 -5.622161865 -0.954632163 0.011686389 0.297558010 64.693099976
0.307372838 0.088599533 0.947455645 84.422363281 -0.019479992 0.996033311 -0.086822517 -5.672865868 -0.951389730 0.008230456 0.307879537 64.914527893
0.317797959 0.083692178 0.944457591 85.081169128 -0.018610038 0.996455431 -0.082037881 -5.718129158 -0.947975874 0.008495079 0.318229109 65.150001526
0.328553975 0.076576166 0.941375792 85.748229980 -0.015377815 0.997009456 -0.075734586 -5.773050308 -0.944359958 0.010406597 0.328748941 65.387840271
0.339697480 0.072147854 0.937763453 86.406288147 -0.013793739 0.997328520 -0.071733862 -5.822857380 -0.940433621 0.011432549 0.339785129 65.622581482
0.349852800 0.069147304 0.934249282 87.087707520 -0.014474039 0.997552097 -0.068412408 -5.863957405 -0.936692894 0.010411915 0.349997222 65.888656616
0.359260857 0.066603057 0.930857480 87.779251099 -0.008026368 0.997633696 -0.068283156 -5.904019356 -0.933202684 0.017060060 0.358945310 66.157241821
0.367982686 0.061318453 0.927808642 88.480392456 -0.001687360 0.997865617 -0.065279253 -5.945278168 -0.929831088 0.022456087 0.367300749 66.430404663
0.375171632 0.051730260 0.925510764 89.194061279 0.007846891 0.998228610 -0.058975600 -5.988523006 -0.926922143 0.029388355 0.374101132 66.706733704
0.382052094 0.047700379 0.922908902 89.915679932 0.012793959 0.998298287 -0.056893114 -6.027562618 -0.924052238 0.033543795 0.380791664 67.001266479
0.389734089 0.047788657 0.919686675 90.634460449 0.014910440 0.998194456 -0.058186635 -6.071201324 -0.920806646 0.036390252 0.388317823 67.303726196
0.396990687 0.053847678 0.916241646 91.343498230 0.017453581 0.997654080 -0.066194601 -6.114034176 -0.917656660 0.042270344 0.395119578 67.608291626
0.404103667 0.058085863 0.912867069 92.054031372 0.021050023 0.997126877 -0.072765656 -6.157350540 -0.914470971 0.048620731 0.401719987 67.924896240
0.409557015 0.060228072 0.910294294 92.763015747 0.019308886 0.997022510 -0.074653707 -6.205377579 -0.912080228 0.048151709 0.407174647 68.247108459
0.414039195 0.061693743 0.908166051 93.459091187 0.012127320 0.997238159 -0.073273547 -6.262067318 -0.910178363 0.041351728 0.412147522 68.578277588
0.417682856 0.065548740 0.906225383 94.149963379 0.005228945 0.997204244 -0.074539460 -6.318824768 -0.908577859 0.035872452 0.416172415 68.920417786
0.421724290 0.068820678 0.904108644 94.821777344 0.004316476 0.996951699 -0.077901326 -6.372756004 -0.906713903 0.036755435 0.420141727 69.239501953
0.425991088 0.072680674 0.901803255 95.496574402 0.001228522 0.996720552 -0.080910854 -6.433389664 -0.904726505 0.035575185 0.424504757 69.552055359
0.429633856 0.075566284 0.899835765 96.166412354 -0.001542039 0.996552289 -0.082952067 -6.489145279 -0.903001904 0.034251437 0.428269148 69.879508972
0.433428973 0.074184872 0.898129106 96.821060181 -0.002879912 0.996714950 -0.080938175 -6.544698715 -0.901183128 0.032494422 0.432218820 70.204063416
0.437514454 0.071097255 0.896396220 97.478149414 -0.001793985 0.996936381 -0.078195930 -6.602086067 -0.899209559 0.032603726 0.436301649 70.530059814
0.440831363 0.068197407 0.894995391 98.107658386 -0.002139808 0.997186542 -0.074930266 -6.660058022 -0.897587359 0.031116493 0.439737022 70.844421387
0.444771677 0.067059472 0.893130004 98.741203308 -0.002651046 0.997287273 -0.073559783 -6.710389614 -0.895640075 0.030349581 0.443742901 71.158546448
0.448226750 0.068723433 0.891274273 99.363838196 -0.004461441 0.997200012 -0.074647360 -6.759356499 -0.893908799 0.029482573 0.447278321 71.479682922
0.450731128 0.069054559 0.889984787 99.973884583 -0.003201261 0.997122049 -0.075746126 -6.808580399 -0.892654002 0.031292066 0.449654967 71.799224854
0.452796102 0.067266233 0.889073014 100.575576782 -0.001490018 0.997205675 -0.074688569 -6.861098289 -0.891612828 0.032493953 0.451631099 72.105056763
0.454598635 0.066264711 0.888228059 101.167892456 0.000776259 0.997198880 -0.074791580 -6.902967453 -0.890696049 0.034689639 0.453273803 72.407043457
0.456210226 0.066163696 0.887408912 101.749145508 -0.000850813 0.997264028 -0.073916905 -6.958885670 -0.889871657 0.032966625 0.455018371 72.719085693
0.458579808 0.065574884 0.886230528 102.319183350 0.000626279 0.997249603 -0.074113607 -7.004652023 -0.888653040 0.034542024 0.457277417 73.001770020
0.461464792 0.067410402 0.884593785 102.880538940 0.000129987 0.997103870 -0.076052040 -7.046661377 -0.887158513 0.035210323 0.460119605 73.291610718
0.464075834 0.067177817 0.883244455 103.436691284 0.003050926 0.996992946 -0.077432342 -7.097932339 -0.885790169 0.038629185 0.462475449 73.587821960
0.467114151 0.066311717 0.881707013 103.982597351 0.004946851 0.996972144 -0.077601381 -7.145558834 -0.884183109 0.040610377 0.465371788 73.879768372
0.470092952 0.064822331 0.880233288 104.513931274 0.007283276 0.996980548 -0.077309519 -7.196581364 -0.882586896 0.042753648 0.468201429 74.164108276
0.473781109 0.063905381 0.878320873 105.038238525 0.009220491 0.996948957 -0.077510267 -7.234273434 -0.880594313 0.044821456 0.471746355 74.438400269
0.476895005 0.063240893 0.876682222 105.553756714 0.010156618 0.996945202 -0.077441223 -7.283570290 -0.878901601 0.045835469 0.474795878 74.721374512
0.480577439 0.062493883 0.874722660 106.067123413 0.010969635 0.996951222 -0.077253178 -7.325431824 -0.876883805 0.046721529 0.478426695 75.003143311
0.483811855 0.062276717 0.872953415 106.569381714 0.012342046 0.996880293 -0.077957951 -7.365362167 -0.875084996 0.048491016 0.481533855 75.284126282
0.487903833 0.063482799 0.870585859 107.067222595 0.011942638 0.996773183 -0.079377346 -7.409007072 -0.872815728 0.049125608 0.485571176 75.565307617
0.491990149 0.063511290 0.868281007 107.560394287 0.013928013 0.996633708 -0.080791742 -7.455284119 -0.870489299 0.051842179 0.489449412 75.846755981
0.496478111 0.066846170 0.865471661 108.050827026 0.011430847 0.996440649 -0.083519086 -7.507604599 -0.867974043 0.051358473 0.493946850 76.144775391
0.501705587 0.072534002 0.861992002 108.530021667 0.008072838 0.996042371 -0.088512547 -7.552198887 -0.865000725 0.051365972 0.499134511 76.440811157
0.508005559 0.079698317 0.857658744 109.018661499 0.003022716 0.995539129 -0.094301298 -7.598396778 -0.861348450 0.050498050 0.505498350 76.721237183
0.514227033 0.086033292 0.853328049 109.500000000 -0.002047780 0.995076418 -0.099090450 -7.644931793 -0.857651532 0.049207564 0.511871338 77.023742676
0.520881116 0.090447612 0.848823905 109.983200073 -0.005610973 0.994711995 -0.102549747 -7.694902897 -0.853610814 0.048653498 0.518634140 77.331291199
0.526093483 0.090845868 0.845560491 110.468879700 -0.010115003 0.994876087 -0.100594737 -7.747441292 -0.850366652 0.044369392 0.524316669 77.654174805
0.531420052 0.090003379 0.842313528 110.956558228 -0.016579632 0.995254278 -0.095885314 -7.799058914 -0.846946180 0.036990136 0.530390322 77.984580994
0.536843300 0.088030174 0.839076817 111.446365356 -0.022653351 0.995687068 -0.089966975 -7.846385479 -0.843377888 0.029290255 0.536522090 78.328681946
0.542777717 0.085748509 0.835487604 111.965988159 -0.028805355 0.996089876 -0.083518066 -7.904872417 -0.839382291 0.021265225 0.543125391 78.676376343
0.549203575 0.083653390 0.831491113 112.480339050 -0.031236764 0.996336937 -0.079605900 -7.952151775 -0.835104644 0.017746758 0.549804866 79.025215149
0.555277467 0.087152079 0.827086151 112.988204956 -0.036439657 0.996088564 -0.080495954 -7.999553680 -0.830866516 0.014558842 0.556281388 79.388954163
0.561167181 0.091228910 0.822659492 113.501777649 -0.040053573 0.995735943 -0.083100185 -8.041144371 -0.826732874 0.013682647 0.562428415 79.761566162
0.567489743 0.094357468 0.817956090 114.021957397 -0.042747684 0.995448649 -0.085174657 -8.089142799 -0.822270036 0.013370006 0.568940341 80.132331848
0.573618889 0.097067326 0.813350618 114.562568665 -0.045911472 0.995202899 -0.086390771 -8.136859894 -0.817834675 0.012213245 0.575323701 80.531875610
