1.000000000 0.000000000 0.000000000 0.000000000 0.000000000 1.000000000 0.000000000 0.000000000 0.000000000 0.000000000 1.000000000 0.000000000
0.999998629 0.000927675 0.001390770 -0.004449836 -0.000921141 0.999988556 -0.004691793 -0.000698643 -0.001395107 0.004690505 0.999988019 0.954184651
0.999996662 -0.001424793 0.002168020 -0.002985130 0.001436554 0.999984205 -0.005432942 0.001635281 -0.002160246 0.005436039 0.999982893 1.903052449
0.999993443 -0.002699065 0.002406278 -0.003167325 0.002702755 0.999995112 -0.001531700 0.002922999 -0.002402132 0.001538193 0.999995947 2.860088110
0.999984622 -0.005239387 0.001778901 -0.000551658 0.005231360 0.999976397 0.004486843 0.002839129 -0.001802366 -0.004477469 0.999988377 3.810017586
0.999960840 -0.008847862 0.000285789 0.003921052 0.008846517 0.999951184 0.004404782 0.007295233 -0.000324748 -0.004402082 0.999990225 4.751266003
0.999933302 -0.011524814 -0.000773959 0.003257888 0.011526106 0.999932230 0.001686264 0.010533719 0.000754472 -0.001695072 0.999998271 5.680583954
0.999925613 -0.012132493 -0.001254201 -0.000977188 0.012130205 0.999924719 -0.001817561 0.013669079 0.001276158 0.001802212 0.999997556 6.610900402
0.999930561 -0.011570659 -0.002262627 -0.004731356 0.011565360 0.999930322 -0.002341561 0.014127348 0.002289562 0.002315229 0.999994755 7.539928436
0.999928713 -0.011386299 -0.003596554 -0.009079924 0.011384355 0.999935031 -0.000560391 0.016107567 0.003602701 0.000519406 0.999993324 8.467860222
0.999932230 -0.010966348 -0.003899197 -0.018220693 0.010976750 0.999936223 0.002656221 0.011032966 0.003869819 -0.002698841 0.999988854 9.387211800
0.999922633 -0.011339528 -0.005115347 -0.020714637 0.011359968 0.999927580 0.003984516 0.015255010 0.005069794 -0.004042319 0.999978900 10.303902626
0.999901772 -0.012833790 -0.005642683 -0.029451411 0.012860235 0.999906361 0.004675421 0.021169327 0.005582152 -0.004747528 0.999973178 11.219075203
0.999900818 -0.012658534 -0.006164446 -0.039849471 0.012689633 0.999906838 0.005032139 0.018006206 0.006100171 -0.005109864 0.999968290 12.123014450
0.999889851 -0.013063601 -0.007047094 -0.046960872 0.013090634 0.999907076 0.003803329 0.019072086 0.006996754 -0.003895161 0.999967933 13.030240059
0.999878943 -0.013234360 -0.008182535 -0.064632177 0.013249529 0.999910593 0.001802459 0.021832477 0.008157950 -0.001910656 0.999964893 13.938554764
0.999845684 -0.014564848 -0.009813304 -0.074115440 0.014568159 0.999893844 0.000266169 0.029887959 0.009808386 -0.000409090 0.999951780 14.843350410
0.999831676 -0.014423851 -0.011338221 -0.086069018 0.014417351 0.999895811 -0.000654651 0.035085469 0.011346484 0.000491073 0.999935448 15.728762627
0.999830365 -0.013124167 -0.012916668 -0.104871228 0.013102449 0.999912560 -0.001764626 0.037995454 0.012938699 0.001595087 0.999915004 16.628015518
0.999825060 -0.011645885 -0.014630437 -0.122707382 0.011627225 0.999931455 -0.001359829 0.033061713 0.014645269 0.001189479 0.999892056 17.517101288
0.999806702 -0.012115030 -0.015487041 -0.149459064 0.012105214 0.999926448 -0.000727393 0.036093730 0.015494714 0.000539779 0.999879837 18.407249451
0.999776721 -0.011816713 -0.017515969 -0.163302287 0.011824427 0.999930024 0.000336736 0.039441869 0.017510764 -0.000543777 0.999846578 19.301359177
0.999759316 -0.011426176 -0.018725324 -0.180046111 0.011455328 0.999933362 0.001450233 0.033874501 0.018707501 -0.001664388 0.999823749 20.163589478
0.999710381 -0.012418073 -0.020611728 -0.196064666 0.012439668 0.999922216 0.000919831 0.039329283 0.020598698 -0.001175968 0.999787152 21.040502548
0.999673903 -0.012464277 -0.022284891 -0.216502219 0.012483860 0.999921799 0.000739880 0.037979618 0.022273924 -0.001017840 0.999751449 21.903015137
0.999655724 -0.012638960 -0.022994295 -0.247259647 0.012672693 0.999918878 0.001321806 0.038630120 0.022975720 -0.001612751 0.999734759 22.765346527
0.999633968 -0.012079439 -0.024209179 -0.272847414 0.012147306 0.999922693 0.002658235 0.045527093 0.024175195 -0.002951338 0.999703348 23.629211426
0.999612272 -0.012788458 -0.024739683 -0.293584675 0.012934467 0.999899745 0.005750626 0.045026653 0.024663664 -0.006068389 0.999677300 24.481004715
0.999602735 -0.012309854 -0.025353374 -0.319106132 0.012497586 0.999895513 0.007259493 0.048452705 0.025261357 -0.007573465 0.999652147 25.316406250
0.999582231 -0.012306341 -0.026155304 -0.342896789 0.012469150 0.999903798 0.006070735 0.051196560 0.026078079 -0.006394333 0.999639392 26.143665314
0.999573588 -0.010653589 -0.027190806 -0.368889958 0.010759963 0.999935031 0.003768737 0.055380333 0.027148889 -0.004059702 0.999623179 26.959211349
0.999571085 -0.009663600 -0.027644854 -0.395202637 0.009712799 0.999951482 0.001646039 0.064546704 0.027627612 -0.001913842 0.999616385 27.766996384
0.999544501 -0.008935962 -0.028822869 -0.420306772 0.008972407 0.999959111 0.001135443 0.068711534 0.028811544 -0.001393536 0.999583960 28.565069199
0.999510944 -0.008796276 -0.030007640 -0.446965307 0.008826128 0.999960661 0.000862569 0.065849662 0.029998872 -0.001126998 0.999549270 29.349952698
0.999465525 -0.008048000 -0.031681743 -0.483038098 0.008048343 0.999967575 -0.000116759 0.067971371 0.031681661 -0.000138289 0.999497950 30.122741699
0.999389768 -0.009259218 -0.033680521 -0.505467832 0.009268905 0.999957025 0.000131506 0.060982518 0.033677854 -0.000443608 0.999432623 30.881437302
0.999310791 -0.009046669 -0.036000859 -0.530602276 0.009084592 0.999958336 0.000889939 0.069003247 0.035991304 -0.001216379 0.999351323 31.646862030
0.999226213 -0.009663403 -0.038125608 -0.562721014 0.009795165 0.999946654 0.003270688 0.069122612 0.038091961 -0.003641603 0.999267578 32.396320343
0.999165177 -0.008276442 -0.040006258 -0.595466733 0.008468877 0.999953330 0.004643010 0.076123565 0.039965961 -0.004977942 0.999188542 33.139831543
0.999095500 -0.007307787 -0.041888300 -0.627548218 0.007524802 0.999959052 0.005025485 0.072940394 0.041849867 -0.005336141 0.999109685 33.868011475
0.999030650 -0.004831534 -0.043755095 -0.666463792 0.005026172 0.999977946 0.004339431 0.074257724 0.043733176 -0.004555146 0.999032915 34.580276489
0.998952270 -0.003303745 -0.045642931 -0.700316668 0.003463200 0.999988139 0.003414866 0.078935504 0.045631114 -0.003569359 0.998952031 35.286060333
0.998887002 -0.002568252 -0.047095597 -0.738038838 0.002792649 0.999985039 0.004699554 0.082335368 0.047082823 -0.004825844 0.998879313 35.988220215
0.998838603 -0.001196240 -0.048166331 -0.778177321 0.001504554 0.999978542 0.006365268 0.089075863 0.048157688 -0.006430345 0.998819053 36.679088593
0.998815179 0.001700375 -0.048634555 -0.809258342 -0.001405772 0.999980450 0.006091046 0.103129879 0.048643965 -0.006015460 0.998798072 37.359298706
0.998886049 0.004957599 -0.046926215 -0.857235968 -0.004731900 0.999976695 0.004919509 0.090625055 0.046949510 -0.004691979 0.998886287 38.007816315
0.998935223 0.006529934 -0.045670178 -0.887217104 -0.006460185 0.999977708 0.001674630 0.095764130 0.045680098 -0.001377809 0.998955131 38.667808533
0.999043763 0.006745967 -0.043197885 -0.924476624 -0.006754952 0.999977112 -0.000062049 0.098129220 0.043196484 0.000353790 0.999066651 39.303691864
0.999178112 0.008288803 -0.039679233 -0.959361315 -0.008261645 0.999965489 0.000848341 0.095800772 0.039684899 -0.000519828 0.999212027 39.953899384
0.999242485 0.012872105 -0.036725245 -0.987633705 -0.012743153 0.999911726 0.003743207 0.094532236 0.036770184 -0.003272376 0.999318421 40.589500427
0.999311209 0.017311037 -0.032825213 -1.018576384 -0.017079992 0.999827445 0.007306060 0.094665393 0.032946024 -0.006740372 0.999434352 41.207462311
0.999348640 0.022437081 -0.028264584 -1.047852278 -0.022222141 0.999721825 0.007895890 0.098734483 0.028433885 -0.007262646 0.999569237 41.807716370
0.999386072 0.026307248 -0.023141142 -1.063129067 -0.026119245 0.999623597 0.008389308 0.104133070 0.023353133 -0.007779728 0.999696970 42.395503998
0.999391675 0.030082272 -0.017646067 -1.068473101 -0.029902363 0.999498963 0.010372150 0.108124018 0.017949244 -0.009838180 0.999790490 42.977474213
0.999323845 0.034991845 -0.011283079 -1.076328278 -0.034862153 0.999325991 0.011493485 0.112872422 0.011677658 -0.011092361 0.999870300 43.530128479
0.999258757 0.038268846 -0.004171956 -1.085671067 -0.038219102 0.999204099 0.011413426 0.111160278 0.004605416 -0.011245516 0.999926150 44.053886414
0.999141932 0.041294549 0.003191356 -1.086901546 -0.041327786 0.999083281 0.011162326 0.119035572 -0.002727486 -0.011284638 0.999932587 44.563598633
0.998906612 0.045495927 0.010763075 -1.089450955 -0.045611143 0.998901844 0.010712812 0.122353762 -0.010263862 -0.011192015 0.999884605 45.054893494
0.998577178 0.050010841 0.018504260 -1.092240572 -0.050166540 0.998708427 0.008048129 0.121448487 -0.018077869 -0.008964974 0.999796391 45.525596619
0.998300910 0.052028697 0.026233885 -1.076671362 -0.052167572 0.998627543 0.004636864 0.128324270 -0.025956631 -0.005997543 0.999645054 45.968143463
0.998020768 0.052713871 0.034289829 -1.065229654 -0.052906107 0.998588264 0.004722617 0.123543441 -0.033992480 -0.006527411 0.999400735 46.388545990
0.997768998 0.051718216 0.042215928 -1.042085171 -0.052017219 0.998628139 0.006014647 0.126403540 -0.041846946 -0.008197184 0.999090433 46.802326202
0.997298419 0.053576168 0.050255947 -1.021845579 -0.053981032 0.998519182 0.006732675 0.129149750 -0.049820818 -0.009427353 0.998713672 47.179870605
0.996672630 0.056238603 0.058998734 -1.003815651 -0.056734737 0.998366475 0.006766905 0.129086241 -0.058521785 -0.010091668 0.998235047 47.523822784
0.995799601 0.061512992 0.067817532 -0.987676859 -0.062085286 0.998050630 0.006361639 0.126077622 -0.067294002 -0.010545387 0.997677386 47.854816437
0.994924068 0.065015018 0.076806024 -0.962490082 -0.065683842 0.997821152 0.006211373 0.129413009 -0.076234847 -0.011224759 0.997026682 48.162212372
0.994221449 0.064214036 0.086024784 -0.934413910 -0.065045930 0.997858524 0.006899768 0.126298487 -0.085397497 -0.012455461 0.996269047 48.427196503
0.993302882 0.063190229 0.096728854 -0.899641991 -0.063963942 0.997940183 0.004915873 0.126729265 -0.096218973 -0.011070110 0.995298624 48.703277588
0.992184460 0.061628368 0.108498760 -0.859593391 -0.062051613 0.998072922 0.000525852 0.125531971 -0.108257249 -0.007254266 0.994096458 48.958568573
0.990573227 0.062810905 0.121735491 -0.818682194 -0.062850043 0.998016775 -0.003521989 0.124588460 -0.121715277 -0.004162294 0.992556334 49.218032837
0.988426983 0.064800374 0.137161106 -0.775199413 -0.064663015 0.997892141 -0.005461687 0.116948098 -0.137225926 -0.003470771 0.990533650 49.481338501
0.985929370 0.065968268 0.153595209 -0.731990814 -0.065642737 0.997817218 -0.007195283 0.124663979 -0.153734609 -0.002988369 0.988107622 49.750434875
0.983116388 0.066699430 0.170391813 -0.677646637 -0.066269204 0.997767925 -0.008217696 0.115790695 -0.170559645 -0.003212777 0.985342145 49.986198425
0.979884386 0.065886095 0.188376442 -0.613949776 -0.065239824 0.997823060 -0.009635962 0.117686272 -0.188601241 -0.002847520 0.982049644 50.228893280
0.976064920 0.064626060 0.207655355 -0.544547081 -0.063981533 0.997902572 -0.009825911 0.111984730 -0.207854882 -0.003695381 0.978152752 50.471927643
0.971514344 0.064935356 0.227910325 -0.477560997 -0.064086780 0.997882247 -0.011129944 0.109547317 -0.228150412 -0.003793135 0.973618507 50.719470978
0.966197789 0.066958442 0.248954594 -0.402421951 -0.065668680 0.997750223 -0.013491878 0.108234465 -0.249297902 -0.003312700 0.968421102 50.962070465
0.959984958 0.068270326 0.271602541 -0.315588951 -0.066523604 0.997662187 -0.015644394 0.104348123 -0.272035658 -0.003049599 0.962282300 51.204082489
0.952682674 0.069628410 0.295884341 -0.221749306 -0.067693084 0.997564852 -0.016793169 0.097957015 -0.296333134 -0.004030764 0.955076098 51.445014954
0.944091856 0.072274581 0.321662545 -0.126876831 -0.070305385 0.997367501 -0.017750194 0.092851400 -0.322098672 -0.005856793 0.946687996 51.686355591
0.934111118 0.074454129 0.349131584 -0.024564743 -0.072402045 0.997195542 -0.018943470 0.086651385 -0.349562854 -0.007582536 0.936882317 51.930751801
0.923010528 0.074981593 0.377397925 0.097738266 -0.072747007 0.997145832 -0.020194445 0.074580669 -0.377835006 -0.008814883 0.925830960 52.162769318
0.910360694 0.072979011 0.407329679 0.235967636 -0.069906011 0.997301042 -0.022444615 0.068703532 -0.407868326 -0.008042101 0.913005352 52.397033691
0.895492494 0.070529014 0.439452916 0.375078201 -0.066214308 0.997488141 -0.025161847 0.058791757 -0.440123707 -0.006565825 0.897913158 52.607101440
0.878061771 0.070114627 0.473383069 0.529235840 -0.063794158 0.997529387 -0.029418457 0.050818682 -0.474276155 -0.004367849 0.880365312 52.831851959
0.858612835 0.071877494 0.507560432 0.699493408 -0.063072301 0.997410715 -0.034550942 0.040106654 -0.508729696 -0.002347119 0.860923171 53.053142548
0.836800694 0.073635891 0.542533100 0.880214691 -0.062346902 0.997284651 -0.039193925 0.032865763 -0.543945968 -0.001027753 0.839119613 53.274063110
0.812236071 0.076386541 0.578305840 1.075607300 -0.063124545 0.997077048 -0.043041639 0.023451805 -0.579903364 -0.001545329 0.814683855 53.496475220
0.784775496 0.080335356 0.614551604 1.288911819 -0.065986231 0.996758103 -0.046034440 0.009123921 -0.616257370 -0.004425238 0.787532449 53.730613708
0.754782498 0.084676169 0.650487006 1.507394791 -0.069699593 0.996372402 -0.048826423 -0.007426500 -0.652261734 -0.008485365 0.757946312 53.954414368
0.721727788 0.085726693 0.686847806 1.761598587 -0.069266587 0.996264756 -0.051561445 -0.023060322 -0.688702524 -0.010362277 0.724969983 54.179077148
0.685194612 0.083280049 0.723583400 2.044900894 -0.065672472 0.996459246 -0.052498095 -0.044612527 -0.725393534 -0.011548115 0.688237548 54.401439667
0.646011353 0.082053646 0.758904815 2.360837936 -0.062806994 0.996548235 -0.054283999 -0.060765028 -0.760739565 -0.012596463 0.648935020 54.629356384
0.603623331 0.081343487 0.793109179 2.684617996 -0.060637586 0.996584237 -0.056062113 -0.084373593 -0.794960380 -0.014251831 0.606493950 54.838741302
0.557372987 0.080880895 0.826313376 3.040571213 -0.056749482 0.996627569 -0.059272300 -0.105148077 -0.828320622 -0.013856076 0.560083151 55.050445557
0.509029806 0.079604723 0.857060015 3.426256180 -0.053314403 0.996718287 -0.060911573 -0.127519488 -0.859096289 -0.014687842 0.511603355 55.249240875
0.460177422 0.077701539 0.884420395 3.828159332 -0.051522817 0.996821225 -0.060768511 -0.153299928 -0.886330664 -0.017603531 0.462718010 55.427520752
0.410962194 0.076052681 0.908474565 4.287048340 -0.051222395 0.996866167 -0.060281146 -0.169039369 -0.910212219 -0.021760970 0.413570046 55.600326538
0.360643864 0.075856358 0.929613829 4.739095688 -0.053945433 0.996715248 -0.060403686 -0.188688636 -0.931142271 -0.028364202 0.363551319 55.755847931
0.311646104 0.076072499 0.947148204 5.208559036 -0.051751398 0.996669471 -0.063021839 -0.215669155 -0.948787868 -0.029375730 0.314545065 55.882350922
0.264700949 0.073096730 0.961556196 5.684565544 -0.040525742 0.997085273 -0.064641528 -0.237253308 -0.963478625 -0.021857101 0.266891778 55.968872070
0.220726475 0.067007378 0.973031282 6.198119164 -0.027152006 0.997672677 -0.062545024 -0.270779788 -0.974957764 -0.012614407 0.222032160 56.040866852
0.178493574 0.066243149 0.981708586 6.696839333 -0.017875243 0.997784793 -0.064077854 -0.294302344 -0.983778715 -0.006110794 0.179282248 56.090602875
0.139818728 0.067628890 0.987864852 7.227866173 -0.014580758 0.997697294 -0.066238299 -0.322177887 -0.990069747 -0.005142464 0.140482783 56.146858215
0.107165672 0.068406038 0.991885185 7.761099815 -0.005487795 0.997655749 -0.068211101 -0.352452219 -0.994226038 0.001866626 0.107289858 56.173244476
0.078426562 0.066800833 0.994679272 8.316595078 0.001690249 0.997742116 -0.067139804 -0.388890684 -0.996918440 0.006946801 0.078136586 56.193035126
0.053750537 0.065017156 0.996435463 8.881592751 0.008611595 0.997810781 -0.065571435 -0.422558337 -0.998517275 0.012105401 0.053072974 56.196449280
0.033327479 0.064189173 0.997381091 9.467403412 0.013333531 0.997818053 -0.064662836 -0.449553430 -0.999355495 0.015453663 0.032398902 56.209671021
0.017577238 0.065788306 0.997678816 10.051580429 0.015841108 0.997689426 -0.066068090 -0.483100951 -0.999719977 0.016965633 0.016494475 56.206451416
0.004007319 0.065748341 0.997828186 10.642236710 0.017022198 0.997687161 -0.065807410 -0.513076723 -0.999847054 0.017248943 0.002878869 56.201652527
-0.007474676 0.066747233 0.997741818 11.252929688 0.017854700 0.997619689 -0.066605285 -0.546373069 -0.999812603 0.017316531 -0.008648635 56.188930511
-0.016453462 0.069377482 0.997454822 11.871468544 0.022728218 0.997358084 -0.068995833 -0.585433900 -0.999606311 0.021535153 -0.017986817 56.168552399
-0.022922147 0.071588904 0.997170806 12.498992920 0.027068688 0.997111678 -0.070962429 -0.615520179 -0.999370694 0.025365494 -0.024793757 56.144786835
-0.027679456 0.070914693 0.997098386 13.154302597 0.027230669 0.997163773 -0.070163421 -0.655472040 -0.999245822 0.025209568 -0.029532012 56.128120422
-0.031112773 0.068267882 0.997181773 13.802730560 0.025121553 0.997403026 -0.067499220 -0.689872921 -0.999200106 0.022950666 -0.032746971 56.104946136
-0.034026347 0.061295908 0.997539520 14.483251572 0.022535205 0.997910738 -0.060550056 -0.728859186 -0.999166846 0.020419460 -0.035336573 56.095294952
-0.034996971 0.055674326 0.997835457 15.168599129 0.023864429 0.998208880 -0.054858170 -0.763205945 -0.999102414 0.021892902 -0.036262929 56.069942474
-0.035614319 0.053085364 0.997954607 15.878362656 0.026691418 0.998282611 -0.052150253 -0.798549473 -0.999009132 0.024779530 -0.036970068 56.039905548
-0.035346076 0.055428728 0.997836769 16.566263199 0.030123226 0.998066187 -0.054374423 -0.835014522 -0.998921037 0.028136142 -0.036947407 56.013015747
-0.034590416 0.062875077 0.997421801 17.271503448 0.030822320 0.997611463 -0.061818119 -0.866337657 -0.998926103 0.028604543 -0.036445741 55.987548828
-0.032360569 0.070966944 0.996953607 17.985111237 0.031454887 0.997054279 -0.069953099 -0.898592710 -0.998981178 0.029095342 -0.034497496 55.965026855
-0.030211451 0.071740687 0.996965647 18.706529617 0.032389019 0.996967375 -0.070759311 -0.932196856 -0.999018669 0.030152997 -0.032443441 55.944568634
-0.028095320 0.067285642 0.997338116 19.460844040 0.031404987 0.997298956 -0.066398278 -0.978881359 -0.999111772 0.029455913 -0.030132532 55.924404144
-0.025687456 0.060724564 0.997824013 20.202720642 0.031054161 0.997720063 -0.059918795 -1.025390983 -0.999187529 0.029447418 -0.027514640 55.909645081
-0.022648178 0.058863372 0.998009086 20.935894012 0.029316608 0.997874975 -0.058190159 -1.071269751 -0.999313533 0.027940344 -0.024325725 55.895839691
-0.019191790 0.064297527 0.997746289 21.667135239 0.037004068 0.997291982 -0.063556463 -1.111577153 -0.999130785 0.035700902 -0.021519091 55.875263214
-0.015980657 0.069943704 0.997422874 22.411643982 0.038840815 0.996840775 -0.069280565 -1.151628375 -0.999117613 0.037633575 -0.018646847 55.860191345
-0.013827158 0.070769973 0.997396827 23.158712387 0.033021893 0.996980309 -0.070282623 -1.196100235 -0.999358892 0.031964123 -0.016122365 55.866001129
-0.010539928 0.067238621 0.997681320 23.898056030 0.028571473 0.997349560 -0.066914424 -1.240272522 -0.999536097 0.027799945 -0.012433102 55.868717194
-0.005783439 0.063362591 0.997973800 24.643526077 0.032216389 0.997484207 -0.063144796 -1.292223930 -0.999464154 0.031785920 -0.007810204 55.858505249
-0.002430230 0.064315893 0.997926652 25.389335632 0.036938939 0.997254252 -0.064182594 -1.343835592 -0.999314487 0.036706373 -0.004799321 55.860458374
0.000458276 0.069234110 0.997600317 26.125455856 0.036748040 0.996925473 -0.069204137 -1.381345510 -0.999324441 0.036691580 -0.002087350 55.854072571
0.004464707 0.069912657 0.997543097 26.861547470 0.033215441 0.996992230 -0.070022702 -1.425414562 -0.999438226 0.033446461 0.002129099 55.858768463
0.008045239 0.069232441 0.997568071 27.595712662 0.032289796 0.997062147 -0.069457725 -1.473165751 -0.999446094 0.032770075 0.005786103 55.874504089
0.011370893 0.066129342 0.997746229 28.348409653 0.036311716 0.997125328 -0.066502005 -1.522120118 -0.999275804 0.036986072 0.008936936 55.884727478
0.015225923 0.066750616 0.997653425 29.103157043 0.040874198 0.996893585 -0.067323573 -1.571602821 -0.999048293 0.041803341 0.012450245 55.883281708
0.019077910 0.067813352 0.997515500 29.839017868 0.043790888 0.996683121 -0.068594277 -1.612931967 -0.998858511 0.044990722 0.016045025 55.887886047
0.021971010 0.067448564 0.997480810 30.587425232 0.044064451 0.996686697 -0.068365462 -1.663679838 -0.998787045 0.045455500 0.018926132 55.905895233
0.025410492 0.066318467 0.997474849 31.342460632 0.045497030 0.996686518 -0.067425080 -1.707678318 -0.998641253 0.047095448 0.022309002 55.927093506
0.029164590 0.064904563 0.997465193 32.079666138 0.047521070 0.996671319 -0.066242360 -1.760026693 -0.998444319 0.049332548 0.025983173 55.944843292
0.031485949 0.065231547 0.997373283 32.835487366 0.045942347 0.996718884 -0.066639096 -1.806242228 -0.998447776 0.047919858 0.028385751 55.975036621
0.034221586 0.067371286 0.997140944 33.584754944 0.042876899 0.996707737 -0.068813540 -1.845472813 -0.998494148 0.045109212 0.031220244 56.014709473
0.037381370 0.067023627 0.997050881 34.332233429 0.044799071 0.996632755 -0.068675123 -1.896353245 -0.998296380 0.047234129 0.034252904 56.035923004
0.039673924 0.066695549 0.996984303 35.089340210 0.042613026 0.996749103 -0.068375550 -1.944230318 -0.998303592 0.045197245 0.036702856 56.080238342
0.041675314 0.067069620 0.996877491 35.850975037 0.041052788 0.996786833 -0.068779781 -1.992369652 -0.998287499 0.043791015 0.038788013 56.123809814
0.044754673 0.067072950 0.996743858 36.614536285 0.037839815 0.996913671 -0.068783425 -2.040312529 -0.998281062 0.040794984 0.042078521 56.162361145
0.048156668 0.068974406 0.996455431 37.363834381 0.036336835 0.996831536 -0.070756525 -2.089308739 -0.998178542 0.039615441 0.045497779 56.195922852
0.051446334 0.072365530 0.996050477 38.126052856 0.035272121 0.996617258 -0.074228548 -2.138491392 -0.998052597 0.038951602 0.048719823 56.239089966
0.054659117 0.074429922 0.995727122 38.886642456 0.035327822 0.996449471 -0.076423183 -2.192505360 -0.997879922 0.039354093 0.051835597 56.287685394
0.057302438 0.077067576 0.995377839 39.653602600 0.028928429 0.996469319 -0.078817457 -2.239149094 -0.997937620 0.033311155 0.054870661 56.344558716
0.059869427 0.076021671 0.995307148 40.428436279 0.025027825 0.996667922 -0.077631086 -2.295480251 -0.997892380 0.029558107 0.057767294 56.408752441
0.063918099 0.076654725 0.995006740 41.221355438 0.027288331 0.996538520 -0.078525692 -2.352939844 -0.997581959 0.032171279 0.061605081 56.452487946
0.067806304 0.077881806 0.994654059 42.000816345 0.026543511 0.996454895 -0.079832286 -2.409071922 -0.997345269 0.031814743 0.065498672 56.507740021
0.071803927 0.078606747 0.994316459 42.783996582 0.022741230 0.996501505 -0.080421731 -2.464736223 -0.997159481 0.028386572 0.069765098 56.569618225
0.075738013 0.076948620 0.994154274 43.577598572 0.021679789 0.996655166 -0.078793831 -2.517007828 -0.996891975 0.027520735 0.073816448 56.639739990
0.080343954 0.076573201 0.993821621 44.374622345 0.022119962 0.996662319 -0.078580320 -2.580954075 -0.996521711 0.028296748 0.078382000 56.706874847
0.085405149 0.080331355 0.993102610 45.150608063 0.018544234 0.996443570 -0.082196385 -2.639564037 -0.996173739 0.025436329 0.083611734 56.780212402
0.091264792 0.089126416 0.991830170 45.942520142 0.016509859 0.995714426 -0.090994649 -2.698056221 -0.995689809 0.024679588 0.089402206 56.864997864
0.098693863 0.093907714 0.990676880 46.735534668 0.014962656 0.995284796 -0.095835097 -2.763606787 -0.995005369 0.024281498 0.096823379 56.949119568
0.105800413 0.096597552 0.989684463 47.528137207 0.010455926 0.995107353 -0.098244622 -2.835291624 -0.994332433 0.020742387 0.104272768 57.047077179
0.112955973 0.094740950 0.989072859 48.336700439 0.006463845 0.995352566 -0.096080668 -2.909519434 -0.993578970 0.017246097 0.111818627 57.146045685
0.120395817 0.092844471 0.988374829 49.140045166 0.006329193 0.995525002 -0.094287097 -2.984375715 -0.992705703 0.017607389 0.119269401 57.251022339
0.127979726 0.089686334 0.987713218 49.938179016 0.006096668 0.995812774 -0.091211729 -3.047971725 -0.991758049 0.017695012 0.126897052 57.351585388
0.135448694 0.084076293 0.987210572 50.751087189 0.004047331 0.996337771 -0.085408896 -3.116370678 -0.990776122 0.015564094 0.134612352 57.472900391
0.142510891 0.076840721 0.986806035 51.561786652 0.001835481 0.996959746 -0.077896431 -3.174779892 -0.989791572 0.012912354 0.141936585 57.602706909
0.149936691 0.073951796 0.985925972 52.361782074 0.001402692 0.997181833 -0.075009353 -3.243523598 -0.988694608 0.012629608 0.149410412 57.731025696
0.157249689 0.075663485 0.984656096 53.134971619 0.001322431 0.997043610 -0.076826543 -3.302819729 -0.987558067 0.013383091 0.156684712 57.855068207
0.162989467 0.082216896 0.983196199 53.899711609 0.001979424 0.996492624 -0.083656900 -3.365657330 -0.986625850 0.015581356 0.162255049 57.984184265
0.168333679 0.085789792 0.981989682 54.667556763 0.000792524 0.996193469 -0.087166518 -3.419475794 -0.985729754 0.015451314 0.167624950 58.118675232
0.173493758 0.089006685 0.980804622 55.478950500 -0.000083704 0.995908856 -0.090362579 -3.484351158 -0.984834909 0.015595244 0.172791436 58.269279480
0.178711087 0.088133126 0.979946315 56.246124268 -0.002822132 0.996021867 -0.089064233 -3.556460142 -0.983897626 0.013151226 0.178248852 58.418331146
0.183966339 0.085112415 0.979240656 57.010112762 0.001364428 0.996220887 -0.086844601 -3.620247364 -0.982931614 0.017312590 0.183154956 58.561660767
0.188586161 0.078792498 0.978890657 57.771392822 0.001738410 0.996747792 -0.080564760 -3.678453445 -0.982055008 0.016895110 0.187835857 58.710586548
0.192165464 0.072145060 0.978707075 58.512565613 0.000313293 0.997289479 -0.073576368 -3.740540504 -0.981362462 0.014445459 0.191621989 58.851959229
0.195309609 0.069124632 0.978302538 59.236972809 -0.003158823 0.997552216 -0.069854133 -3.787997007 -0.980736494 0.010552898 0.195049852 59.010974884
0.198379070 0.069472402 0.977660179 59.947753906 -0.005290762 0.997546077 -0.069811940 -3.838201523 -0.980111063 0.008676657 0.198259816 59.156303406
0.200163215 0.071560241 0.977145672 60.687736511 -0.006132541 0.997401059 -0.071787402 -3.891831636 -0.979743361 0.008376814 0.200081855 59.329727173
0.201579034 0.076003477 0.976518929 61.383762360 -0.010703506 0.997096241 -0.075395539 -3.944559336 -0.979413748 0.004745984 0.201807231 59.483402252
0.203381523 0.080094874 0.975817978 62.069515228 -0.011754471 0.996776342 -0.079365239 -3.997081280 -0.979028940 0.004671200 0.203667372 59.638023376
0.205343157 0.085563123 0.974942625 62.745880127 -0.012251851 0.996317685 -0.084858559 -4.050588608 -0.978613377 0.005480275 0.205635369 59.788047791
0.206803352 0.087615237 0.974451542 63.418712616 -0.011656445 0.996132195 -0.087090798 -4.106132507 -0.978313088 0.006652029 0.207024753 59.939064026
0.208485797 0.087369420 0.974115074 64.081130981 -0.013753207 0.996165276 -0.086403593 -4.158264160 -0.977928638 0.004616716 0.208887935 60.089199066
0.208808571 0.084560417 0.974293828 64.739730835 -0.014338048 0.996412456 -0.083407223 -4.215775490 -0.977851391 0.003446670 0.209271863 60.237697601
0.209962651 0.081498012 0.974306822 65.416389465 -0.013248316 0.996665478 -0.080513231 -4.277261734 -0.977619588 0.003996849 0.210342214 60.376407623
0.209312335 0.080601148 0.974521339 66.057121277 -0.012660558 0.996736884 -0.079719275 -4.325411320 -0.977766752 0.004348245 0.209649801 60.522903442
0.208486781 0.079378627 0.974798560 66.697128296 -0.012887282 0.996837378 -0.078416966 -4.382189751 -0.977940202 0.003786397 0.208850354 60.653789520
0.206689104 0.080249056 0.975110114 67.318496704 -0.014053904 0.996771395 -0.079052769 -4.433625698 -0.978305697 0.002635245 0.207149595 60.791450500
0.204364717 0.083253257 0.975348175 67.932632446 -0.014892468 0.996525884 -0.081940539 -4.482686996 -0.978781581 0.002220411 0.204894587 60.928436279
0.202160329 0.087235354 0.975459397 68.523834229 -0.012876667 0.996175647 -0.086419351 -4.531923294 -0.979267776 0.004909900 0.202510506 61.046272278
0.200694874 0.087880164 0.975704134 69.121566772 -0.010653284 0.996105254 -0.087526359 -4.578906536 -0.979595780 0.007171636 0.200849429 61.165405273
0.198324054 0.086839102 0.976281941 69.710784912 -0.011458223 0.996204734 -0.086283557 -4.625145912 -0.980069458 0.005925650 0.198566392 61.287986755
0.196085259 0.083871156 0.976993382 70.286506653 -0.011457214 0.996463418 -0.083243087 -4.672262192 -0.980519891 0.005129118 0.196352735 61.400943756
0.193951488 0.079920180 0.977750242 70.857528687 -0.011565310 0.996792972 -0.079182580 -4.722184658 -0.980942965 0.004049590 0.194253758 61.515468597
0.192167923 0.078955650 0.978180707 71.414512634 -0.007905346 0.996850371 -0.078909576 -4.770380974 -0.981330216 0.007431029 0.192186847 61.620388031
0.190176904 0.080258690 0.978463650 71.969337463 -0.004544725 0.996714115 -0.080872349 -4.818058491 -0.981739342 0.010933202 0.189916730 61.728126526
0.187687665 0.082352601 0.978770316 72.514358521 -0.000116474 0.996480823 -0.083820418 -4.856741428 -0.982228756 0.015618056 0.187036753 61.827339172
0.185949981 0.084264062 0.978939295 73.051437378 -0.000848215 0.996329248 -0.085599810 -4.898477554 -0.982558906 0.015086934 0.185338870 61.932834625
0.184615582 0.086718164 0.978977561 73.597999573 -0.000586330 0.996109188 -0.088125132 -4.938424110 -0.982810616 0.015695266 0.183948159 62.037483215
0.183605298 0.085166670 0.979303777 74.146186829 0.001029346 0.996222496 -0.086831048 -4.985377312 -0.982999563 0.016950674 0.182824075 62.136711121
0.184407622 0.083578482 0.979289770 74.692192078 0.007116041 0.996238112 -0.086364962 -5.027062416 -0.982824147 0.022895025 0.183119178 62.230903625
0.186630458 0.081840530 0.979015410 75.239334106 0.012042039 0.996258736 -0.085577577 -5.066582680 -0.982356429 0.027760720 0.184946686 62.326671600
0.188266516 0.081216231 0.978754103 75.785911560 0.014836255 0.996225953 -0.085519820 -5.109036922 -0.982005835 0.030621571 0.186351061 62.435836792
0.191570416 0.081068464 0.978125036 76.341468811 0.012255442 0.996307552 -0.084975749 -5.153831959 -0.981402397 0.028266195 0.189869508 62.554336548
0.197125390 0.081483476 0.976986229 76.904754639 0.011351679 0.996283531 -0.085383341 -5.200227737 -0.980312586 0.027921660 0.195467785 62.675506592
0.203802526 0.080381311 0.975706577 77.466629028 0.012166469 0.996338785 -0.084622338 -5.245038986 -0.978936434 0.029117152 0.202078387 62.785949707
0.211841315 0.080603927 0.973974466 78.030418396 0.010374169 0.996351421 -0.084712215 -5.285867691 -0.977249026 0.028049719 0.210232198 62.906211853
0.219729662 0.078864940 0.972367764 78.601097107 0.010301584 0.996483862 -0.083148800 -5.327164650 -0.975506425 0.028287185 0.218144625 63.055377960
0.228698686 0.078180708 0.970352888 79.172019958 0.007028673 0.996611476 -0.081952915 -5.377767563 -0.973471820 0.025562817 0.227374241 63.199455261
0.238207504 0.077843145 0.968089700 79.748435974 0.006234053 0.996639788 -0.081672773 -5.422609806 -0.971194327 0.025490193 0.236921787 63.352867126
0.247699827 0.081670314 0.965388417 80.335716248 0.000657897 0.996426284 -0.084464870 -5.466628075 -0.968836606 0.021557061 0.246760875 63.519626617
0.257152140 0.084218457 0.962694108 80.931098938 -0.002656312 0.996253073 -0.086444728 -5.508696556 -0.966367185 0.019672226 0.256412327 63.690410614
0.268227756 0.086531885 0.959461391 81.527198792 -0.006439460 0.996096492 -0.088035725 -5.558294296 -0.963333964 0.017435208 0.267737925 63.862930298
0.278363377 0.088447236 0.956394792 82.133758545 -0.007798393 0.995926380 -0.089833334 -5.605852604 -0.960444152 0.017547971 0.277919173 64.052261353
0.288183004 0.089311816 0.953401327 82.738746643 -0.011022679 0.995884359 -0.089959696 -5.654777527 -0.957511961 0.015415823 0.287981421 64.247756958
0.298399985 0.089777224 0.950209320 83.365325928 -0.011892801 0.995838761 -0.090353616 -5.704515934 -0.954366744 0.015660869 0.298225969 64.458671570
0.308363825 0.090959236 0.946909845 84.003860474 -0.016331324 0.995777547 -0.090335101 -5.751719475 -0.951128304 0.012391781 0.308547229 64.686836243
0.319118142 0.085853666 0.943818212 84.650619507 -0.015747443 0.996231139 -0.085296944 -5.805139065 -0.947584093 0.012357080 0.319267422 64.908462524
0.329633713 0.079037465 0.940794706 85.305183411 -0.012163319 0.996762455 -0.079477631 -5.850854874 -0.944030464 0.014755321 0.329527825 65.141479492
0.340596318 0.074519739 0.937251806 85.972717285 -0.010683197 0.997096479 -0.075395644 -5.903260708 -0.940148950 0.015666638 0.340403527 65.385856628
0.350708455 0.071212962 0.933773160 86.648330688 -0.011269058 0.997353256 -0.071829364 -5.949351788 -0.936416924 0.014668419 0.350582689 65.653305054
0.360159308 0.069012254 0.930334628 87.324882507 -0.005178322 0.997392476 -0.071981929 -5.990753651 -0.932876348 0.021107389 0.359577596 65.915275574
0.369000405 0.063700475 0.927243710 88.024658203 0.001166361 0.997615993 -0.068999119 -6.033385754 -0.929428458 0.026542205 0.368046433 66.186477661
0.376159757 0.054014448 0.924979031 88.742332458 0.011043810 0.997966945 -0.062767774 -6.076093197 -0.926488936 0.033826001 0.374798566 66.467338562
0.382954746 0.049851291 0.922420979 89.433181763 0.016038094 0.998033464 -0.060596116 -6.117801666 -0.923627853 0.037999444 0.381402135 66.752998352
0.390369952 0.049577065 0.919322371 90.151519775 0.018353703 0.997931659 -0.061609790 -6.167189121 -0.920475066 0.040923581 0.388652593 67.052658081
0.397840768 0.056008045 0.915743351 90.859878540 0.020360731 0.997349977 -0.069844849 -6.209640503 -0.917228460 0.046432331 0.395646155 67.358558655
0.404911250 0.060379494 0.912360251 91.568252563 0.023939207 0.996775210 -0.076590389 -6.254213333 -0.914042532 0.052853491 0.402159959 67.672172546
0.410222888 0.062654048 0.909830570 92.269515991 0.021435674 0.996699274 -0.078300998 -6.309966564 -0.911733270 0.051623695 0.407525808 67.992980957
0.414490461 0.064073257 0.907795191 92.960350037 0.014540208 0.996924758 -0.077003047 -6.367825508 -0.909937501 0.045116562 0.412284166 68.320480347
0.418554574 0.067619748 0.905670941 93.646614075 0.008591264 0.996884942 -0.078400463 -6.421597481 -0.908151031 0.040595740 0.416669875 68.653953552
0.422400564 0.070724122 0.903645873 94.324287415 0.007696530 0.996635437 -0.081599638 -6.481204033 -0.906376600 0.041422676 0.420435011 68.979507446
0.426574469 0.074852236 0.901349783 95.003273010 0.004370729 0.996387243 -0.084813096 -6.541133881 -0.904441953 0.040118657 0.424706280 69.310539246
0.429949194 0.077958338 0.899480999 95.660842896 0.001402108 0.996206224 -0.087011755 -6.598449707 -0.902851999 0.038671799 0.428208828 69.638374329
0.434048235 0.076462328 0.897638917 96.304870605 0.000238080 0.996381879 -0.084988527 -6.653600693 -0.900889575 0.037102841 0.432459623 69.944694519
0.438220710 0.073242866 0.895878315 96.960716248 0.001028141 0.996633232 -0.081983030 -6.719166756 -0.898866832 0.036847748 0.436669976 70.267028809
0.442077428 0.070169449 0.894227982 97.581100464 0.001941328 0.996858239 -0.079182498 -6.762894630 -0.896974742 0.036740787 0.440552413 70.560646057
0.445906430 0.069093533 0.892408848 98.202941895 0.001177938 0.996970057 -0.077777609 -6.814894199 -0.895078778 0.035732739 0.444474041 70.870651245
0.449035317 0.070925429 0.890694618 98.820114136 -0.001188610 0.996891141 -0.078782566 -6.873270988 -0.893513262 0.034317467 0.447723657 71.196258545
0.451779902 0.071503796 0.889259219 99.420837402 -0.000631208 0.996808171 -0.079830945 -6.926363945 -0.892129242 0.035504710 0.450383097 71.502342224
0.454094559 0.069574334 0.888232768 100.013175964 0.001476464 0.996886253 -0.078839839 -6.976130486 -0.890952170 0.037112195 0.452577919 71.799957275
0.455706179 0.068300590 0.887506008 100.603431702 0.003732113 0.996896446 -0.078635357 -7.027968407 -0.890122473 0.039146896 0.454036951 72.109542847
0.457603842 0.068266183 0.886531651 101.180969238 0.002386817 0.996950388 -0.078000836 -7.079966068 -0.889152884 0.037809480 0.456045419 72.407684326
0.459344625 0.067856252 0.885662496 101.760116577 0.002982310 0.996954381 -0.077929795 -7.139052391 -0.888253152 0.038437944 0.457743227 72.718368530
0.462173969 0.069520876 0.884059906 102.322570801 0.002671836 0.996808589 -0.079784028 -7.184362411 -0.886785269 0.039236158 0.460513234 73.013641357
0.465032995 0.069506928 0.882560492 102.870689392 0.005437751 0.996670067 -0.081358962 -7.234923840 -0.885276675 0.042633742 0.463106483 73.299957275
0.467943937 0.068908572 0.881067574 103.413749695 0.007119176 0.996629298 -0.081727758 -7.283601761 -0.883729458 0.044516485 0.465876013 73.587776184
0.471268803 0.067203194 0.879425585 103.946044922 0.009779179 0.996633530 -0.081400372 -7.335087776 -0.881935358 0.046961516 0.469025075 73.868034363
0.474309057 0.065948226 0.877884805 104.466567993 0.011577026 0.996636927 -0.081123978 -7.380830765 -0.880282283 0.048641134 0.471950352 74.156677246
0.477762610 0.065712102 0.876027882 104.981582642 0.012155130 0.996608496 -0.081386119 -7.429822445 -0.878404915 0.049531475 0.475343496 74.430831909
0.481306195 0.064905137 0.874146223 105.489128113 0.012901347 0.996622264 -0.081102446 -7.474737167 -0.876457572 0.050312769 0.478843123 74.710639954
0.484563559 0.064429022 0.872380078 105.994026184 0.014517754 0.996554136 -0.081663698 -7.518321037 -0.874635577 0.052236248 0.481958449 74.996932983
0.488514036 0.065573826 0.870088518 106.487564087 0.013983003 0.996455729 -0.082948230 -7.567656994 -0.872444034 0.052687820 0.485865653 75.277328491
0.492591619 0.065973736 0.867756307 106.981719971 0.015750762 0.996283114 -0.084686451 -7.612078190 -0.870118022 0.055383660 0.489721596 75.561698914
0.497193933 0.069199577 0.864875495 107.467071533 0.013665457 0.996066153 -0.087552167 -7.659889221 -0.867531896 0.055349328 0.494292408 75.857070923
0.502815068 0.075156003 0.861120522 107.954963684 0.010017375 0.995639443 -0.092745654 -7.705034733 -0.864335954 0.055260081 0.499869704 76.137634277
0.508601725 0.082067586 0.857081711 108.430976868 0.004888771 0.995155692 -0.098189555 -7.753867149 -0.860987961 0.054129466 0.505736768 76.434600830
0.514415264 0.088625915 0.852949262 108.906967163 -0.000427345 0.994671524 -0.103093900 -7.801233292 -0.857541084 0.052668579 0.511712193 76.743141174
0.521186709 0.092779003 0.848384559 109.383216858 -0.003855077 0.994319141 -0.106370077 -7.853349686 -0.853434026 0.052168079 0.518583596 77.033500671
0.526557565 0.093100786 0.845026195 109.868545532 -0.007995279 0.994483769 -0.104585215 -7.906822681 -0.850101769 0.048313931 0.524397373 77.352203369
0.531819344 0.092577219 0.841782451 110.365615845 -0.014925216 0.994877040 -0.099984780 -7.958676338 -0.846726298 0.040610053 0.530476570 77.695159912
0.537599087 0.090405874 0.838340044 110.861450195 -0.021243850 0.995372236 -0.093717113 -8.007976532 -0.842932940 0.032572661 0.537031710 78.030769348
0.543298721 0.088488489 0.834863007 111.362785339 -0.027722461 0.995778441 -0.087503396 -8.067264557 -0.839081526 0.024396036 0.543458343 78.380203247
0.549455941 0.086474434 0.831035733 111.870399475 -0.030024340 0.996030867 -0.083792008 -8.112180710 -0.834983051 0.021088716 0.549871385 78.727668762
0.555453241 0.090088673 0.826653302 112.375907898 -0.035380594 0.995774150 -0.084746204 -8.163085938 -0.830794752 0.017825063 0.556293428 79.090171814
0.561542034 0.093989223 0.822092652 112.884468079 -0.039312683 0.995436311 -0.086954355 -8.209743500 -0.826513827 0.016509866 0.562674403 79.454475403
0.567676663 0.097253062 0.817486942 113.408233643 -0.041896664 0.995123863 -0.089292049 -8.256240845 -0.822184801 0.016439043 0.568983197 79.834518433
0.573964655 0.099461205 0.812817335 113.945541382 -0.044277016 0.994913697 -0.090477735 -8.308242798 -0.817682147 0.015941903 0.575449169 80.226844788
