1.000000000 0.000000000 0.000000000 0.000000000 0.000000000 1.000000000 0.000000000 0.000000000 0.000000000 0.000000000 1.000000000 0.000000000
0.999998927 0.000762535 0.001263754 -0.003626000 -0.000756798 0.999989450 -0.004533384 -0.002558876 -0.001267198 0.004532422 0.999988914 0.962609112
0.999996305 -0.001481874 0.002289495 -0.002807733 0.001494191 0.999984384 -0.005387679 -0.000783633 -0.002281475 0.005391079 0.999982893 1.913832068
0.999992073 -0.002423296 0.003163896 -0.027270056 0.002426637 0.999996483 -0.001052570 -0.005908785 -0.003161334 0.001060239 0.999994457 2.835037708
0.999985456 -0.004775620 0.002516581 -0.022913411 0.004763386 0.999976873 0.004845758 -0.005735854 -0.002539665 -0.004833700 0.999985099 3.788544178
0.999961972 -0.008685444 0.000852375 -0.016080998 0.008681183 0.999950409 0.004880955 -0.001174422 -0.000894726 -0.004873370 0.999987721 4.730216026
0.999937415 -0.011184436 0.000057344 -0.018257461 0.011184298 0.999935448 0.002015362 0.000266996 -0.000079881 -0.002014594 0.999997973 5.660173893
0.999928534 -0.011914633 -0.000946958 -0.021659110 0.011913309 0.999928117 -0.001390569 0.002561654 0.000963458 0.001379188 0.999998569 6.585196018
0.999933779 -0.011415211 -0.001517464 -0.030511018 0.011412329 0.999933183 -0.001894997 0.002981860 0.001538994 0.001877554 0.999997020 7.512867928
0.999934018 -0.011214668 -0.002492529 -0.034847341 0.011213933 0.999936998 -0.000309000 0.005946907 0.002495837 0.000281028 0.999996781 8.439487457
0.999932349 -0.011135332 -0.003348241 -0.042357478 0.011144239 0.999934375 0.002653177 0.006242478 0.003318477 -0.002690312 0.999990880 9.363306046
0.999930263 -0.011158952 -0.003864891 -0.056972966 0.011175017 0.999928832 0.004160376 0.007107224 0.003818190 -0.004203277 0.999983847 10.291242599
0.999912679 -0.012398445 -0.004579438 -0.057182476 0.012421036 0.999910653 0.004938272 0.012266017 0.004517803 -0.004994723 0.999977291 11.196005821
0.999906003 -0.012647619 -0.005301001 -0.068264499 0.012673612 0.999907613 0.004899105 0.015989721 0.005238549 -0.004965827 0.999974012 12.112563133
0.999898791 -0.012886027 -0.006046490 -0.075142294 0.012905547 0.999911606 0.003200754 0.022174168 0.006004710 -0.003278463 0.999976575 13.009774208
0.999889195 -0.013120077 -0.007038795 -0.095731325 0.013129699 0.999912918 0.001322595 0.021838658 0.007020830 -0.001414865 0.999974370 13.914842606
0.999850333 -0.014718788 -0.009090680 -0.093570843 0.014722002 0.999891579 0.000286684 0.021809477 0.009085475 -0.000420474 0.999958634 14.817375183
0.999835491 -0.014454792 -0.010955989 -0.107314676 0.014452595 0.999895513 -0.000279780 0.020827947 0.010958889 0.000121392 0.999939919 15.717631340
0.999846339 -0.013050576 -0.011701376 -0.137618303 0.013037458 0.999914229 -0.001196679 0.020864187 0.011715990 0.001043939 0.999930799 16.617404938
0.999838948 -0.011762136 -0.013552528 -0.152551562 0.011749966 0.999930501 -0.000977296 0.017803276 0.013563079 0.000817897 0.999907732 17.510152817
0.999808371 -0.012457196 -0.015096191 -0.167564988 0.012455678 0.999922395 -0.000194398 0.018134966 0.015097441 0.000006327 0.999886036 18.393194199
0.999796033 -0.011599075 -0.016531944 -0.182203889 0.011616299 0.999932110 0.000946206 0.019649265 0.016519846 -0.001138053 0.999862909 19.285747528
0.999774516 -0.011378327 -0.017928829 -0.203860447 0.011409188 0.999933660 0.001619959 0.020252122 0.017909210 -0.001824147 0.999837995 20.165956497
0.999734879 -0.012324180 -0.019447329 -0.224529654 0.012351828 0.999922872 0.001302179 0.024339573 0.019429782 -0.001542044 0.999810100 21.049434662
0.999698818 -0.012486966 -0.021129187 -0.247567892 0.012505230 0.999921501 0.000732423 0.024493711 0.021118384 -0.000996427 0.999776483 21.915756226
0.999678552 -0.012152130 -0.022248050 -0.270188749 0.012188734 0.999924600 0.001510357 0.020587845 0.022228019 -0.001781047 0.999751389 22.784994125
0.999663234 -0.011727372 -0.023148192 -0.287728816 0.011804396 0.999925196 0.003193539 0.025772799 0.023109011 -0.003465714 0.999726892 23.632268906
0.999626100 -0.012928977 -0.024092505 -0.309196234 0.013079889 0.999895751 0.006116805 0.028574400 0.024010904 -0.006429646 0.999690950 24.480169296
0.999603987 -0.013285042 -0.024806563 -0.332132518 0.013481004 0.999879122 0.007749113 0.031143725 0.024700616 -0.008080462 0.999662220 25.317075729
0.999599934 -0.012482874 -0.025379173 -0.359748811 0.012657088 0.999897361 0.006715385 0.032907426 0.025292737 -0.007033925 0.999655485 26.141893387
0.999609411 -0.010172667 -0.026026715 -0.389873534 0.010283946 0.999938607 0.004145293 0.033600137 0.025982942 -0.004411332 0.999652743 26.948434830
0.999594748 -0.009946843 -0.026672821 -0.411777288 0.010001895 0.999948144 0.001931346 0.041774016 0.026652230 -0.002197342 0.999642372 27.756378174
0.999574125 -0.008950691 -0.027775526 -0.436963081 0.008994753 0.999958456 0.001461797 0.045399088 0.027761288 -0.001711008 0.999613166 28.552177429
0.999544322 -0.008665104 -0.028914964 -0.466095209 0.008696976 0.999961674 0.000976602 0.046103343 0.028905397 -0.001227629 0.999581397 29.334512711
0.999491274 -0.008639987 -0.030700132 -0.495032281 0.008647022 0.999962568 0.000096362 0.044466354 0.030698150 -0.000361778 0.999528706 30.118751526
0.999430597 -0.008515078 -0.032646872 -0.522326231 0.008518329 0.999963701 -0.000039503 0.043397084 0.032646026 -0.000238616 0.999466896 30.889789581
0.999345899 -0.009019918 -0.035018239 -0.547224760 0.009069429 0.999958098 0.001255241 0.042539004 0.035005447 -0.001572016 0.999385893 31.651557922
0.999261737 -0.009282971 -0.037279185 -0.575014174 0.009422634 0.999949217 0.003572484 0.044818789 0.037244130 -0.003921116 0.999298513 32.401260376
0.999183178 -0.008291685 -0.039550338 -0.603726387 0.008502052 0.999950588 0.005153709 0.046285495 0.039505657 -0.005485758 0.999204278 33.149005890
0.999133825 -0.006690097 -0.041069712 -0.643220842 0.006916543 0.999961674 0.005374111 0.047687203 0.041032184 -0.005653517 0.999141812 33.867919922
0.999070108 -0.004115703 -0.042917088 -0.679269016 0.004323109 0.999979436 0.004741017 0.046869300 0.042896695 -0.004922144 0.999067307 34.599224091
0.998996854 -0.002900055 -0.044686642 -0.718653679 0.003083351 0.999987125 0.004033447 0.051064000 0.044674370 -0.004167186 0.998992980 35.298069000
0.998918533 -0.002353572 -0.046433546 -0.750131130 0.002593545 0.999983609 0.005108539 0.051072285 0.046420749 -0.005223443 0.998908341 36.005081177
0.998856604 -0.001148775 -0.047791280 -0.785332084 0.001473681 0.999976039 0.006763764 0.057564527 0.047782362 -0.006826459 0.998834431 36.693397522
0.998855293 0.001888460 -0.047795445 -0.825245559 -0.001547793 0.999973238 0.007163597 0.061140507 0.047807690 -0.007081420 0.998831451 37.373451233
0.998893619 0.005289960 -0.046729278 -0.866029263 -0.005059962 0.999974549 0.005038835 0.064370662 0.046754751 -0.004796811 0.998894870 38.030197144
0.998968542 0.006594713 -0.044926494 -0.903884709 -0.006497080 0.999976218 0.002318874 0.059066333 0.044940718 -0.002024592 0.998987556 38.683910370
0.999078453 0.007092239 -0.042329755 -0.945322633 -0.007081737 0.999974847 0.000398037 0.065671787 0.042331509 -0.000097902 0.999103665 39.320114136
0.999188662 0.008256576 -0.039416451 -0.964114010 -0.008208985 0.999965370 0.001369038 0.063613981 0.039426375 -0.001044358 0.999221921 39.970539093
0.999252081 0.013140693 -0.036369335 -0.996713579 -0.013008229 0.999907911 0.003876444 0.067195147 0.036416918 -0.003400444 0.999330878 40.600795746
0.999315381 0.017020039 -0.032850996 -1.018733144 -0.016772132 0.999828935 0.007807357 0.063808650 0.032978248 -0.007251031 0.999429762 41.224250793
0.999358356 0.022288103 -0.028036909 -1.051872134 -0.022051658 0.999718845 0.008714405 0.065698773 0.028223244 -0.008090554 0.999568880 41.817710876
0.999402404 0.026093168 -0.022669978 -1.070170045 -0.025898665 0.999625564 0.008831317 0.073135257 0.022891929 -0.008238917 0.999703944 42.414340973
0.999413192 0.029903742 -0.016708072 -1.091317773 -0.029727232 0.999500632 0.010714443 0.080416739 0.017020131 -0.010211469 0.999803007 42.979995728
0.999350190 0.034596950 -0.010109203 -1.106405616 -0.034474734 0.999333203 0.012023481 0.082178563 0.010518435 -0.011667156 0.999876618 43.531524658
0.999289513 0.037531551 -0.003481280 -1.097777486 -0.037488919 0.999229729 0.011597800 0.084160715 0.003913883 -0.011459050 0.999926686 44.074615479
0.999158263 0.040843148 0.003818989 -1.099547863 -0.040885117 0.999095917 0.011647266 0.087160438 -0.003339824 -0.011793602 0.999924898 44.585926056
0.998913765 0.045245968 0.011143110 -1.095365405 -0.045369778 0.998908401 0.011120755 0.094039232 -0.010627777 -0.011614237 0.999876082 45.082664490
0.998594642 0.049489737 0.018963158 -1.096938610 -0.049655512 0.998731315 0.008372653 0.095807761 -0.018524734 -0.009302513 0.999785125 45.546497345
0.998309255 0.051635228 0.026693279 -1.083055377 -0.051791593 0.998644412 0.005199566 0.099698693 -0.026388614 -0.006573264 0.999630094 45.995891571
0.998056889 0.051672742 0.034818675 -1.069450140 -0.051875763 0.998641193 0.004952240 0.098694772 -0.034515470 -0.006748862 0.999381363 46.403804779
0.997766256 0.051320296 0.042761482 -1.048196554 -0.051642962 0.998644531 0.006474751 0.099700481 -0.042371243 -0.008668619 0.999064267 46.816310883
0.997308373 0.052926235 0.050743096 -1.029104233 -0.053361192 0.998548925 0.007254566 0.095449626 -0.050285511 -0.009942751 0.998685360 47.191982269
0.996664882 0.055965390 0.059389606 -1.006843328 -0.056498088 0.998375833 0.007327175 0.099018455 -0.058883086 -0.010658137 0.998208046 47.552833557
0.995821536 0.060810640 0.068128332 -0.986321926 -0.061410006 0.998089910 0.006736150 0.099022537 -0.067588583 -0.010891763 0.997653782 47.876129150
0.994925737 0.064581737 0.077148870 -0.964646101 -0.065281875 0.997845113 0.006585277 0.101118296 -0.076557323 -0.011588285 0.996997893 48.180633545
0.994178593 0.064117782 0.086591214 -0.937340736 -0.065003671 0.997857273 0.007447191 0.096900105 -0.085928164 -0.013032583 0.996216059 48.462509155
0.993288934 0.062520258 0.097305216 -0.900845051 -0.063353643 0.997975945 0.005495566 0.097389907 -0.096764684 -0.011623326 0.995239437 48.737194061
0.992123485 0.061429936 0.109166428 -0.865847588 -0.061926365 0.998080075 0.001159746 0.093436539 -0.108885586 -0.007910891 0.994022787 48.993537903
0.990539134 0.062173322 0.122338340 -0.823822975 -0.062271763 0.998054683 -0.003022450 0.094300762 -0.122288257 -0.004624369 0.992483854 49.254566193
0.988425255 0.063881986 0.137602702 -0.778187275 -0.063768327 0.997951031 -0.005238736 0.092548281 -0.137655407 -0.003596595 0.990473628 49.517089844
0.985887766 0.065527029 0.154050365 -0.733150005 -0.065294467 0.997844517 -0.006574203 0.090588331 -0.154149070 -0.003577212 0.988041162 49.762783051
0.983078420 0.066070184 0.170855284 -0.677911758 -0.065693252 0.997808933 -0.007865087 0.090471596 -0.171000555 -0.003492042 0.985264719 50.028530121
0.979791522 0.065221339 0.189088956 -0.616452217 -0.064656913 0.997865498 -0.009158837 0.091058582 -0.189282700 -0.003252157 0.981917262 50.287124634
0.975948572 0.064459562 0.208252996 -0.550874710 -0.063933536 0.997911274 -0.009263098 0.081625134 -0.208415076 -0.004274044 0.978031039 50.506156921
0.971442819 0.064480498 0.228344321 -0.477993011 -0.063751832 0.997909725 -0.010573744 0.080498278 -0.228548840 -0.004285584 0.973522961 50.750278473
0.966098368 0.066646919 0.249423325 -0.403711319 -0.065501437 0.997769058 -0.012899380 0.078640163 -0.249726579 -0.003875515 0.968308508 50.995452881
0.959844530 0.067943007 0.272180468 -0.317975044 -0.066372275 0.997682393 -0.014984466 0.073913515 -0.272567779 -0.003682481 0.962129414 51.236343384
0.952546000 0.069193773 0.296425790 -0.221436501 -0.067450061 0.997592449 -0.016118361 0.068028688 -0.296827406 -0.004640456 0.954919755 51.479305267
0.943883002 0.071922362 0.322353899 -0.127707481 -0.070188247 0.997388601 -0.017015623 0.060779214 -0.322735906 -0.006564701 0.946466267 51.722602844
0.934099495 0.073733769 0.349315822 -0.016407013 -0.071971960 0.997243464 -0.018039744 0.051750004 -0.349683106 -0.008290026 0.936831355 51.961242676
0.922728062 0.074883536 0.378107846 0.099575043 -0.072927147 0.997146308 -0.019512774 0.044164240 -0.378490031 -0.009569341 0.925556004 52.212947845
0.910119295 0.073076338 0.407851338 0.233575821 -0.070343904 0.997286320 -0.021715509 0.034918427 -0.408331424 -0.008926154 0.912790060 52.426628113
0.895200968 0.070335604 0.440077394 0.380830765 -0.066362157 0.997496367 -0.024432223 0.025496125 -0.440694064 -0.007332727 0.897627354 52.649890900
0.877894282 0.069552295 0.473776519 0.540496826 -0.063472182 0.997566938 -0.028834730 0.019847870 -0.474629283 -0.004757782 0.880172849 52.873054504
0.858260870 0.071557231 0.508200526 0.708202362 -0.062963791 0.997432709 -0.034108900 0.012923598 -0.509336591 -0.002723904 0.860563040 53.101112366
0.836433887 0.073530667 0.543112874 0.889266968 -0.062533379 0.997291625 -0.038714770 0.005248308 -0.544488609 -0.001580342 0.838766754 53.324119568
0.811734438 0.076381415 0.579010427 1.085563660 -0.063548818 0.997075915 -0.042440165 -0.006503224 -0.580559015 -0.002345292 0.814214826 53.551956177
0.784243464 0.079976648 0.615277052 1.294157028 -0.066352300 0.996781290 -0.044992536 -0.026859403 -0.616895080 -0.005539942 0.787025869 53.782714844
0.754321635 0.084178180 0.651085973 1.523704529 -0.069750652 0.996408284 -0.048014253 -0.041443944 -0.652789295 -0.009195481 0.757483780 54.014160156
0.721372724 0.084973380 0.687314272 1.760635376 -0.069179349 0.996321738 -0.050568920 -0.062197447 -0.689083159 -0.011068919 0.724597692 54.212364197
0.684580207 0.082570136 0.724245965 2.042922974 -0.065632455 0.996510267 -0.051572707 -0.082335114 -0.725976884 -0.012228379 0.687610388 54.441360474
0.645453274 0.081277557 0.759462953 2.349740982 -0.062769100 0.996603310 -0.053309977 -0.099208593 -0.761216164 -0.013261712 0.648362637 54.654701233
0.602742136 0.080897018 0.793824613 2.673749924 -0.060969494 0.996608317 -0.055268839 -0.119124413 -0.795603275 -0.015086235 0.605629921 54.869308472
0.556350052 0.080785379 0.827011585 3.036563873 -0.057330668 0.996622980 -0.058785930 -0.137372851 -0.828967929 -0.014707579 0.559102774 55.084552765
0.508556545 0.079445735 0.857355595 3.428409576 -0.053930964 0.996718049 -0.060369417 -0.161253810 -0.859337866 -0.015536747 0.511172116 55.274665833
0.459591448 0.077640094 0.884730339 3.834533691 -0.052010067 0.996814787 -0.060458425 -0.182586074 -0.886606157 -0.018228708 0.462165654 55.457859039
0.409903258 0.075530805 0.908996403 4.263374329 -0.051710904 0.996887088 -0.059515335 -0.204750657 -0.910662055 -0.022609495 0.412532985 55.621421814
0.359863132 0.075347729 0.929957688 4.717206955 -0.054506518 0.996729195 -0.059665494 -0.222659349 -0.931411624 -0.029217342 0.362792969 55.776962280
0.310666710 0.075837106 0.947488844 5.178213120 -0.053071190 0.996641099 -0.062370051 -0.248795867 -0.949036241 -0.030908057 0.313647956 55.899192810
0.263729960 0.072576560 0.961862326 5.652614594 -0.041447800 0.997097075 -0.063870735 -0.275799155 -0.963705599 -0.023022452 0.265972555 55.984134674
0.219426781 0.066541404 0.973357141 6.159376144 -0.028249629 0.997686386 -0.061836228 -0.307497799 -0.975219846 -0.013928454 0.220798895 56.059013367
0.177303523 0.065550789 0.981970787 6.682558060 -0.018934095 0.997821808 -0.063190214 -0.334948421 -0.983974099 -0.007388879 0.178158522 56.118343353
0.139013886 0.066860035 0.988030851 7.210140705 -0.015537147 0.997742653 -0.065331191 -0.360821664 -0.990168512 -0.006269238 0.139738932 56.166702271
0.106228262 0.067733966 0.992032051 7.758341312 -0.006901387 0.997703373 -0.067382194 -0.395784557 -0.994317770 0.000311493 0.106451750 56.203639984
0.077464402 0.066405170 0.994781137 8.287006378 0.000544000 0.997776389 -0.066647477 -0.424149990 -0.996994972 0.005703968 0.077256024 56.209827423
0.052515127 0.064657785 0.996524692 8.858452797 0.007440756 0.997848749 -0.065135807 -0.457940400 -0.998592436 0.010835512 0.051921047 56.220008850
0.032414116 0.063936159 0.997427523 9.437986374 0.012227867 0.997851729 -0.064360753 -0.483070016 -0.999399781 0.014282606 0.031562686 56.225700378
0.016588811 0.065621324 0.997706652 10.020925522 0.014730296 0.997719705 -0.065867089 -0.515530229 -0.999753892 0.015789174 0.015584357 56.225273132
0.003082632 0.065320529 0.997859597 10.614653587 0.015587592 0.997739911 -0.065360852 -0.549644351 -0.999873757 0.015755711 0.002057476 56.217941284
-0.008542392 0.066153049 0.997772932 11.224184036 0.016286567 0.997686207 -0.066007867 -0.586360216 -0.999830902 0.015686430 -0.009600034 56.209884644
-0.017524060 0.069252707 0.997445226 11.844503403 0.021133728 0.997401237 -0.068878338 -0.619096994 -0.999623060 0.019872710 -0.018942086 56.191196442
-0.024056852 0.071005784 0.997185767 12.476512909 0.025324685 0.997197688 -0.070395686 -0.654568553 -0.999389887 0.023559920 -0.025787637 56.168376923
-0.028453512 0.070602208 0.997098625 13.133683205 0.026109098 0.997214675 -0.069865368 -0.690672576 -0.999254048 0.024045432 -0.030217627 56.140441895
-0.032246366 0.067823306 0.997176051 13.792787552 0.023688830 0.997466505 -0.067077018 -0.727250576 -0.999199212 0.021458942 -0.033771329 56.128688812
-0.034672610 0.060950339 0.997538328 14.471801758 0.021925196 0.997944653 -0.060213093 -0.765017033 -0.999158144 0.019783475 -0.035937700 56.110820770
-0.036085885 0.055272684 0.997818947 15.157330513 0.022962617 0.998251498 -0.054466203 -0.802192986 -0.999084890 0.020947071 -0.037291996 56.088081360
-0.036438528 0.052734811 0.997943461 15.860324860 0.025525577 0.998329997 -0.051823199 -0.835522354 -0.999009848 0.023584720 -0.037723757 56.049922943
-0.036193870 0.054902852 0.997835517 16.550331116 0.028798975 0.998132348 -0.053874575 -0.874188304 -0.998929679 0.026786711 -0.037707422 56.021453857
-0.035459429 0.062277518 0.997428775 17.251264572 0.029774651 0.997679114 -0.061234638 -0.906317472 -0.998927414 0.027526749 -0.037231430 56.002902985
-0.033353593 0.070397750 0.996961117 17.955663681 0.030474989 0.997124076 -0.069389693 -0.941340446 -0.998978794 0.028067991 -0.035403043 55.981010437
-0.031031124 0.071107119 0.996985912 18.687656403 0.031192431 0.997049332 -0.070140779 -0.979378819 -0.999031603 0.028921872 -0.033157568 55.957557678
-0.028926589 0.066863328 0.997342885 19.443010330 0.030327076 0.997359633 -0.065984875 -1.021264434 -0.999121368 0.028337773 -0.030877983 55.933517456
-0.026538040 0.060515560 0.997814476 20.185697556 0.029789392 0.997770607 -0.059720628 -1.064262509 -0.999203861 0.028139422 -0.028281599 55.919101715
-0.023536108 0.058656503 0.998000801 20.924011230 0.028253023 0.997917593 -0.057985321 -1.110696077 -0.999323666 0.026831795 -0.025144320 55.906726837
-0.020261277 0.063946813 0.997747660 21.646472931 0.035668619 0.997363329 -0.063197859 -1.154787898 -0.999158263 0.034307811 -0.022488752 55.884845734
-0.017086074 0.069644287 0.997425616 22.375886917 0.037544068 0.996912360 -0.068965316 -1.196069360 -0.999148846 0.036269065 -0.019648051 55.870708466
-0.014511822 0.070173293 0.997429371 23.143785477 0.031407762 0.997074008 -0.069691345 -1.240519762 -0.999401391 0.030315677 -0.016673343 55.863697052
-0.011310074 0.066652998 0.997712195 23.887712479 0.027033212 0.997431636 -0.066327810 -1.284091592 -0.999570549 0.026221190 -0.013082871 55.868164062
-0.006455400 0.063058220 0.997988999 24.632154465 0.031301424 0.997533381 -0.062826976 -1.332708597 -0.999489129 0.030832903 -0.008413289 55.857341766
-0.002900782 0.064014763 0.997944832 25.370700836 0.035841927 0.997314394 -0.063870147 -1.381707311 -0.999353230 0.035582986 -0.005187404 55.848949432
-0.000371097 0.068625562 0.997642457 26.107576370 0.035496261 0.997014701 -0.068569176 -1.425430894 -0.999369681 0.035387136 -0.002805940 55.861652374
0.003679978 0.069284283 0.997590184 26.873844147 0.031788874 0.997084618 -0.069366433 -1.474602818 -0.999487817 0.031967536 0.001466780 55.862735748
0.007198486 0.068888955 0.997598350 27.619029999 0.031303484 0.997119784 -0.069081783 -1.518943310 -0.999484003 0.031725597 0.005021289 55.874134064
0.010961620 0.065621801 0.997784376 28.369186401 0.035099991 0.997204125 -0.065969251 -1.569807887 -0.999323606 0.035745353 0.008627648 55.878471375
0.014714585 0.066297710 0.997691333 29.119703293 0.039840609 0.996968210 -0.066837244 -1.616451740 -0.999097764 0.040732119 0.012028632 55.883464813
0.018032024 0.066989973 0.997590840 29.874538422 0.042587690 0.996795952 -0.067706406 -1.667531013 -0.998929918 0.043705970 0.015121300 55.894088745
0.020949859 0.066988871 0.997533798 30.621480942 0.043205958 0.996759951 -0.067844316 -1.711926460 -0.998846471 0.044520728 0.017987661 55.908611298
0.024384836 0.065522693 0.997553110 31.373851776 0.044477418 0.996790707 -0.066559829 -1.758284807 -0.998712659 0.045991629 0.021392293 55.930133820
0.028088057 0.064785175 0.997503936 32.122798920 0.046293754 0.996742666 -0.066039279 -1.804868937 -0.998532832 0.048033115 0.024997411 55.948440552
0.030737679 0.064919658 0.997416914 32.870326996 0.044835072 0.996794522 -0.066260822 -1.852455854 -0.998521328 0.046755970 0.027728472 55.982452393
0.033840887 0.066628397 0.997203827 33.642684937 0.041628014 0.996815383 -0.068015121 -1.900261641 -0.998559892 0.043813311 0.030959509 56.006202698
0.036893636 0.066320263 0.997116029 34.395790100 0.043652616 0.996735930 -0.067910157 -1.950330019 -0.998365283 0.046032175 0.033878163 56.029972076
0.039865717 0.066207446 0.997009218 35.161247253 0.041431945 0.996834576 -0.067852527 -1.992491484 -0.998345613 0.044013020 0.036996420 56.061798096
0.041756615 0.066557392 0.996908486 35.921092987 0.039743364 0.996878386 -0.068220086 -2.041220427 -0.998337090 0.042469136 0.038981050 56.109184265
0.044325344 0.066378824 0.996809542 36.692558289 0.036237169 0.997026682 -0.068004653 -2.097580194 -0.998359740 0.039135884 0.041788176 56.155162811
0.047437161 0.068441212 0.996526778 37.450748444 0.035011057 0.996922851 -0.070135042 -2.144682407 -0.998260438 0.038216464 0.044894993 56.197864532
0.050755806 0.072012745 0.996111393 38.215244293 0.033670373 0.996706605 -0.073771402 -2.195023060 -0.998143315 0.037283778 0.048163950 56.233409882
0.054277029 0.074502267 0.995742619 38.985809326 0.033951350 0.996498287 -0.076409459 -2.242811680 -0.997948587 0.037954088 0.051557507 56.276439667
0.056983203 0.076625168 0.995430291 39.755084991 0.027649779 0.996546745 -0.078293934 -2.296855927 -0.997992158 0.031984877 0.054667760 56.336120605
0.059320733 0.075724356 0.995362699 40.525985718 0.024138341 0.996718168 -0.077266052 -2.351197004 -0.997947097 0.028609881 0.057298195 56.397613525
0.062923327 0.076440156 0.995086670 41.296501160 0.026039997 0.996597350 -0.078202814 -2.406432390 -0.997678578 0.030832838 0.060718715 56.451908112
0.067148760 0.077613875 0.994719625 42.075111389 0.026089249 0.996492326 -0.079513364 -2.457941532 -0.997401774 0.031290714 0.064888343 56.499046326
0.070422724 0.078146264 0.994451523 42.877265930 0.021016037 0.996589065 -0.079802513 -2.527403831 -0.997295856 0.026519338 0.068540193 56.577217102
0.075001426 0.076256782 0.994263411 43.674163818 0.020230697 0.996750057 -0.077973582 -2.579909325 -0.996978164 0.025962772 0.073214956 56.637306213
0.079499841 0.076269098 0.993912876 44.474632263 0.020513011 0.996732414 -0.078126229 -2.641704559 -0.996623933 0.026599169 0.077675536 56.708278656
0.084708512 0.079755366 0.993208706 45.265689850 0.017214114 0.996525407 -0.081489861 -2.701819420 -0.996257126 0.024000091 0.083041281 56.787452698
0.090167798 0.088500671 0.991986632 46.059387207 0.014689840 0.995817363 -0.090177670 -2.761066198 -0.995818317 0.022703247 0.088490598 56.881095886
0.097800508 0.093079798 0.990843713 46.859973907 0.013784710 0.995394528 -0.094867893 -2.828276873 -0.995110631 0.022936622 0.096067011 56.953178406
0.104984500 0.096095197 0.989820182 47.654071808 0.008811083 0.995191514 -0.097551219 -2.901018143 -0.994434774 0.018962754 0.103633001 57.040321350
0.111951001 0.094410017 0.989218712 48.465900421 0.005076050 0.995409369 -0.095575280 -2.971659184 -0.993700743 0.015721075 0.110957831 57.146221161
0.119115092 0.092668071 0.988546431 49.270324707 0.004978672 0.995566785 -0.093926072 -3.043613195 -0.992867947 0.016109664 0.118125677 57.256080627
0.126592740 0.089143045 0.987941146 50.091098785 0.004564538 0.995890975 -0.090445250 -3.112698555 -0.991944253 0.015959209 0.125665680 57.367885590
0.134229049 0.083560422 0.987420976 50.910820007 0.002789601 0.996402562 -0.084699713 -3.182070017 -0.990946352 0.014123671 0.133513078 57.483169556
0.140831545 0.075677745 0.987136960 51.729103088 0.000057539 0.997073650 -0.076447748 -3.254571915 -0.990033567 0.010823051 0.140415058 57.616874695
0.148845762 0.073494449 0.986125529 52.536209106 0.000141313 0.997232616 -0.074343577 -3.310034752 -0.988860428 0.011205081 0.148423433 57.733394623
0.156187907 0.075455204 0.984841049 53.336162567 -0.000137267 0.997079432 -0.076371104 -3.369757175 -0.987727284 0.011793057 0.155742109 57.863170624
0.161848411 0.082001686 0.983402729 54.123962402 0.000345679 0.996536672 -0.083153769 -3.430406094 -0.986815572 0.013798247 0.161259517 57.999988556
0.166843414 0.086099543 0.982216954 54.907173157 -0.001273270 0.996197999 -0.087108821 -3.484428644 -0.985982537 0.013282905 0.166318670 58.142360687
0.171731785 0.088832356 0.981130421 55.667945862 -0.002727347 0.995965302 -0.089698128 -3.555372000 -0.985139966 0.012728134 0.171281159 58.282150269
0.177219316 0.087792791 0.980247855 56.436786652 -0.005092082 0.996081769 -0.088290319 -3.626469374 -0.984158218 0.010655248 0.176971957 58.424030304
0.182630926 0.085248627 0.979478717 57.206558228 -0.000977828 0.996249080 -0.086525902 -3.688129902 -0.983181059 0.014844547 0.182029262 58.565551758
0.187168851 0.078799002 0.979162037 57.969272614 -0.000028688 0.996777892 -0.080211163 -3.743598938 -0.982327759 0.014984942 0.186568022 58.713287354
0.190399438 0.072531581 0.979023576 58.716464996 -0.001756802 0.997290492 -0.073543228 -3.804272652 -0.981705189 0.012282639 0.190010965 58.864341736
0.193686336 0.069238752 0.978617191 59.454372406 -0.005651592 0.997568667 -0.069461048 -3.860951424 -0.981047213 0.007922907 0.193606704 59.021995544
0.196684644 0.069402888 0.978007317 60.185707092 -0.007584454 0.997569382 -0.069265768 -3.915341139 -0.980437517 0.006205865 0.196732968 59.176849365
0.198617607 0.071233697 0.977484941 60.917114258 -0.009451468 0.997447968 -0.070768036 -3.970738888 -0.980031431 0.004817110 0.198784009 59.336952209
0.200469643 0.075493462 0.976786852 61.618659973 -0.013325426 0.997144461 -0.074332006 -4.022536278 -0.979609251 0.001885212 0.200903207 59.484001160
0.202584729 0.079568259 0.976026773 62.310943604 -0.014305724 0.996827543 -0.078294694 -4.075313568 -0.979160249 0.001898537 0.203080326 59.634391785
0.204432935 0.085146978 0.975170314 62.991779327 -0.015183232 0.996365666 -0.083814666 -4.128433228 -0.978762805 0.002328240 0.204982758 59.786430359
0.206024647 0.087149926 0.974658191 63.667037964 -0.014631237 0.996189177 -0.085982352 -4.181934834 -0.978437424 0.003454029 0.206514642 59.934097290
0.207302660 0.086822718 0.974416375 64.334960938 -0.017147560 0.996223330 -0.085117683 -4.241433144 -0.978126585 0.000936258 0.208008528 60.086654663
0.208232030 0.083835483 0.974479854 65.008438110 -0.016567657 0.996479154 -0.082187831 -4.298033714 -0.977939188 0.000969291 0.208887830 60.230480194
0.208547071 0.081550479 0.974606395 65.665702820 -0.016961338 0.996669233 -0.079767197 -4.353604794 -0.977865338 0.000104588 0.209235638 60.385551453
0.208579972 0.080127165 0.974717438 66.311233521 -0.015418064 0.996783614 -0.078641817 -4.404001236 -0.977883756 0.001374850 0.209144488 60.522651672
0.207046062 0.079618089 0.975086153 66.947715759 -0.015635312 0.996824920 -0.078073181 -4.452044010 -0.978206217 0.000918967 0.207633555 60.660430908
0.205249324 0.080305561 0.975409508 67.571441650 -0.016987108 0.996770144 -0.078489691 -4.506466389 -0.978562176 -0.000459431 0.205950558 60.797779083
0.203110367 0.082986400 0.975632846 68.181129456 -0.017691612 0.996550381 -0.081082538 -4.558712006 -0.978996038 -0.000791817 0.203877836 60.928611755
0.200902417 0.086646535 0.975771844 68.782714844 -0.015717601 0.996237457 -0.085227765 -4.610091209 -0.979485095 0.001785665 0.201508373 61.054756165
0.199342012 0.087395817 0.976024985 69.393356323 -0.013049060 0.996163368 -0.086533949 -4.658115387 -0.979843140 0.004513639 0.199717656 61.182174683
0.197007686 0.086396694 0.976587713 69.990432739 -0.014839130 0.996258140 -0.085143387 -4.709703445 -0.980289578 0.002282192 0.197552577 61.302539825
0.194566056 0.083399631 0.977337480 70.548965454 -0.014618649 0.996514738 -0.082125850 -4.751173973 -0.980780423 0.001691549 0.195107117 61.415840149
0.192342728 0.079234339 0.978123784 71.126052856 -0.014194191 0.996855438 -0.077960499 -4.804222107 -0.981225133 0.001111459 0.192862526 61.532978058
0.190758005 0.078467064 0.978495955 71.686859131 -0.010808709 0.996907532 -0.077836365 -4.851914883 -0.981577575 0.004271633 0.191016227 61.634708405
0.188772857 0.079764180 0.978776038 72.239974976 -0.007276691 0.996782124 -0.079828151 -4.899036407 -0.981993735 0.007947135 0.188745812 61.744091034
0.186138541 0.081879504 0.979105830 72.787681580 -0.003079564 0.996565223 -0.082754128 -4.938622952 -0.982518613 0.012388513 0.185751349 61.846397400
0.184456214 0.083729304 0.979267836 73.330581665 -0.003865352 0.996418715 -0.084467694 -4.979850292 -0.982833147 0.011795372 0.184119299 61.946815491
0.183487475 0.086584166 0.979201496 73.874694824 -0.004048167 0.996171534 -0.087326169 -5.020382881 -0.983013749 0.012059283 0.183135495 62.042549133
0.182199374 0.084975615 0.979582846 74.440109253 -0.002548760 0.996296048 -0.085951373 -5.066771984 -0.983258247 0.013163564 0.181741118 62.146995544
0.183001965 0.083446406 0.979564786 74.987854004 0.003573713 0.996328175 -0.085542075 -5.109295845 -0.983106017 0.019155048 0.182031780 62.238494873
0.185027197 0.081580520 0.979341388 75.544258118 0.008569240 0.996376514 -0.084618568 -5.149731159 -0.982696056 0.024048947 0.183657706 62.340347290
0.187160000 0.081108071 0.978975415 76.096984863 0.011371136 0.996339858 -0.084720656 -5.188354492 -0.982263625 0.026988378 0.185552686 62.443206787
0.190455064 0.080617398 0.978380144 76.650382996 0.008601057 0.996447086 -0.083780408 -5.241013527 -0.981658220 0.024371507 0.189085022 62.556999207
0.195537925 0.081273541 0.977322698 77.207237244 0.006965686 0.996419847 -0.084255323 -5.288467884 -0.980671525 0.023282833 0.194271758 62.683990479
0.202189744 0.080303378 0.976048470 77.760124207 0.008531704 0.996450305 -0.083749264 -5.327502728 -0.979309201 0.025260599 0.200786889 62.797264099
0.209851354 0.080878355 0.974382401 78.340347290 0.006631934 0.996432126 -0.084136896 -5.366228104 -0.977710843 0.024118284 0.208566278 62.927253723
0.218151093 0.078616902 0.972743332 78.894973755 0.006907993 0.996600568 -0.082094267 -5.409559250 -0.975890577 0.024628658 0.216866463 63.062110901
0.226919457 0.078354090 0.970756531 79.488166809 0.003370306 0.996689260 -0.081235081 -5.455782890 -0.973907709 0.021705568 0.225904107 63.213615417
0.236242235 0.078309357 0.968533576 80.066421509 0.002132697 0.996703088 -0.081107169 -5.498677731 -0.971691787 0.021226531 0.235296369 63.369010925
0.245729461 0.081948616 0.965868235 80.655525208 -0.002953761 0.996478856 -0.083794273 -5.542183876 -0.969333887 0.017737780 0.245106250 63.536956787
0.255229831 0.084124304 0.963213861 81.258697510 -0.006444925 0.996333659 -0.085309148 -5.588660240 -0.966858983 0.015565598 0.254836231 63.713867188
0.266148329 0.087027259 0.959995508 81.863960266 -0.010281879 0.996115625 -0.087451153 -5.632899761 -0.963877320 0.013404422 0.266009331 63.894477844
0.276691198 0.088426419 0.956881881 82.476791382 -0.010835433 0.995981038 -0.088906460 -5.680111408 -0.960897803 0.014231406 0.276537299 64.078567505
0.286190897 0.089633577 0.953970969 83.105552673 -0.015016413 0.995912194 -0.089069389 -5.736219406 -0.958054960 0.011165624 0.286367029 64.289955139
0.296403110 0.089573078 0.950853288 83.751075745 -0.015014285 0.995906174 -0.089136876 -5.785092831 -0.954944909 0.012144066 0.296534568 64.510322571
0.307102650 0.090665445 0.947347760 84.373847961 -0.019746922 0.995844305 -0.088905394 -5.834477901 -0.951471627 0.008595882 0.307616740 64.698936462
0.317381591 0.085947230 0.944395065 85.028503418 -0.018957790 0.996260405 -0.084296271 -5.880384445 -0.948108435 0.008850439 0.317824095 64.930976868
0.327945292 0.078791633 0.941405237 85.698463440 -0.015329073 0.996828496 -0.078090325 -5.933107376 -0.944572389 0.011178488 0.328112930 65.172653198
0.338697046 0.074387662 0.937950313 86.357231140 -0.014030482 0.997158349 -0.074016921 -5.988361835 -0.940790892 0.011909417 0.338778257 65.414283752
0.349258572 0.071293510 0.934310317 87.035942078 -0.014845625 0.997397184 -0.070557937 -6.033041954 -0.936908782 0.010772545 0.349407911 65.672256470
0.358347028 0.069422573 0.931003749 87.716537476 -0.009481527 0.997450531 -0.070727892 -6.073476791 -0.933540344 0.016517790 0.358091682 65.947593689
0.367580414 0.063511670 0.927820444 88.434570312 -0.002329427 0.997725010 -0.067373954 -6.114964962 -0.929988801 0.022604056 0.366892099 66.216018677
0.374555677 0.054050032 0.925627649 89.153335571 0.007751705 0.998082042 -0.061417576 -6.153179169 -0.927172005 0.030179493 0.373418301 66.497657776
0.381080747 0.050311483 0.923171759 89.846405029 0.011884600 0.998169124 -0.059304632 -6.196201801 -0.924465358 0.033571385 0.379785091 66.791625977
0.389055878 0.049394865 0.919888914 90.572555542 0.014901645 0.998093247 -0.059896644 -6.251140594 -0.921093643 0.037011001 0.387577981 67.088432312
0.396259010 0.055987194 0.916430116 91.253684998 0.016871279 0.997526467 -0.068236634 -6.284954548 -0.917983651 0.042500734 0.394334316 67.385437012
0.403813571 0.059714179 0.912890375 92.000457764 0.021310220 0.996982694 -0.074641354 -6.331654549 -0.914593220 0.049595073 0.401322573 67.701210022
0.409077853 0.061966829 0.910393059 92.704833984 0.019600332 0.996864557 -0.076659866 -6.381753922 -0.912289023 0.049203854 0.406580657 68.023765564
0.413620204 0.063459300 0.908235192 93.400161743 0.012568970 0.997074902 -0.075390652 -6.437097549 -0.910362840 0.042598683 0.411612719 68.351318359
0.417448372 0.067170516 0.906214654 94.088722229 0.005778279 0.997047782 -0.076565027 -6.495538712 -0.908682287 0.037198309 0.415827841 68.688873291
0.421510339 0.070078202 0.904111803 94.756011963 0.004724710 0.996826172 -0.079467289 -6.558365822 -0.906811297 0.037767950 0.419841498 69.006195068
0.425230563 0.074390128 0.902022719 95.419799805 0.001030684 0.996576071 -0.082673863 -6.617854118 -0.905084491 0.036085159 0.423697978 69.332244873
0.429286897 0.077233329 0.899859905 96.091995239 -0.001455748 0.996394992 -0.084824294 -6.673058510 -0.903167009 0.035103980 0.427851617 69.641189575
0.433194876 0.075861171 0.898102105 96.753929138 -0.002641814 0.996554077 -0.082903013 -6.730896950 -0.901296437 0.033540536 0.431902498 69.969680786
0.437102169 0.072633892 0.896474183 97.402565002 -0.001781778 0.996801913 -0.079893850 -6.792298317 -0.899410129 0.033324458 0.435833573 70.291244507
0.440908432 0.069775261 0.894835830 98.050209045 -0.001949146 0.997045755 -0.076784760 -6.848915577 -0.897549987 0.032110866 0.439741880 70.608314514
0.444485247 0.068976834 0.893126607 98.668853760 -0.003000277 0.997140050 -0.075516723 -6.902618408 -0.895781100 0.030886436 0.443420917 70.923439026
0.447604895 0.070808046 0.891423702 99.286315918 -0.005276014 0.997051835 -0.076549165 -6.956034660 -0.894215882 0.029560611 0.446658820 71.246398926
0.450474441 0.071389794 0.889930546 99.893913269 -0.004250183 0.996957958 -0.077824086 -7.004455566 -0.892779231 0.031275392 0.449407429 71.552497864
0.452697039 0.069292605 0.888967812 100.502410889 -0.002025100 0.997053206 -0.076686293 -7.060939789 -0.891662061 0.032915413 0.451503396 71.862915039
0.454501688 0.068324149 0.888121605 101.098068237 0.000011310 0.997053385 -0.076710172 -7.106884003 -0.890745878 0.034874950 0.453161687 72.167106628
0.456379890 0.068048753 0.887179136 101.677658081 -0.001001251 0.997109771 -0.075965658 -7.156998634 -0.889784396 0.033780903 0.455129027 72.468734741
0.458396763 0.067601979 0.886172891 102.250877380 0.000294649 0.997091293 -0.076215848 -7.204227924 -0.888747692 0.035198204 0.457043529 72.764709473
0.460942090 0.069238521 0.884724975 102.813255310 -0.000398601 0.996967733 -0.077814966 -7.254659653 -0.887430072 0.035515539 0.459571987 73.062599182
0.464062065 0.068987072 0.883112192 103.367149353 0.003129698 0.996828735 -0.079515003 -7.299053192 -0.885797143 0.039663769 0.462374479 73.346794128
0.466965884 0.068577088 0.881612122 103.918312073 0.004698969 0.996781826 -0.080024593 -7.345996857 -0.884262860 0.041511428 0.465140879 73.645019531
0.470014155 0.066684768 0.880136251 104.459983826 0.007906961 0.996783912 -0.079745255 -7.393485069 -0.882623434 0.044440608 0.467975289 73.936714172
0.473292649 0.065767571 0.878446758 104.991249084 0.009657417 0.996761858 -0.079828851 -7.436121941 -0.880852282 0.046265937 0.471124887 74.224601746
0.476510137 0.065098651 0.876755595 105.508323669 0.010459606 0.996764421 -0.079693981 -7.486921787 -0.879106700 0.047145497 0.474287450 74.507049561
0.479962319 0.064265251 0.874932051 106.022781372 0.011043032 0.996791720 -0.079273947 -7.534862995 -0.877219558 0.047710415 0.477712810 74.794296265
0.483348727 0.064048894 0.873081803 106.524116516 0.012376620 0.996720374 -0.079970822 -7.577461243 -0.875340402 0.049459595 0.480970830 75.068794250
0.487329006 0.065296143 0.870773613 107.029205322 0.011942997 0.996608675 -0.081415944 -7.622262001 -0.873136759 0.050076000 0.484896511 75.359733582
0.491427630 0.065229967 0.868472159 107.520896912 0.014201161 0.996458411 -0.082878642 -7.670736313 -0.870802522 0.053062171 0.488760889 75.640701294
0.495853424 0.068574116 0.865694404 108.022918701 0.011923286 0.996245742 -0.085744888 -7.724322319 -0.868324280 0.052838825 0.493174255 75.948036194
0.501339972 0.074565113 0.862031460 108.508880615 0.008564981 0.995803297 -0.091117501 -7.768703938 -0.865207970 0.053064130 0.498597264 76.240638733
0.507239997 0.081569009 0.857935846 108.991065979 0.003089797 0.995332181 -0.096458860 -7.820139885 -0.861799300 0.051578641 0.504620254 76.537994385
0.512953818 0.087819941 0.853912234 109.468833923 -0.002023167 0.994874120 -0.101101719 -7.870363235 -0.858413815 0.050132904 0.510502100 76.847549438
0.519375324 0.092259750 0.849551201 109.948844910 -0.005632902 0.994502902 -0.104557544 -7.922793388 -0.854527593 0.049519178 0.517039955 77.163093567
0.525228977 0.092536472 0.845914543 110.433174133 -0.009609154 0.994651496 -0.102840796 -7.970774174 -0.850906730 0.045886446 0.523308933 77.462951660
0.530350149 0.091840401 0.842789352 110.927398682 -0.016472539 0.995043516 -0.098066010 -8.024478912 -0.847618639 0.038126446 0.529234529 77.797851562
0.536200464 0.089282446 0.839355528 111.428794861 -0.022504257 0.995548904 -0.091520526 -8.076171875 -0.843790710 0.030184278 0.535823107 78.138069153
0.541791320 0.087814070 0.835913181 111.930541992 -0.029142424 0.995891869 -0.085731670 -8.129467010 -0.840007663 0.022088133 0.542124808 78.487335205
0.547878623 0.085660763 0.832160532 112.440155029 -0.031688273 0.996154785 -0.081679016 -8.180792809 -0.835957348 0.018380459 0.548486471 78.838478088
0.554065883 0.089297861 0.827669501 112.952003479 -0.036539033 0.995880604 -0.082985997 -8.226082802 -0.831670523 0.015737470 0.555046499 79.202407837
0.559532583 0.093243442 0.823546648 113.466178894 -0.040943362 0.995547891 -0.084900074 -8.278577805 -0.827796340 0.013785606 0.560859144 79.585166931
0.566065550 0.096577927 0.818683386 114.005477905 -0.043522876 0.995229840 -0.087311439 -8.322798729 -0.823210537 0.013792547 0.567568660 79.962471008
0.572582066 0.098756924 0.813877642 114.541664124 -0.045768149 0.995020688 -0.088538066 -8.368753433 -0.818569064 0.013445641 0.574250877 80.350273132
